Device: Gyroscope
===============================
  Time  Rotation   Tilt   D-RPM
------- -------- ------- ------
  0.00,    0.6,   -0.75, 260.6
  0.02,    1.2,   -0.88, 260.6
  0.04,    1.8,   -1.00, 260.6
  0.06,    2.4,   -1.13, 260.6
  0.08,    3.2,   -1.25, 260.6
  0.10,    3.8,   -1.50, 260.6
  0.12,    4.6,   -1.50, 260.6
  0.14,    5.2,   -1.63, 260.6
  0.16,    6.0,   -1.63, 260.6
  0.18,    6.6,   -1.63, 260.6
  0.20,    7.3,   -1.75, 260.6
  0.22,    8.0,   -1.75, 260.6
  0.24,    8.8,   -1.75, 260.6
  0.26,    9.4,   -1.88, 260.6
  0.28,   10.2,   -1.88, 260.6
  0.30,   10.8,   -2.00, 260.6
  0.32,   11.6,   -2.00, 260.6
  0.34,   12.4,   -2.00, 260.6
  0.36,   13.2,   -1.88, 260.6
  0.38,   13.8,   -1.88, 260.6
  0.40,   14.6,   -1.88, 260.6
  0.42,   15.2,   -1.75, 260.6
  0.44,   16.0,   -1.88, 260.6
  0.46,   16.6,   -1.75, 260.6
  0.48,   17.4,   -1.63, 260.6
  0.50,   18.0,   -1.50, 260.6
  0.52,   18.7,   -1.50, 260.6
  0.54,   19.3,   -1.50, 260.6
  0.56,   20.0,   -1.25, 260.6
  0.58,   20.6,   -1.00, 260.6
  0.60,   21.4,   -1.13, 260.6
  0.62,   22.0,   -1.00, 260.6
  0.64,   22.6,   -0.88, 260.6
  0.66,   23.2,   -0.88, 260.6
  0.68,   23.8,   -0.88, 260.6
  0.70,   24.4,   -0.50, 260.6
  0.72,   24.8,   -0.50, 260.6
  0.74,   25.4,   -0.38, 260.6
  0.76,   26.0,   -0.25, 260.6
  0.78,   26.4,   -0.25, 260.6
  0.80,   27.0,   -0.13, 260.6
  0.82,   27.6,    0.00, 260.6
  0.84,   28.0,   -0.13, 260.6
  0.86,   28.6,    0.13, 260.6
  0.88,   29.2,   -0.13, 260.6
  0.90,   29.6,    0.13, 260.6
  0.92,   30.0,    0.00, 260.6
  0.94,   30.5,    0.00, 260.6
  0.96,   31.0,    0.13, 260.6
  0.98,   31.5,    0.13, 260.6
  1.00,   32.0,    0.00, 260.6
  1.02,   32.4,    0.25, 260.6
  1.04,   32.9,    0.13, 260.6
  1.06,   33.5,    0.00, 260.6
  1.08,   34.0,    0.00, 260.6
  1.10,   34.5,   -0.13, 260.6
  1.12,   35.0,   -0.38, 260.6
  1.14,   35.6,   -0.38, 260.6
  1.16,   36.0,   -0.50, 260.6
  1.18,   36.6,   -0.50, 260.6
  1.20,   37.2,   -0.63, 260.6
  1.22,   37.6,   -0.50, 260.6
  1.24,   38.2,   -0.63, 260.6
  1.26,   38.8,   -0.75, 260.6
  1.28,   39.4,   -1.00, 260.6
  1.30,   40.0,   -1.13, 260.6
  1.32,   40.6,   -1.25, 260.6
  1.34,   41.2,   -1.25, 260.6
  1.36,   41.8,   -1.50, 260.6
  1.38,   42.4,   -1.63, 260.6
  1.40,   43.2,   -1.88, 260.6
  1.42,   43.8,   -1.88, 260.6
  1.44,   44.4,   -1.88, 260.6
  1.46,   45.2,   -1.88, 260.6
  1.48,   45.8,   -1.88, 260.6
  1.50,   46.4,   -1.88, 260.6
  1.52,   47.2,   -2.00, 260.6
  1.54,   48.0,   -2.13, 260.6
  1.56,   48.6,   -2.25, 260.6
  1.58,   49.4,   -2.38, 260.6
  1.60,   50.2,   -2.38, 260.6
  1.62,   50.8,   -2.50, 260.6
  1.64,   51.5,   -2.50, 260.6
  1.66,   52.1,   -2.38, 260.6
  1.68,   52.9,   -2.38, 260.6
  1.70,   53.5,   -2.13, 260.6
  1.72,   54.3,   -2.13, 260.6
  1.74,   55.0,   -2.13, 260.6
  1.76,   55.7,   -2.38, 260.6
  1.78,   56.5,   -2.25, 260.6
  1.80,   57.1,   -2.13, 260.6
  1.82,   57.9,   -2.00, 260.6
  1.84,   58.5,   -2.13, 260.6
  1.86,   59.2,   -2.00, 260.6
  1.88,   59.9,   -1.88, 260.6
  1.90,   60.5,   -1.63, 260.6
  1.92,   61.1,   -1.63, 260.6
  1.94,   61.7,   -1.50, 260.6
  1.96,   62.3,   -1.38, 260.6
  1.98,   63.0,   -1.13, 260.6
  2.00,   63.7,   -1.13, 260.6
  2.02,   64.3,   -1.13, 260.6
  2.04,   64.9,   -1.13, 260.6
  2.06,   65.5,   -1.13, 260.6
  2.08,   66.1,   -1.00, 260.6
  2.10,   66.5,   -0.88, 260.6
  2.12,   67.1,   -1.00, 260.6
  2.14,   67.7,   -0.75, 260.6
  2.16,   68.1,   -0.63, 260.6
  2.18,   68.7,   -0.63, 260.6
  2.20,   69.1,   -0.50, 260.6
  2.22,   69.7,   -0.38, 260.6
  2.24,   70.2,   -0.63, 260.6
  2.26,   70.7,   -0.38, 260.6
  2.28,   71.3,   -0.63, 260.6
  2.30,   71.6,   -0.38, 260.6
  2.32,   72.2,   -0.50, 260.6
  2.34,   72.6,   -0.63, 260.6
  2.36,   73.2,   -0.63, 260.6
  2.38,   73.6,   -0.50, 260.6
  2.40,   74.0,   -0.50, 260.6
  2.42,   74.4,   -0.63, 260.4
  2.44,   75.0,   -0.50, 260.4
  2.46,   75.5,   -0.75, 260.4
  2.48,   76.0,   -1.00, 260.4
  2.50,   76.6,   -0.88, 260.4
  2.52,   77.2,   -1.00, 260.4
  2.54,   77.8,   -1.25, 260.4
  2.56,   78.3,   -1.50, 260.4
  2.58,   78.8,   -1.38, 260.4
  2.60,   79.4,   -1.50, 260.4
  2.62,   80.0,   -1.50, 260.4
  2.64,   80.6,   -1.63, 260.4
  2.66,   81.2,   -1.75, 260.4
  2.68,   81.8,   -1.88, 260.4
  2.70,   82.5,   -2.00, 260.4
  2.72,   83.2,   -2.13, 260.4
  2.74,   83.8,   -2.13, 260.4
  2.76,   84.6,   -2.25, 260.4
  2.78,   85.2,   -2.38, 260.4
  2.80,   85.8,   -2.38, 260.4
  2.82,   86.5,   -2.63, 260.4
  2.84,   87.3,   -2.88, 260.4
  2.86,   87.9,   -2.88, 260.4
  2.88,   88.5,   -2.88, 260.4
  2.90,   89.3,   -2.88, 260.4
  2.92,   90.1,   -2.88, 260.4
  2.94,   90.7,   -2.88, 260.4
  2.96,   91.5,   -2.88, 260.4
  2.98,   92.3,   -2.75, 260.4
  3.00,   92.9,   -2.88, 260.4
  3.02,   93.7,   -2.88, 260.4
  3.04,   94.5,   -3.00, 260.4
  3.06,   95.3,   -3.00, 260.4
  3.08,   95.9,   -3.00, 260.4
  3.10,   96.5,   -2.88, 260.4
  3.12,   97.3,   -2.75, 260.4
  3.14,   98.1,   -2.50, 260.4
  3.16,   98.7,   -2.63, 260.4
  3.18,   99.3,   -2.63, 260.4
  3.20,   99.9,   -2.63, 260.4
  3.22,  100.7,   -2.38, 260.4
  3.24,  101.3,   -2.38, 260.4
  3.26,  101.9,   -2.25, 260.4
  3.28,  102.7,   -2.13, 260.4
  3.30,  103.3,   -1.88, 260.4
  3.32,  103.9,   -2.00, 260.4
  3.34,  104.5,   -2.00, 260.4
  3.36,  105.1,   -1.88, 260.4
  3.38,  105.7,   -1.50, 260.4
  3.40,  106.3,   -1.75, 260.4
  3.42,  106.9,   -1.63, 260.4
  3.44,  107.5,   -1.50, 260.4
  3.46,  108.0,   -1.50, 260.4
  3.48,  108.7,   -1.38, 260.4
  3.50,  109.1,   -1.00, 260.4
  3.52,  109.7,   -1.25, 260.4
  3.54,  110.3,   -1.13, 260.4
  3.56,  110.7,   -1.13, 260.4
  3.58,  111.3,   -1.25, 260.4
  3.60,  111.9,   -1.13, 260.4
  3.62,  112.3,   -1.00, 260.4
  3.64,  112.8,   -1.25, 260.4
  3.66,  113.4,   -1.13, 260.4
  3.68,  113.9,   -1.13, 260.4
  3.70,  114.3,   -1.25, 260.4
  3.72,  115.0,   -1.13, 260.4
  3.74,  115.5,   -1.00, 260.4
  3.76,  116.0,   -1.25, 260.4
  3.78,  116.6,   -1.25, 260.4
  3.80,  117.1,   -1.25, 260.4
  3.82,  117.5,   -1.50, 260.4
  3.84,  118.2,   -1.75, 260.4
  3.86,  118.7,   -1.75, 260.4
  3.88,  119.2,   -1.75, 260.4
  3.90,  119.9,   -1.75, 260.4
  3.92,  120.3,   -2.13, 260.4
  3.94,  121.1,   -2.13, 260.4
  3.96,  121.6,   -2.13, 260.4
  3.98,  122.3,   -2.00, 260.4
  4.00,  123.0,   -2.00, 260.4
  4.02,  123.5,   -2.25, 260.4
  4.04,  124.2,   -2.50, 260.4
  4.06,  124.7,   -2.75, 260.4
  4.08,  125.5,   -2.88, 260.4
  4.10,  126.2,   -3.00, 260.4
  4.12,  126.7,   -3.13, 260.4
  4.14,  127.5,   -3.13, 260.4
  4.16,  128.3,   -3.13, 260.4
  4.18,  128.9,   -3.13, 260.4
  4.20,  129.7,   -3.00, 260.4
  4.22,  130.3,   -3.00, 260.4
  4.24,  131.1,   -3.13, 260.4
  4.26,  131.9,   -3.25, 260.4
  4.28,  132.7,   -3.38, 260.4
  4.30,  133.4,   -3.50, 260.4
  4.32,  133.9,   -3.50, 260.4
  4.34,  134.7,   -3.63, 260.4
  4.36,  135.5,   -3.63, 260.4
  4.38,  136.3,   -3.63, 260.4
  4.40,  137.0,   -3.50, 260.4
  4.42,  137.7,   -3.38, 260.4
  4.44,  138.5,   -3.13, 260.4
  4.46,  139.1,   -3.25, 260.4
  4.48,  139.9,   -3.13, 260.4
  4.50,  140.7,   -3.13, 260.4
  4.52,  141.4,   -3.00, 260.4
  4.54,  141.9,   -2.88, 260.4
  4.56,  142.7,   -2.88, 260.4
  4.58,  143.5,   -3.13, 260.4
  4.60,  144.0,   -3.00, 260.4
  4.62,  144.7,   -3.00, 260.4
  4.64,  145.5,   -2.63, 260.4
  4.66,  146.1,   -2.75, 260.4
  4.68,  146.7,   -2.50, 260.4
  4.70,  147.4,   -2.25, 260.4
  4.72,  147.9,   -2.13, 260.4
  4.74,  148.7,   -2.25, 260.4
  4.76,  149.1,   -2.00, 260.4
  4.78,  149.9,   -1.88, 260.4
  4.80,  150.3,   -2.00, 260.4
  4.82,  151.0,   -2.13, 247.0
  4.84,  151.5,   -1.88, 247.0
  4.86,  151.9,   -2.13, 247.0
  4.88,  152.7,   -2.00, 247.0
  4.90,  153.1,   -1.75, 247.0
  4.92,  153.7,   -1.75, 247.0
  4.94,  154.3,   -1.75, 247.0
  4.96,  154.7,   -1.38, 247.0
  4.98,  155.4,   -1.63, 247.0
  5.00,  155.9,   -1.63, 247.0
  5.02,  156.3,   -1.50, 247.0
  5.04,  156.9,   -1.75, 247.0
  5.06,  157.5,   -1.88, 247.0
  5.08,  157.9,   -1.88, 247.0
  5.10,  158.5,   -1.88, 247.0
  5.12,  159.1,   -2.00, 247.0
  5.14,  159.5,   -2.00, 247.0
  5.16,  160.3,   -1.75, 247.0
  5.18,  160.7,   -2.00, 247.0
  5.20,  161.4,   -2.13, 247.0
  5.22,  161.9,   -2.25, 247.0
  5.24,  162.5,   -2.13, 247.0
  5.26,  163.1,   -2.38, 247.0
  5.28,  163.6,   -2.50, 247.0
  5.30,  164.3,   -2.88, 247.0
  5.32,  164.8,   -2.88, 247.0
  5.34,  165.5,   -3.00, 247.0
  5.36,  166.2,   -3.00, 247.0
  5.38,  166.7,   -3.00, 247.0
  5.40,  167.5,   -3.00, 247.0
  5.42,  168.2,   -3.00, 247.0
  5.44,  168.8,   -3.13, 247.0
  5.46,  169.5,   -3.38, 247.0
  5.48,  170.3,   -3.50, 247.0
  5.50,  171.0,   -3.63, 247.0
  5.52,  171.5,   -3.63, 247.0
  5.54,  172.3,   -3.75, 247.0
  5.56,  173.1,   -3.88, 247.0
  5.58,  173.8,   -3.88, 247.0
  5.60,  174.4,   -3.88, 247.0
  5.62,  175.1,   -3.88, 247.0
  5.64,  175.9,   -3.88, 247.0
  5.66,  176.7,   -3.75, 247.0
  5.68,  177.5,   -4.00, 247.0
  5.70,  178.3,   -4.00, 247.0
  5.72,  179.1,   -4.00, 247.0
  5.74,  179.7,   -4.00, 247.0
  5.76,  180.3,   -4.00, 247.0
  5.78,  181.1,   -3.88, 247.0
  5.80,  181.9,   -3.88, 247.0
  5.82,  182.7,   -3.75, 247.0
  5.84,  183.3,   -3.63, 247.0
  5.86,  184.0,   -3.63, 247.0
  5.88,  184.7,   -3.75, 247.0
  5.90,  185.5,   -3.63, 247.0
  5.92,  186.3,   -3.50, 247.0
  5.94,  186.9,   -3.25, 247.0
  5.96,  187.5,   -3.38, 247.0
  5.98,  188.3,   -3.38, 247.0
  6.00,  188.9,   -3.25, 247.0
  6.02,  189.5,   -3.00, 247.0
  6.04,  190.3,   -3.00, 247.0
  6.06,  190.7,   -3.00, 247.0
  6.08,  191.5,   -2.88, 247.0
  6.10,  192.0,   -2.50, 247.0
  6.12,  192.7,   -2.75, 247.0
  6.14,  193.3,   -2.63, 247.0
  6.16,  193.9,   -2.38, 247.0
  6.18,  194.5,   -2.50, 247.0
  6.20,  195.1,   -2.50, 247.0
  6.22,  195.5,   -2.25, 247.0
  6.24,  196.3,   -2.38, 247.0
  6.26,  196.7,   -2.38, 247.0
  6.28,  197.2,   -2.25, 247.0
  6.30,  197.9,   -2.13, 247.0
  6.32,  198.3,   -2.38, 247.0
  6.34,  198.9,   -2.13, 247.0
  6.36,  199.5,   -2.00, 247.0
  6.38,  199.9,   -2.25, 247.0
  6.40,  200.7,   -2.25, 247.0
  6.42,  201.1,   -2.13, 247.0
  6.44,  201.6,   -2.50, 247.0
  6.46,  202.3,   -2.50, 247.0
  6.48,  202.7,   -2.38, 247.0
  6.50,  203.2,   -2.38, 247.0
  6.52,  203.9,   -2.63, 247.0
  6.54,  204.3,   -2.75, 247.0
  6.56,  205.0,   -2.63, 247.0
  6.58,  205.5,   -2.50, 247.0
  6.60,  206.3,   -2.50, 247.0
  6.62,  206.7,   -2.88, 247.0
  6.64,  207.4,   -3.00, 247.0
  6.66,  207.9,   -3.13, 247.0
  6.68,  208.7,   -3.13, 247.0
  6.70,  209.2,   -3.25, 247.0
  6.72,  209.9,   -3.38, 247.0
  6.74,  210.5,   -3.63, 247.0
  6.76,  211.1,   -3.63, 247.0
  6.78,  211.9,   -3.75, 247.0
  6.80,  212.5,   -3.75, 247.0
  6.82,  213.1,   -3.88, 247.0
  6.84,  213.9,   -3.88, 247.0
  6.86,  214.7,   -3.88, 247.0
  6.88,  215.4,   -3.88, 247.0
  6.90,  216.0,   -4.00, 247.0
  6.92,  216.7,   -4.13, 247.0
  6.94,  217.5,   -4.38, 247.0
  6.96,  218.3,   -4.38, 247.0
  6.98,  219.1,   -4.50, 247.0
  7.00,  219.7,   -4.38, 247.0
  7.02,  220.3,   -4.50, 247.0
  7.04,  221.1,   -4.38, 247.0
  7.06,  221.9,   -4.38, 247.0
  7.08,  222.7,   -4.38, 247.0
  7.10,  223.4,   -4.25, 247.0
  7.12,  224.1,   -4.13, 247.0
  7.14,  224.9,   -4.25, 247.0
  7.16,  225.6,   -4.25, 247.0
  7.18,  226.3,   -4.50, 247.0
  7.20,  227.1,   -4.38, 247.0
  7.22,  227.9,   -4.38, 251.8
  7.24,  228.5,   -4.13, 251.8
  7.26,  229.1,   -4.00, 251.8
  7.28,  229.9,   -3.88, 251.8
  7.30,  230.6,   -3.88, 251.8
  7.32,  231.2,   -3.88, 251.8
  7.34,  231.9,   -3.75, 251.8
  7.36,  232.7,   -3.50, 251.8
  7.38,  233.3,   -3.50, 251.8
  7.40,  233.9,   -3.63, 251.8
  7.42,  234.7,   -3.50, 251.8
  7.44,  235.2,   -3.38, 251.8
  7.46,  235.9,   -3.25, 251.8
  7.48,  236.4,   -3.38, 251.8
  7.50,  237.1,   -3.00, 251.8
  7.52,  237.6,   -3.00, 251.8
  7.54,  238.3,   -3.00, 251.8
  7.56,  238.8,   -3.00, 251.8
  7.58,  239.4,   -2.75, 251.8
  7.60,  239.9,   -2.88, 251.8
  7.62,  240.6,   -2.88, 251.8
  7.64,  241.1,   -2.63, 251.8
  7.66,  241.7,   -2.88, 251.8
  7.68,  242.3,   -2.88, 251.8
  7.70,  242.8,   -2.63, 251.8
  7.72,  243.4,   -2.75, 251.8
  7.74,  243.9,   -2.75, 251.8
  7.76,  244.4,   -2.88, 251.8
  7.78,  245.0,   -2.50, 251.8
  7.80,  245.5,   -2.88, 251.8
  7.82,  246.1,   -2.88, 251.8
  7.84,  246.7,   -2.88, 251.8
  7.86,  247.2,   -2.75, 251.8
  7.88,  247.9,   -3.00, 251.8
  7.90,  248.3,   -3.13, 251.8
  7.92,  249.0,   -3.13, 251.8
  7.94,  249.5,   -3.00, 251.8
  7.96,  250.2,   -3.25, 251.8
  7.98,  250.7,   -3.38, 251.8
  8.00,  251.3,   -3.50, 251.8
  8.02,  251.9,   -3.50, 251.8
  8.04,  252.6,   -3.50, 251.8
  8.06,  253.1,   -3.50, 251.8
  8.08,  253.8,   -3.63, 251.8
  8.10,  254.5,   -3.88, 251.8
  8.12,  255.1,   -4.00, 251.8
  8.14,  255.9,   -4.13, 251.8
  8.16,  256.6,   -4.13, 251.8
  8.18,  257.2,   -4.25, 251.8
  8.20,  257.9,   -4.13, 251.8
  8.22,  258.6,   -4.25, 251.8
  8.24,  259.3,   -4.25, 251.8
  8.26,  259.9,   -4.38, 251.8
  8.28,  260.7,   -4.38, 251.8
  8.30,  261.5,   -4.63, 251.8
  8.32,  262.2,   -4.63, 251.8
  8.34,  262.9,   -4.88, 251.8
  8.36,  263.6,   -4.75, 251.8
  8.38,  264.4,   -4.88, 251.8
  8.40,  265.1,   -4.88, 251.8
  8.42,  265.9,   -4.88, 251.8
  8.44,  266.6,   -4.75, 251.8
  8.46,  267.4,   -4.75, 251.8
  8.48,  268.1,   -4.63, 251.8
  8.50,  268.8,   -4.75, 251.8
  8.52,  269.5,   -4.63, 251.8
  8.54,  270.3,   -4.75, 251.8
  8.56,  271.0,   -4.75, 251.8
  8.58,  271.8,   -4.75, 251.8
  8.60,  272.5,   -4.50, 251.8
  8.62,  273.2,   -4.38, 251.8
  8.64,  273.9,   -4.25, 251.8
  8.66,  274.6,   -4.38, 251.8
  8.68,  275.3,   -4.38, 251.8
  8.70,  275.9,   -4.25, 251.8
  8.72,  276.7,   -4.13, 251.8
  8.74,  277.3,   -3.88, 251.8
  8.76,  277.9,   -4.13, 251.8
  8.78,  278.6,   -4.00, 251.8
  8.80,  279.3,   -3.88, 251.8
  8.82,  279.9,   -3.63, 251.8
  8.84,  280.5,   -3.75, 251.8
  8.86,  281.1,   -3.63, 251.8
  8.88,  281.8,   -3.50, 251.8
  8.90,  282.4,   -3.50, 251.8
  8.92,  283.0,   -3.50, 251.8
  8.94,  283.5,   -3.25, 251.8
  8.96,  284.1,   -3.25, 251.8
  8.98,  284.7,   -3.38, 251.8
  9.00,  285.3,   -3.38, 251.8
  9.02,  285.8,   -3.13, 251.8
  9.04,  286.3,   -3.38, 251.8
  9.06,  287.0,   -3.25, 251.8
  9.08,  287.5,   -3.13, 251.8
  9.10,  288.1,   -3.13, 251.8
  9.12,  288.7,   -3.25, 251.8
  9.14,  289.3,   -3.13, 251.8
  9.16,  289.8,   -3.13, 251.8
  9.18,  290.3,   -3.25, 251.8
  9.20,  290.9,   -3.38, 251.8
  9.22,  291.4,   -3.25, 251.8
  9.24,  292.0,   -3.38, 251.8
  9.26,  292.6,   -3.50, 251.8
  9.28,  293.2,   -3.63, 251.8
  9.30,  293.7,   -3.75, 251.8
  9.32,  294.3,   -3.63, 251.8
  9.34,  295.0,   -3.75, 251.8
  9.36,  295.6,   -3.75, 251.8
  9.38,  296.2,   -4.00, 251.8
  9.40,  296.9,   -4.00, 251.8
  9.42,  297.5,   -4.00, 251.8
  9.44,  298.1,   -4.00, 251.8
  9.46,  298.7,   -4.13, 251.8
  9.48,  299.4,   -4.25, 251.8
  9.50,  300.0,   -4.50, 251.8
  9.52,  300.7,   -4.63, 251.8
  9.54,  301.4,   -4.75, 251.8
  9.56,  302.1,   -4.88, 251.8
  9.58,  302.8,   -4.88, 251.8
  9.60,  303.5,   -4.88, 251.8
  9.62,  304.2,   -4.88, 238.5
  9.64,  304.9,   -4.88, 238.5
  9.66,  305.7,   -4.88, 238.5
  9.68,  306.4,   -4.88, 238.5
  9.70,  307.1,   -5.13, 238.5
  9.72,  307.9,   -5.13, 238.5
  9.74,  308.6,   -5.25, 238.5
  9.76,  309.3,   -5.38, 238.5
  9.78,  310.1,   -5.38, 238.5
  9.80,  310.8,   -5.50, 238.5
  9.82,  311.6,   -5.50, 238.5
  9.84,  312.3,   -5.38, 238.5
  9.86,  313.1,   -5.13, 238.5
  9.88,  313.8,   -5.13, 238.5
  9.90,  314.6,   -5.00, 238.5
  9.92,  315.3,   -5.00, 238.5
  9.94,  316.1,   -5.00, 238.5
  9.96,  316.7,   -5.13, 238.5
  9.98,  317.5,   -5.13, 238.5
 10.00,  318.1,   -5.13, 238.5
 10.02,  318.9,   -5.00, 238.5
 10.04,  319.6,   -5.00, 238.5
 10.06,  320.2,   -4.88, 238.5
 10.08,  320.9,   -4.88, 238.5
 10.10,  321.7,   -4.75, 238.5
 10.12,  322.3,   -4.50, 238.5
 10.14,  323.0,   -4.38, 238.5
 10.16,  323.7,   -4.38, 238.5
 10.18,  324.3,   -4.25, 238.5
 10.20,  324.9,   -4.25, 238.5
 10.22,  325.5,   -4.13, 238.5
 10.24,  326.1,   -4.13, 238.5
 10.26,  326.7,   -4.25, 238.5
 10.28,  327.3,   -4.13, 238.5
 10.30,  327.9,   -4.00, 238.5
 10.32,  328.5,   -4.00, 238.5
 10.34,  329.2,   -3.88, 238.5
 10.36,  329.7,   -3.75, 238.5
 10.38,  330.3,   -3.88, 238.5
 10.40,  330.9,   -3.63, 238.5
 10.42,  331.5,   -3.50, 238.5
 10.44,  332.1,   -3.63, 238.5
 10.46,  332.6,   -3.88, 238.5
 10.48,  333.1,   -3.63, 238.5
 10.50,  333.7,   -3.75, 238.5
 10.52,  334.3,   -3.88, 238.5
 10.54,  334.9,   -4.00, 238.5
 10.56,  335.3,   -3.88, 238.5
 10.58,  336.0,   -3.88, 238.5
 10.60,  336.5,   -3.88, 238.5
 10.62,  337.2,   -4.00, 238.5
 10.64,  337.7,   -3.75, 238.5
 10.66,  338.3,   -3.88, 238.5
 10.68,  338.9,   -4.00, 238.5
 10.70,  339.5,   -4.25, 238.5
 10.72,  340.1,   -4.25, 238.5
 10.74,  340.7,   -4.38, 238.5
 10.76,  341.3,   -4.50, 238.5
 10.78,  341.9,   -4.50, 238.5
 10.80,  342.5,   -4.75, 238.5
 10.82,  343.3,   -4.75, 238.5
 10.84,  343.9,   -4.88, 238.5
 10.86,  344.6,   -4.88, 238.5
 10.88,  345.3,   -4.88, 238.5
 10.90,  346.0,   -4.88, 238.5
 10.92,  346.6,   -5.00, 238.5
 10.94,  347.3,   -5.00, 238.5
 10.96,  348.1,   -5.25, 238.5
 10.98,  348.7,   -5.38, 238.5
 11.00,  349.4,   -5.50, 238.5
 11.02,  350.1,   -5.50, 238.5
 11.04,  350.9,   -5.75, 238.5
 11.06,  351.6,   -5.75, 238.5
 11.08,  352.3,   -5.88, 238.5
 11.10,  353.1,   -5.75, 238.5
 11.12,  353.8,   -5.75, 238.5
 11.14,  354.5,   -5.50, 238.5
 11.16,  355.3,   -5.63, 238.5
 11.18,  356.1,   -5.50, 238.5
 11.20,  356.9,   -5.63, 238.5
 11.22,  357.5,   -5.75, 238.5
 11.24,  358.3,   -5.75, 238.5
 11.26,  358.9,   -5.88, 238.5
 11.28,  359.7,   -5.88, 238.5
 11.30,  360.5,   -5.88, 238.5
 11.32,  361.3,   -5.75, 238.5
 11.34,  362.0,   -5.63, 238.5
 11.36,  362.7,   -5.38, 238.5
 11.38,  363.4,   -5.50, 238.5
 11.40,  364.1,   -5.38, 238.5
 11.42,  364.9,   -5.50, 238.5
 11.44,  365.5,   -5.25, 238.5
 11.46,  366.1,   -5.25, 238.5
 11.48,  366.9,   -5.00, 238.5
 11.50,  367.5,   -5.13, 238.5
 11.52,  368.1,   -5.13, 238.5
 11.54,  368.9,   -5.13, 238.5
 11.56,  369.5,   -4.88, 238.5
 11.58,  370.1,   -4.88, 238.5
 11.60,  370.9,   -4.88, 238.5
 11.62,  371.4,   -4.63, 238.5
 11.64,  372.1,   -4.50, 238.5
 11.66,  372.7,   -4.50, 238.5
 11.68,  373.3,   -4.63, 238.5
 11.70,  373.9,   -4.38, 238.5
 11.72,  374.5,   -4.38, 238.5
 11.74,  375.0,   -4.38, 238.5
 11.76,  375.7,   -4.50, 238.5
 11.78,  376.1,   -4.25, 238.5
 11.80,  376.7,   -4.38, 238.5
 11.82,  377.3,   -4.38, 238.5
 11.84,  378.0,   -4.25, 238.5
 11.86,  378.5,   -4.13, 238.5
 11.88,  379.1,   -4.38, 238.5
 11.90,  379.7,   -4.38, 238.5
 11.92,  380.3,   -4.25, 238.5
 11.94,  380.9,   -4.25, 238.5
 11.96,  381.3,   -4.38, 238.5
 11.98,  382.1,   -4.50, 238.5
 12.00,  382.5,   -4.50, 238.5
 12.02,  383.1,   -4.38, 238.5
 12.04,  383.7,   -4.50, 238.5
 12.06,  384.3,   -4.75, 238.5
 12.08,  384.9,   -4.75, 238.5
 12.10,  385.5,   -4.75, 238.5
 12.12,  386.1,   -4.75, 238.5
 12.14,  386.9,   -4.88, 238.5
 12.16,  387.4,   -5.00, 238.5
 12.18,  388.1,   -5.25, 238.5
 12.20,  388.7,   -5.25, 238.5
 12.22,  389.3,   -5.25, 238.5
 12.24,  390.1,   -5.25, 238.5
 12.26,  390.6,   -5.38, 238.5
 12.28,  391.3,   -5.50, 238.5
 12.30,  392.1,   -5.63, 238.5
 12.32,  392.7,   -5.63, 238.5
 12.34,  393.4,   -5.75, 238.5
 12.36,  394.1,   -5.88, 238.5
 12.38,  394.9,   -6.00, 238.5
 12.40,  395.6,   -6.00, 238.5
 12.42,  396.3,   -6.13, 238.5
 12.44,  397.0,   -6.13, 238.5
 12.46,  397.7,   -6.00, 238.5
 12.48,  398.5,   -6.13, 238.5
 12.50,  399.2,   -6.13, 238.5
 12.52,  399.9,   -6.25, 238.5
 12.54,  400.7,   -6.13, 238.5
 12.56,  401.4,   -6.25, 238.5
 12.58,  402.1,   -6.25, 238.5
 12.60,  402.9,   -6.38, 238.5
 12.62,  403.7,   -6.38, 238.5
 12.64,  404.5,   -6.38, 238.5
 12.66,  405.3,   -6.38, 238.5
 12.68,  405.9,   -6.25, 238.5
 12.70,  406.7,   -6.13, 238.5
 12.72,  407.3,   -6.13, 238.5
 12.74,  408.1,   -6.13, 238.5
 12.76,  408.9,   -6.13, 238.5
 12.78,  409.5,   -6.13, 238.5
 12.80,  410.3,   -6.00, 238.5
 12.82,  410.9,   -6.00, 238.5
 12.84,  411.7,   -5.75, 238.5
 12.86,  412.3,   -5.75, 238.5
 12.88,  413.0,   -5.63, 238.5
 12.90,  413.7,   -5.88, 238.5
 12.92,  414.5,   -5.50, 238.5
 12.94,  415.1,   -5.50, 238.5
 12.96,  415.7,   -5.38, 238.5
 12.98,  416.3,   -5.50, 238.5
 13.00,  416.9,   -5.38, 238.5
 13.02,  417.7,   -5.25, 238.5
 13.04,  418.3,   -5.13, 238.5
 13.06,  418.9,   -5.25, 238.5
 13.08,  419.5,   -5.13, 238.5
 13.10,  420.1,   -5.00, 238.5
 13.12,  420.7,   -5.00, 238.5
 13.14,  421.3,   -5.00, 238.5
 13.16,  421.9,   -4.88, 238.5
 13.18,  422.5,   -4.88, 238.5
 13.20,  423.1,   -5.00, 238.5
 13.22,  423.7,   -4.88, 238.5
 13.24,  424.2,   -4.88, 238.5
 13.26,  424.8,   -4.75, 238.5
 13.28,  425.3,   -5.00, 238.5
 13.30,  425.9,   -4.88, 238.5
 13.32,  426.5,   -4.88, 238.5
 13.34,  427.1,   -4.88, 238.5
 13.36,  427.7,   -5.00, 238.5
 13.38,  428.3,   -5.00, 238.5
 13.40,  428.9,   -5.00, 238.5
 13.42,  429.5,   -5.00, 238.5
 13.44,  430.1,   -5.25, 238.5
 13.46,  430.7,   -5.25, 238.5
 13.48,  431.3,   -5.25, 238.5
 13.50,  431.9,   -5.25, 238.5
 13.52,  432.5,   -5.25, 238.5
 13.54,  433.1,   -5.50, 238.5
 13.56,  433.7,   -5.63, 238.5
 13.58,  434.3,   -5.75, 238.5
 13.60,  435.0,   -5.75, 238.5
 13.62,  435.7,   -5.75, 238.5
 13.64,  436.3,   -5.88, 238.5
 13.66,  437.1,   -6.00, 238.5
 13.68,  437.7,   -6.00, 238.5
 13.70,  438.4,   -6.13, 238.5
 13.72,  439.1,   -6.25, 238.5
 13.74,  439.7,   -6.38, 238.5
 13.76,  440.5,   -6.50, 238.5
 13.78,  441.1,   -6.63, 238.5
 13.80,  441.9,   -6.63, 238.5
 13.82,  442.5,   -6.63, 238.5
 13.84,  443.3,   -6.75, 238.5
 13.86,  444.1,   -6.75, 238.5
 13.88,  444.9,   -6.75, 238.5
 13.90,  445.6,   -6.75, 238.5
 13.92,  446.3,   -6.75, 238.5
 13.94,  447.1,   -6.75, 238.5
 13.96,  447.9,   -6.88, 238.5
 13.98,  448.6,   -6.88, 238.5
 14.00,  449.3,   -7.00, 238.5
 14.02,  450.1,   -7.00, 238.5
 14.04,  450.8,   -7.00, 238.5
 14.06,  451.5,   -6.88, 238.5
 14.08,  452.3,   -7.00, 238.5
 14.10,  453.1,   -6.88, 238.5
 14.12,  453.8,   -6.75, 238.5
 14.14,  454.5,   -6.63, 238.5
 14.16,  455.3,   -6.63, 238.5
 14.18,  456.0,   -6.75, 238.5
 14.20,  456.7,   -6.63, 238.5
 14.22,  457.5,   -6.63, 238.5
 14.24,  458.2,   -6.38, 238.5
 14.26,  458.9,   -6.38, 238.5
 14.28,  459.5,   -6.25, 238.5
 14.30,  460.2,   -6.38, 238.5
 14.32,  460.9,   -6.25, 238.5
 14.34,  461.5,   -6.13, 238.5
 14.36,  462.2,   -5.88, 238.5
 14.38,  462.9,   -6.00, 238.5
 14.40,  463.5,   -6.00, 238.5
 14.42,  464.2,   -5.88, 238.5
 14.44,  464.8,   -5.63, 238.5
 14.46,  465.5,   -5.63, 238.5
 14.48,  466.1,   -5.75, 238.5
 14.50,  466.7,   -5.50, 238.5
 14.52,  467.3,   -5.50, 238.5
 14.54,  467.9,   -5.50, 238.5
 14.56,  468.5,   -5.63, 238.5
 14.58,  469.0,   -5.50, 238.5
 14.60,  469.5,   -5.38, 238.5
 14.62,  470.2,   -5.50, 238.5
 14.64,  470.7,   -5.50, 238.5
 14.66,  471.4,   -5.25, 238.5
 14.68,  471.9,   -5.38, 238.5
 14.70,  472.6,   -5.50, 238.5
 14.72,  473.1,   -5.50, 238.5
 14.74,  473.7,   -5.38, 238.5
 14.76,  474.3,   -5.38, 238.5
 14.78,  474.9,   -5.63, 238.5
 14.80,  475.5,   -5.63, 238.5
 14.82,  475.9,   -5.63, 238.5
 14.84,  476.7,   -5.50, 238.5
 14.86,  477.1,   -5.75, 238.5
 14.88,  477.9,   -5.88, 238.5
 14.90,  478.5,   -6.00, 238.5
 14.92,  479.1,   -5.88, 238.5
 14.94,  479.8,   -5.88, 238.5
 14.96,  480.3,   -6.00, 238.5
 14.98,  481.1,   -6.25, 238.5
 15.00,  481.7,   -6.25, 238.5
 15.02,  482.3,   -6.38, 238.5
 15.04,  483.0,   -6.38, 238.5
 15.06,  483.5,   -6.50, 238.5
 15.08,  484.3,   -6.63, 238.5
 15.10,  485.0,   -6.63, 238.5
 15.12,  485.7,   -6.75, 238.5
 15.14,  486.3,   -6.88, 238.5
 15.16,  487.1,   -7.00, 238.5
 15.18,  487.9,   -7.13, 238.5
 15.20,  488.6,   -7.13, 238.5
 15.22,  489.3,   -7.00, 238.5
 15.24,  489.9,   -7.13, 238.5
 15.26,  490.7,   -7.13, 238.5
 15.28,  491.5,   -7.38, 238.5
 15.30,  492.3,   -7.38, 238.5
 15.32,  492.9,   -7.50, 238.5
 15.34,  493.7,   -7.50, 238.5
 15.36,  494.3,   -7.50, 238.5
 15.38,  495.1,   -7.50, 238.5
 15.40,  495.9,   -7.38, 238.5
 15.42,  496.7,   -7.38, 238.5
 15.44,  497.5,   -7.25, 238.5
 15.46,  498.3,   -7.25, 238.5
 15.48,  499.1,   -7.25, 238.5
 15.50,  499.8,   -7.38, 238.5
 15.52,  500.5,   -7.25, 238.5
 15.54,  501.1,   -7.38, 238.5
 15.56,  501.9,   -7.25, 238.5
 15.58,  502.7,   -7.25, 238.5
 15.60,  503.4,   -7.00, 238.5
 15.62,  504.0,   -7.13, 238.5
 15.64,  504.7,   -7.25, 238.5
 15.66,  505.5,   -7.13, 238.5
 15.68,  506.3,   -7.00, 238.5
 15.70,  507.0,   -6.63, 238.5
 15.72,  507.5,   -6.50, 238.5
 15.74,  508.3,   -6.63, 238.5
 15.76,  509.0,   -6.63, 238.5
 15.78,  509.5,   -6.38, 238.5
 15.80,  510.3,   -6.38, 238.5
 15.82,  511.0,   -6.38, 238.5
 15.84,  511.5,   -6.50, 238.5
 15.86,  512.2,   -6.50, 238.5
 15.88,  512.7,   -6.38, 238.5
 15.90,  513.5,   -6.25, 238.5
 15.92,  513.9,   -6.38, 238.5
 15.94,  514.7,   -6.13, 238.5
 15.96,  515.3,   -5.75, 238.5
 15.98,  515.9,   -6.00, 238.5
 16.00,  516.5,   -6.00, 238.5
 16.02,  517.0,   -5.88, 238.5
 16.04,  517.5,   -5.75, 238.5
 16.06,  518.2,   -6.13, 238.5
 16.08,  518.6,   -6.00, 238.5
 16.10,  519.4,   -6.13, 238.5
 16.12,  519.8,   -5.88, 238.5
 16.14,  520.5,   -6.13, 238.5
 16.16,  521.0,   -6.13, 238.5
 16.18,  521.7,   -6.13, 238.5
 16.20,  522.2,   -6.00, 238.5
 16.22,  523.0,   -6.00, 238.5
 16.24,  523.4,   -6.25, 238.5
 16.26,  524.2,   -6.25, 238.5
 16.28,  524.6,   -6.25, 238.5
 16.30,  525.4,   -6.13, 238.5
 16.32,  525.8,   -6.38, 238.5
 16.34,  526.6,   -6.50, 238.5
 16.36,  527.1,   -6.75, 238.5
 16.38,  527.8,   -6.75, 238.5
 16.40,  528.5,   -6.88, 238.5
 16.42,  529.0,   -6.75, 238.5
 16.44,  529.8,   -6.88, 238.5
 16.46,  530.6,   -7.00, 238.5
 16.48,  531.1,   -7.13, 238.5
 16.50,  531.8,   -7.25, 238.5
 16.52,  532.6,   -7.25, 238.5
 16.54,  533.3,   -7.38, 238.5
 16.56,  533.8,   -7.38, 238.5
 16.58,  534.6,   -7.50, 238.5
 16.60,  535.4,   -7.50, 238.5
 16.62,  536.0,   -7.63, 238.5
 16.64,  536.6,   -7.63, 238.5
 16.66,  537.4,   -7.63, 238.5
 16.68,  538.2,   -7.50, 238.5
 16.70,  539.0,   -7.75, 238.5
 16.72,  539.8,   -7.75, 238.5
 16.74,  540.6,   -7.88, 238.5
 16.76,  541.3,   -8.00, 238.5
 16.78,  542.1,   -8.00, 238.5
 16.80,  542.7,   -8.13, 238.5
 16.82,  543.4,   -8.00, 238.5
 16.84,  544.2,   -8.13, 238.5
 16.86,  545.0,   -8.00, 238.5
 16.88,  545.8,   -8.00, 238.5
 16.90,  546.5,   -7.88, 238.5
 16.92,  547.2,   -7.88, 238.5
 16.94,  547.9,   -7.63, 238.5
 16.96,  548.6,   -7.75, 238.5
 16.98,  549.4,   -7.63, 238.5
 17.00,  550.2,   -7.88, 238.5
 17.02,  551.0,   -7.88, 238.5
 17.04,  551.8,   -7.75, 238.5
 17.06,  552.4,   -7.63, 238.5
 17.08,  553.0,   -7.38, 238.5
 17.10,  553.8,   -7.38, 238.5
 17.12,  554.5,   -7.38, 238.5
 17.14,  555.0,   -7.50, 238.5
 17.16,  555.8,   -7.38, 238.5
 17.18,  556.6,   -7.13, 238.5
 17.20,  557.2,   -7.00, 238.5
 17.22,  557.8,   -7.13, 234.1
 17.24,  558.6,   -7.00, 234.1
 17.26,  559.1,   -7.00, 234.1
 17.28,  559.8,   -6.75, 234.1
 17.30,  560.5,   -6.88, 234.1
 17.32,  561.0,   -6.88, 234.1
 17.34,  561.8,   -6.75, 234.1
 17.36,  562.2,   -6.50, 234.1
 17.38,  563.0,   -6.63, 234.1
 17.40,  563.4,   -6.75, 234.1
 17.42,  564.2,   -6.63, 234.1
 17.44,  564.6,   -6.38, 234.1
 17.46,  565.4,   -6.50, 234.1
 17.48,  565.8,   -6.75, 234.1
 17.50,  566.5,   -6.63, 234.1
 17.52,  567.0,   -6.38, 234.1
 17.54,  567.7,   -6.63, 234.1
 17.56,  568.2,   -6.63, 234.1
 17.58,  568.9,   -6.63, 234.1
 17.60,  569.3,   -6.38, 234.1
 17.62,  570.1,   -6.63, 234.1
 17.64,  570.5,   -6.75, 234.1
 17.66,  571.3,   -6.88, 234.1
 17.68,  571.7,   -6.88, 234.1
 17.70,  572.5,   -6.75, 234.1
 17.72,  573.0,   -6.75, 234.1
 17.74,  573.7,   -7.13, 234.1
 17.76,  574.3,   -7.13, 234.1
 17.78,  574.9,   -7.25, 234.1
 17.80,  575.7,   -7.25, 234.1
 17.82,  576.3,   -7.13, 234.1
 17.84,  576.9,   -7.25, 234.1
 17.86,  577.7,   -7.38, 234.1
 17.88,  578.1,   -7.63, 234.1
 17.90,  578.9,   -7.63, 234.1
 17.92,  579.7,   -7.75, 234.1
 17.94,  580.3,   -7.75, 234.1
 17.96,  580.8,   -7.88, 234.1
 17.98,  581.6,   -7.88, 234.1
 18.00,  582.4,   -8.13, 234.1
 18.02,  583.1,   -8.00, 234.1
 18.04,  583.8,   -8.00, 234.1
 18.06,  584.4,   -8.00, 234.1
 18.08,  585.2,   -8.13, 234.1
 18.10,  586.0,   -8.13, 234.1
 18.12,  586.8,   -8.13, 234.1
 18.14,  587.6,   -8.38, 234.1
 18.16,  588.2,   -8.38, 234.1
 18.18,  589.0,   -8.38, 234.1
 18.20,  589.6,   -8.38, 234.1
 18.22,  590.4,   -8.50, 234.1
 18.24,  591.2,   -8.50, 234.1
 18.26,  592.0,   -8.63, 234.1
 18.28,  592.8,   -8.63, 234.1
 18.30,  593.6,   -8.50, 234.1
 18.32,  594.4,   -8.50, 234.1
 18.34,  595.1,   -8.38, 234.1
 18.36,  595.8,   -8.38, 234.1
 18.38,  596.5,   -8.13, 234.1
 18.40,  597.2,   -8.38, 234.1
 18.42,  598.0,   -8.25, 234.1
 18.44,  598.8,   -8.38, 234.1
 18.46,  599.4,   -8.25, 234.1
 18.48,  600.1,   -8.25, 234.1
 18.50,  600.8,   -8.00, 234.1
 18.52,  601.6,   -7.88, 234.1
 18.54,  602.2,   -7.88, 234.1
 18.56,  602.9,   -7.88, 234.1
 18.58,  603.5,   -7.88, 234.1
 18.60,  604.3,   -7.63, 234.1
 18.62,  605.0,   -7.63, 234.1
 18.64,  605.6,   -7.50, 234.1
 18.66,  606.3,   -7.63, 234.1
 18.68,  606.9,   -7.50, 234.1
 18.70,  607.5,   -7.38, 234.1
 18.72,  608.2,   -7.25, 234.1
 18.74,  608.8,   -7.38, 234.1
 18.76,  609.5,   -7.38, 234.1
 18.78,  610.1,   -7.13, 234.1
 18.80,  610.7,   -7.13, 234.1
 18.82,  611.4,   -7.13, 234.1
 18.84,  611.9,   -7.25, 234.1
 18.86,  612.6,   -7.00, 234.1
 18.88,  613.1,   -7.00, 234.1
 18.90,  613.8,   -7.13, 234.1
 18.92,  614.3,   -7.25, 234.1
 18.94,  615.0,   -7.00, 234.1
 18.96,  615.5,   -7.00, 234.1
 18.98,  616.2,   -7.13, 234.1
 19.00,  616.7,   -7.25, 234.1
 19.02,  617.4,   -7.25, 234.1
 19.04,  617.9,   -7.13, 234.1
 19.06,  618.7,   -7.13, 234.1
 19.08,  619.2,   -7.25, 234.1
 19.10,  619.9,   -7.50, 234.1
 19.12,  620.5,   -7.38, 234.1
 19.14,  621.1,   -7.38, 234.1
 19.16,  621.7,   -7.38, 234.1
 19.18,  622.3,   -7.50, 234.1
 19.20,  623.0,   -7.63, 234.1
 19.22,  623.5,   -7.88, 234.1
 19.24,  624.3,   -7.88, 234.1
 19.26,  624.9,   -7.88, 234.1
 19.28,  625.6,   -8.00, 234.1
 19.30,  626.3,   -7.88, 234.1
 19.32,  627.0,   -8.00, 234.1
 19.34,  627.7,   -8.00, 234.1
 19.36,  628.4,   -8.25, 234.1
 19.38,  629.1,   -8.38, 234.1
 19.40,  629.9,   -8.50, 234.1
 19.42,  630.5,   -8.50, 234.1
 19.44,  631.2,   -8.63, 234.1
 19.46,  631.9,   -8.75, 234.1
 19.48,  632.7,   -8.75, 234.1
 19.50,  633.4,   -8.88, 234.1
 19.52,  634.1,   -8.88, 234.1
 19.54,  634.9,   -9.00, 234.1
 19.56,  635.6,   -8.88, 234.1
 19.58,  636.4,   -8.88, 234.1
 19.60,  637.1,   -8.75, 234.1
 19.62,  637.9,   -8.88, 229.7
 19.64,  638.7,   -8.88, 229.7
 19.66,  639.5,   -8.88, 229.7
 19.68,  640.3,   -8.88, 229.7
 19.70,  640.9,   -8.88, 229.7
 19.72,  641.7,   -9.00, 229.7
 19.74,  642.4,   -9.00, 229.7
 19.76,  643.1,   -9.13, 229.7
 19.78,  643.9,   -9.00, 229.7
 19.80,  644.7,   -9.00, 229.7
 19.82,  645.4,   -8.88, 229.7
 19.84,  646.2,   -8.75, 229.7
 19.86,  646.9,   -8.50, 229.7
 19.88,  647.7,   -8.63, 229.7
 19.90,  648.4,   -8.63, 229.7
 19.92,  649.1,   -8.63, 229.7
 19.94,  649.9,   -8.63, 229.7
 19.96,  650.5,   -8.38, 229.7
 19.98,  651.2,   -8.38, 229.7
 20.00,  651.9,   -8.38, 229.7
 20.02,  652.6,   -8.38, 229.7
 20.04,  653.3,   -8.38, 229.7
 20.06,  653.9,   -8.38, 229.7
 20.08,  654.6,   -8.13, 229.7
 20.10,  655.3,   -8.00, 229.7
 20.12,  655.9,   -8.00, 229.7
 20.14,  656.6,   -8.00, 229.7
 20.16,  657.3,   -7.88, 229.7
 20.18,  657.9,   -7.63, 229.7
 20.20,  658.5,   -7.75, 229.7
 20.22,  659.1,   -7.75, 229.7
 20.24,  659.7,   -7.75, 229.7
 20.26,  660.3,   -7.63, 229.7
 20.28,  661.0,   -7.75, 229.7
 20.30,  661.6,   -7.88, 229.7
 20.32,  662.2,   -7.88, 229.7
 20.34,  662.9,   -7.75, 229.7
 20.36,  663.5,   -7.63, 229.7
 20.38,  664.1,   -7.75, 229.7
 20.40,  664.7,   -7.75, 229.7
 20.42,  665.3,   -7.63, 229.7
 20.44,  665.9,   -7.50, 229.7
 20.46,  666.5,   -7.75, 229.7
 20.48,  667.1,   -7.75, 229.7
 20.50,  667.7,   -7.88, 229.7
 20.52,  668.3,   -7.88, 229.7
 20.54,  668.9,   -7.88, 229.7
 20.56,  669.5,   -8.00, 229.7
 20.58,  670.1,   -8.13, 229.7
 20.60,  670.8,   -8.25, 229.7
 20.62,  671.4,   -8.38, 229.7
 20.64,  672.1,   -8.38, 229.7
 20.66,  672.8,   -8.25, 229.7
 20.68,  673.4,   -8.25, 229.7
 20.70,  674.1,   -8.25, 229.7
 20.72,  674.8,   -8.50, 229.7
 20.74,  675.5,   -8.50, 229.7
 20.76,  676.2,   -8.75, 229.7
 20.78,  676.8,   -8.88, 229.7
 20.80,  677.6,   -9.00, 229.7
 20.82,  678.2,   -9.13, 229.7
 20.84,  678.9,   -9.13, 229.7
 20.86,  679.6,   -9.13, 229.7
 20.88,  680.4,   -9.13, 229.7
 20.90,  681.2,   -9.13, 229.7
 20.92,  681.9,   -9.13, 229.7
 20.94,  682.6,   -9.13, 229.7
 20.96,  683.4,   -9.13, 229.7
 20.98,  684.2,   -9.25, 229.7
 21.00,  684.9,   -9.38, 229.7
 21.02,  685.6,   -9.25, 229.7
 21.04,  686.4,   -9.50, 229.7
 21.06,  687.2,   -9.50, 229.7
 21.08,  687.9,   -9.63, 229.7
 21.10,  688.6,   -9.63, 229.7
 21.12,  689.4,   -9.75, 229.7
 21.14,  690.2,   -9.63, 229.7
 21.16,  690.9,   -9.63, 229.7
 21.18,  691.7,   -9.50, 229.7
 21.20,  692.4,   -9.38, 229.7
 21.22,  693.2,   -9.38, 229.7
 21.24,  694.0,   -9.25, 229.7
 21.26,  694.8,   -9.38, 229.7
 21.28,  695.4,   -9.25, 229.7
 21.30,  696.2,   -9.38, 229.7
 21.32,  696.8,   -9.38, 229.7
 21.34,  697.6,   -9.38, 229.7
 21.36,  698.4,   -9.13, 229.7
 21.38,  699.0,   -9.00, 229.7
 21.40,  699.7,   -9.00, 229.7
 21.42,  700.4,   -8.88, 229.7
 21.44,  701.2,   -9.00, 229.7
 21.46,  701.8,   -8.88, 229.7
 21.48,  702.6,   -8.75, 229.7
 21.50,  703.2,   -8.50, 229.7
 21.52,  704.0,   -8.63, 229.7
 21.54,  704.5,   -8.63, 229.7
 21.56,  705.2,   -8.75, 229.7
 21.58,  705.8,   -8.50, 229.7
 21.60,  706.4,   -8.38, 229.7
 21.62,  707.2,   -8.50, 229.7
 21.64,  707.7,   -8.50, 229.7
 21.66,  708.4,   -8.50, 229.7
 21.68,  709.0,   -8.38, 229.7
 21.70,  709.6,   -8.38, 229.7
 21.72,  710.4,   -8.38, 229.7
 21.74,  710.9,   -8.38, 229.7
 21.76,  711.6,   -8.13, 229.7
 21.78,  712.2,   -8.25, 229.7
 21.80,  712.8,   -8.38, 229.7
 21.82,  713.4,   -8.38, 229.7
 21.84,  714.0,   -8.38, 229.7
 21.86,  714.6,   -8.25, 229.7
 21.88,  715.2,   -8.38, 229.7
 21.90,  715.8,   -8.38, 229.7
 21.92,  716.4,   -8.50, 229.7
 21.94,  717.2,   -8.50, 229.7
 21.96,  717.8,   -8.50, 229.7
 21.98,  718.4,   -8.50, 229.7
 22.00,  719.0,   -8.50, 229.7
 22.02,  719.6,   -8.50, 229.7
 22.04,  720.4,   -8.75, 238.5
 22.06,  721.0,   -8.88, 238.5
 22.08,  721.6,   -8.75, 238.5
 22.10,  722.4,   -8.88, 238.5
 22.12,  722.9,   -8.88, 238.5
 22.14,  723.6,   -9.13, 238.5
 22.16,  724.4,   -9.13, 238.5
 22.18,  725.0,   -9.25, 238.5
 22.20,  725.6,   -9.38, 238.5
 22.22,  726.4,   -9.50, 238.5
 22.24,  727.2,   -9.63, 238.5
 22.26,  727.8,   -9.50, 238.5
 22.28,  728.6,   -9.63, 238.5
 22.30,  729.3,   -9.50, 238.5
 22.32,  730.0,   -9.75, 238.5
 22.34,  730.8,   -9.63, 238.5
 22.36,  731.6,   -9.75, 238.5
 22.38,  732.2,   -9.75, 238.5
 22.40,  733.0,   -9.88, 238.5
 22.42,  733.8,   -9.88, 238.5
 22.44,  734.6,   -9.88, 238.5
 22.46,  735.4,  -10.00, 238.5
 22.48,  736.2,  -10.00, 238.5
 22.50,  737.0,  -10.00, 238.5
 22.52,  737.8,  -10.00, 238.5
 22.54,  738.6,  -10.13, 238.5
 22.56,  739.3,  -10.13, 238.5
 22.58,  740.0,  -10.13, 238.5
 22.60,  740.8,  -10.13, 238.5
 22.62,  741.4,  -10.00, 238.5
 22.64,  742.2,  -10.00, 238.5
 22.66,  743.0,   -9.88, 238.5
 22.68,  743.8,  -10.00, 238.5
 22.70,  744.5,   -9.88, 238.5
 22.72,  745.2,   -9.88, 238.5
 22.74,  746.0,   -9.88, 238.5
 22.76,  746.6,   -9.88, 238.5
 22.78,  747.4,   -9.88, 238.5
 22.80,  748.2,   -9.63, 238.5
 22.82,  749.0,   -9.63, 238.5
 22.84,  749.6,   -9.50, 238.5
 22.86,  750.2,   -9.50, 238.5
 22.88,  751.0,   -9.50, 238.5
 22.90,  751.6,   -9.63, 238.5
 22.92,  752.4,   -9.38, 238.5
 22.94,  753.0,   -9.38, 238.5
 22.96,  753.7,   -9.25, 238.5
 22.98,  754.3,   -9.13, 238.5
 23.00,  755.0,   -9.38, 238.5
 23.02,  755.7,   -9.13, 238.5
 23.04,  756.4,   -9.13, 238.5
 23.06,  757.0,   -9.00, 238.5
 23.08,  757.7,   -9.13, 238.5
 23.10,  758.2,   -9.00, 238.5
 23.12,  759.0,   -9.00, 238.5
 23.14,  759.6,   -8.88, 238.5
 23.16,  760.2,   -8.88, 238.5
 23.18,  760.8,   -9.00, 238.5
 23.20,  761.4,   -9.00, 238.5
 23.22,  762.0,   -9.00, 238.5
 23.24,  762.6,   -8.75, 238.5
 23.26,  763.4,   -8.88, 238.5
 23.28,  763.9,   -9.00, 238.5
 23.30,  764.6,   -9.00, 238.5
 23.32,  765.2,   -8.88, 238.5
 23.34,  765.8,   -8.88, 238.5
 23.36,  766.5,   -9.00, 238.5
 23.38,  767.1,   -9.13, 238.5
 23.40,  767.8,   -9.25, 238.5
 23.42,  768.4,   -9.13, 238.5
 23.44,  769.0,   -9.13, 238.5
 23.46,  769.6,   -9.13, 238.5
 23.48,  770.2,   -9.38, 238.5
 23.50,  771.0,   -9.38, 238.5
 23.52,  771.6,   -9.50, 238.5
 23.54,  772.2,   -9.63, 238.5
 23.56,  773.0,   -9.63, 238.5
 23.58,  773.6,   -9.63, 238.5
 23.60,  774.4,   -9.63, 238.5
 23.62,  775.2,   -9.63, 238.5
 23.64,  776.0,   -9.75, 238.5
 23.66,  776.6,  -10.00, 238.5
 23.68,  777.4,  -10.00, 238.5
 23.70,  778.0,  -10.13, 238.5
 23.72,  778.8,  -10.25, 238.5
 23.74,  779.5,  -10.25, 238.5
 23.76,  780.2,  -10.38, 238.5
 23.78,  780.9,  -10.38, 238.5
 23.80,  781.6,  -10.38, 238.5
 23.82,  782.4,  -10.38, 238.5
 23.84,  783.2,  -10.50, 238.5
 23.86,  784.0,  -10.50, 238.5
 23.88,  784.7,  -10.50, 238.5
 23.90,  785.4,  -10.50, 238.5
 23.92,  786.2,  -10.50, 238.5
 23.94,  786.9,  -10.63, 238.5
 23.96,  787.7,  -10.50, 238.5
 23.98,  788.3,  -10.63, 238.5
 24.00,  789.1,  -10.50, 238.5
 24.02,  789.9,  -10.50, 238.5
 24.04,  790.7,  -10.63, 238.5
 24.06,  791.4,  -10.63, 238.5
 24.08,  792.1,  -10.75, 238.5
 24.10,  792.9,  -10.63, 238.5
 24.12,  793.7,  -10.63, 238.5
 24.14,  794.5,  -10.50, 238.5
 24.16,  795.1,  -10.50, 238.5
 24.18,  795.9,  -10.38, 238.5
 24.20,  796.7,  -10.38, 238.5
 24.22,  797.3,  -10.38, 238.5
 24.24,  798.1,  -10.38, 238.5
 24.26,  798.9,  -10.38, 238.5
 24.28,  799.5,  -10.25, 238.5
 24.30,  800.3,  -10.13, 238.5
 24.32,  800.9,  -10.00, 238.5
 24.34,  801.6,  -10.00, 238.5
 24.36,  802.3,  -10.00, 238.5
 24.38,  803.0,  -10.13, 238.5
 24.40,  803.7,  -10.00, 238.5
 24.42,  804.4,  -10.00, 238.5
 24.44,  805.1,   -9.75, 238.5
 24.46,  805.7,   -9.75, 238.5
 24.48,  806.4,   -9.88, 238.5
 24.50,  807.1,   -9.75, 238.5
 24.52,  807.7,   -9.63, 238.5
 24.54,  808.3,   -9.50, 238.5
 24.56,  808.9,   -9.63, 238.5
 24.58,  809.5,   -9.75, 238.5
 24.60,  810.2,   -9.63, 238.5
 24.62,  810.9,   -9.50, 238.5
 24.64,  811.5,   -9.50, 238.5
 24.66,  812.1,   -9.63, 238.5
 24.68,  812.8,   -9.63, 238.5
 24.70,  813.5,   -9.50, 238.5
 24.72,  814.1,   -9.38, 238.5
 24.74,  814.7,   -9.50, 238.5
 24.76,  815.3,   -9.75, 238.5
 24.78,  815.9,   -9.75, 238.5
 24.80,  816.5,   -9.75, 238.5
 24.82,  817.3,   -9.63, 238.5
 24.84,  817.9,   -9.63, 225.8
 24.86,  818.4,   -9.75, 225.8
 24.88,  819.0,   -9.88, 225.8
 24.90,  819.6,  -10.00, 225.8
 24.92,  820.4,  -10.00, 225.8
 24.94,  821.1,  -10.00, 225.8
 24.96,  821.7,   -9.88, 225.8
 24.98,  822.4,  -10.00, 225.8
 25.00,  823.1,  -10.13, 225.8
 25.02,  823.7,  -10.38, 225.8
 25.04,  824.4,  -10.38, 225.8
 25.06,  825.2,  -10.50, 225.8
 25.08,  825.8,  -10.50, 225.8
 25.10,  826.4,  -10.63, 225.8
 25.12,  827.2,  -10.75, 225.8
 25.14,  827.9,  -10.75, 225.8
 25.16,  828.6,  -10.75, 225.8
 25.18,  829.4,  -10.75, 225.8
 25.20,  830.0,  -10.75, 225.8
 25.22,  830.8,  -10.75, 225.8
 25.24,  831.6,  -10.88, 225.8
 25.26,  832.4,  -10.88, 225.8
 25.28,  833.2,  -10.88, 225.8
 25.30,  833.9,  -11.00, 225.8
 25.32,  834.6,  -11.13, 225.8
 25.34,  835.3,  -11.25, 225.8
 25.36,  836.0,  -11.25, 225.8
 25.38,  836.8,  -11.38, 225.8
 25.40,  837.6,  -11.25, 225.8
 25.42,  838.4,  -11.38, 225.8
 25.44,  839.2,  -11.38, 225.8
 25.46,  839.9,  -11.25, 225.8
 25.48,  840.7,  -11.38, 225.8
 25.50,  841.4,  -11.13, 225.8
 25.52,  842.2,  -11.13, 225.8
 25.54,  843.0,  -11.00, 225.8
 25.56,  843.6,  -11.00, 225.8
 25.58,  844.4,  -11.00, 225.8
 25.60,  845.2,  -11.00, 225.8
 25.62,  846.0,  -11.13, 225.8
 25.64,  846.7,  -11.13, 225.8
 25.66,  847.4,  -11.13, 225.8
 25.68,  848.0,  -11.00, 225.8
 25.70,  848.8,  -11.00, 225.8
 25.72,  849.6,  -10.75, 225.8
 25.74,  850.4,  -10.75, 225.8
 25.76,  851.0,  -10.75, 225.8
 25.78,  851.6,  -10.75, 225.8
 25.80,  852.4,  -10.75, 225.8
 25.82,  853.2,  -10.50, 225.8
 25.84,  853.9,  -10.50, 225.8
 25.86,  854.4,  -10.25, 225.8
 25.88,  855.2,  -10.50, 225.8
 25.90,  855.8,  -10.50, 225.8
 25.92,  856.4,  -10.50, 225.8
 25.94,  857.2,  -10.38, 225.8
 25.96,  857.9,  -10.13, 225.8
 25.98,  858.4,  -10.25, 225.8
 26.00,  859.2,  -10.38, 225.8
 26.02,  859.8,  -10.38, 225.8
 26.04,  860.4,  -10.13, 225.8
 26.06,  861.2,  -10.00, 225.8
 26.08,  861.8,  -10.00, 225.8
 26.10,  862.4,  -10.13, 225.8
 26.12,  863.1,  -10.13, 225.8
 26.14,  863.6,  -10.00, 225.8
 26.16,  864.4,  -10.00, 225.8
 26.18,  864.8,  -10.13, 225.8
 26.20,  865.6,  -10.38, 225.8
 26.22,  866.2,  -10.38, 225.8
 26.24,  866.8,  -10.38, 225.8
 26.26,  867.5,  -10.38, 225.8
 26.28,  868.0,  -10.25, 225.8
 26.30,  868.8,  -10.38, 225.8
 26.32,  869.5,  -10.38, 225.8
 26.34,  870.0,  -10.50, 225.8
 26.36,  870.8,  -10.38, 225.8
 26.38,  871.5,  -10.38, 225.8
 26.40,  872.0,  -10.25, 225.8
 26.42,  872.8,  -10.38, 225.8
 26.44,  873.4,  -10.75, 225.8
 26.46,  874.0,  -10.88, 225.8
 26.48,  874.8,  -11.00, 225.8
 26.50,  875.5,  -11.13, 225.8
 26.52,  876.2,  -11.25, 225.8
 26.54,  876.8,  -11.13, 225.8
 26.56,  877.6,  -11.25, 225.8
 26.58,  878.4,  -11.13, 225.8
 26.60,  879.1,  -11.00, 225.8
 26.62,  879.7,  -11.00, 225.8
 26.64,  880.4,  -11.13, 225.8
 26.66,  881.2,  -11.25, 225.8
 26.68,  882.0,  -11.25, 225.8
 26.70,  882.8,  -11.50, 225.8
 26.72,  883.5,  -11.50, 225.8
 26.74,  884.1,  -11.63, 225.8
 26.76,  884.8,  -11.75, 225.8
 26.78,  885.6,  -11.88, 225.8
 26.80,  886.4,  -11.88, 225.8
 26.82,  887.2,  -11.88, 225.8
 26.84,  888.0,  -11.88, 225.8
 26.86,  888.8,  -11.88, 225.8
 26.88,  889.6,  -11.88, 225.8
 26.90,  890.4,  -11.88, 225.8
 26.92,  891.1,  -11.88, 225.8
 26.94,  891.8,  -11.88, 225.8
 26.96,  892.5,  -11.75, 225.8
 26.98,  893.2,  -11.75, 225.8
 27.00,  894.0,  -11.63, 225.8
 27.02,  894.8,  -11.63, 225.8
 27.04,  895.6,  -11.50, 225.8
 27.06,  896.4,  -11.63, 225.8
 27.08,  897.2,  -11.75, 225.8
 27.10,  897.9,  -11.75, 225.8
 27.12,  898.6,  -11.75, 225.8
 27.14,  899.3,  -11.63, 225.8
 27.16,  900.0,  -11.50, 225.8
 27.18,  900.8,  -11.25, 225.8
 27.20,  901.6,  -11.25, 225.8
 27.22,  902.2,  -11.25, 225.8
 27.24,  902.9,  -11.38, 225.3
 27.26,  903.6,  -11.38, 225.3
 27.28,  904.4,  -11.25, 225.3
 27.30,  905.0,  -11.25, 225.3
 27.32,  905.6,  -11.00, 225.3
 27.34,  906.4,  -11.00, 225.3
 27.36,  907.2,  -11.00, 225.3
 27.38,  907.7,  -11.13, 225.3
 27.40,  908.4,  -11.00, 225.3
 27.42,  909.2,  -10.88, 225.3
 27.44,  909.9,  -10.75, 225.3
 27.46,  910.4,  -10.88, 225.3
 27.48,  911.2,  -11.00, 225.3
 27.50,  911.8,  -10.88, 225.3
 27.52,  912.4,  -10.88, 225.3
 27.54,  913.2,  -10.63, 225.3
 27.56,  913.6,  -10.63, 225.3
 27.58,  914.4,  -10.88, 225.3
 27.60,  914.9,  -10.88, 225.3
 27.62,  915.6,  -10.88, 225.3
 27.64,  916.4,  -10.63, 225.3
 27.66,  916.9,  -10.75, 225.3
 27.68,  917.6,  -10.88, 225.3
 27.70,  918.3,  -10.88, 225.3
 27.72,  918.8,  -11.00, 225.3
 27.74,  919.6,  -10.88, 225.3
 27.76,  920.2,  -10.88, 225.3
 27.78,  920.8,  -10.75, 225.3
 27.80,  921.6,  -11.00, 225.3
 27.82,  922.1,  -11.13, 225.3
 27.84,  922.8,  -11.25, 225.3
 27.86,  923.6,  -11.25, 225.3
 27.88,  924.1,  -11.25, 225.3
 27.90,  924.8,  -11.25, 225.3
 27.92,  925.6,  -11.13, 225.3
 27.94,  926.2,  -11.38, 225.3
 27.96,  926.9,  -11.38, 225.3
 27.98,  927.6,  -11.63, 225.3
 28.00,  928.4,  -11.75, 225.3
 28.02,  929.2,  -11.75, 225.3
 28.04,  929.8,  -11.88, 225.3
 28.06,  930.4,  -11.88, 225.3
 28.08,  931.2,  -12.00, 225.3
 28.10,  932.0,  -12.00, 225.3
 28.12,  932.6,  -12.13, 225.3
 28.14,  933.4,  -12.13, 225.3
 28.16,  934.1,  -12.13, 225.3
 28.18,  934.8,  -12.13, 225.3
 28.20,  935.6,  -12.13, 225.3
 28.22,  936.4,  -12.13, 225.3
 28.24,  937.2,  -12.00, 225.3
 28.26,  938.0,  -12.13, 225.3
 28.28,  938.8,  -12.13, 225.3
 28.30,  939.6,  -12.13, 225.3
 28.32,  940.4,  -12.25, 225.3
 28.34,  941.0,  -12.25, 225.3
 28.36,  941.8,  -12.38, 225.3
 28.38,  942.5,  -12.25, 225.3
 28.40,  943.2,  -12.38, 225.3
 28.42,  944.0,  -12.38, 225.3
 28.44,  944.8,  -12.38, 225.3
 28.46,  945.6,  -12.38, 225.3
 28.48,  946.4,  -12.38, 225.3
 28.50,  947.2,  -12.38, 225.3
 28.52,  948.0,  -12.25, 225.3
 28.54,  948.7,  -12.25, 225.3
 28.56,  949.5,  -12.13, 225.3
 28.58,  950.2,  -12.13, 225.3
 28.60,  950.8,  -12.00, 225.3
 28.62,  951.6,  -12.13, 225.3
 28.64,  952.4,  -12.13, 225.3
 28.66,  953.2,  -12.00, 225.3
 28.68,  953.8,  -12.00, 225.3
 28.70,  954.5,  -11.88, 225.3
 28.72,  955.2,  -11.88, 225.3
 28.74,  956.0,  -11.63, 225.3
 28.76,  956.7,  -11.63, 225.3
 28.78,  957.4,  -11.75, 225.3
 28.80,  958.0,  -11.75, 225.3
 28.82,  958.8,  -11.75, 225.3
 28.84,  959.5,  -11.50, 225.3
 28.86,  960.2,  -11.50, 225.3
 28.88,  960.8,  -11.50, 225.3
 28.90,  961.5,  -11.50, 225.3
 28.92,  962.1,  -11.63, 225.3
 28.94,  962.8,  -11.50, 225.3
 28.96,  963.5,  -11.38, 225.3
 28.98,  964.1,  -11.13, 225.3
 29.00,  964.8,  -11.38, 225.3
 29.02,  965.5,  -11.38, 225.3
 29.04,  966.1,  -11.50, 225.3
 29.06,  966.8,  -11.38, 225.3
 29.08,  967.5,  -11.13, 225.3
 29.10,  968.1,  -11.38, 225.3
 29.12,  968.8,  -11.50, 225.3
 29.14,  969.4,  -11.50, 225.3
 29.16,  970.0,  -11.50, 225.3
 29.18,  970.8,  -11.50, 225.3
 29.20,  971.4,  -11.38, 225.3
 29.22,  972.0,  -11.38, 225.3
 29.24,  972.7,  -11.50, 225.3
 29.26,  973.3,  -11.63, 225.3
 29.28,  974.0,  -11.75, 225.3
 29.30,  974.7,  -11.75, 225.3
 29.32,  975.4,  -11.75, 225.3
 29.34,  976.0,  -11.63, 225.3
 29.36,  976.8,  -11.63, 225.3
 29.38,  977.5,  -11.88, 225.3
 29.40,  978.2,  -11.88, 225.3
 29.42,  978.8,  -12.00, 225.3
 29.44,  979.6,  -12.13, 225.3
 29.46,  980.2,  -12.25, 225.3
 29.48,  980.9,  -12.25, 225.3
 29.50,  981.6,  -12.38, 225.3
 29.52,  982.4,  -12.38, 225.3
 29.54,  983.1,  -12.38, 225.3
 29.56,  983.8,  -12.50, 225.3
 29.58,  984.6,  -12.38, 225.3
 29.60,  985.3,  -12.50, 225.3
 29.62,  986.1,  -12.50, 225.3
 29.64,  986.8,  -12.50, 220.8
 29.66,  987.6,  -12.50, 220.8
 29.68,  988.4,  -12.50, 220.8
 29.70,  989.1,  -12.75, 220.8
 29.72,  989.9,  -12.63, 220.8
 29.74,  990.6,  -12.75, 220.8
 29.76,  991.4,  -12.75, 220.8
 29.78,  992.1,  -12.88, 220.8
 29.80,  992.9,  -12.88, 220.8
 29.82,  993.6,  -12.88, 220.8
 29.84,  994.4,  -13.00, 220.8
 29.86,  995.2,  -12.88, 220.8
 29.88,  996.0,  -13.00, 220.8
 29.90,  996.8,  -13.00, 220.8
 29.92,  997.6,  -13.00, 220.8
 29.94,  998.3,  -13.00, 220.8
 29.96,  999.1,  -12.88, 220.8
 29.98,  999.9,  -12.88, 220.8
 30.00, 1000.6,  -12.75, 220.8
 30.02, 1001.4,  -12.75, 220.8
 30.04, 1002.1,  -12.63, 220.8
 30.06, 1002.8,  -12.50, 220.8
 30.08, 1003.6,  -12.63, 220.8
 30.10, 1004.4,  -12.63, 220.8
 30.12, 1005.1,  -12.75, 220.8
 30.14, 1005.8,  -12.63, 220.8
 30.16, 1006.6,  -12.63, 220.8
 30.18, 1007.3,  -12.50, 220.8
 30.20, 1008.0,  -12.38, 220.8
 30.22, 1008.7,  -12.25, 220.8
 30.24, 1009.4,  -12.25, 220.8
 30.26, 1010.2,  -12.38, 220.8
 30.28, 1010.8,  -12.25, 220.8
 30.30, 1011.6,  -12.38, 220.8
 30.32, 1012.2,  -12.13, 220.8
 30.34, 1012.9,  -12.13, 220.8
 30.36, 1013.5,  -12.13, 220.8
 30.38, 1014.2,  -12.00, 220.8
 30.40, 1014.9,  -12.25, 220.8
 30.42, 1015.5,  -12.13, 220.8
 30.44, 1016.2,  -12.00, 220.8
 30.46, 1016.9,  -11.88, 220.8
 30.48, 1017.5,  -12.00, 220.8
 30.50, 1018.2,  -12.00, 220.8
 30.52, 1018.9,  -12.00, 220.8
 30.54, 1019.5,  -12.00, 220.8
 30.56, 1020.2,  -11.88, 220.8
 30.58, 1020.9,  -11.88, 220.8
 30.60, 1021.4,  -11.88, 220.8
 30.62, 1022.1,  -12.00, 220.8
 30.64, 1022.8,  -12.13, 220.8
 30.66, 1023.5,  -12.13, 220.8
 30.68, 1024.1,  -12.13, 220.8
 30.70, 1024.8,  -12.00, 220.8
 30.72, 1025.4,  -12.13, 220.8
 30.74, 1026.1,  -12.13, 220.8
 30.76, 1026.9,  -12.25, 220.8
 30.78, 1027.5,  -12.38, 220.8
 30.80, 1028.2,  -12.38, 220.8
 30.82, 1028.9,  -12.38, 220.8
 30.84, 1029.6,  -12.38, 220.8
 30.86, 1030.2,  -12.50, 220.8
 30.88, 1030.9,  -12.38, 220.8
 30.90, 1031.7,  -12.50, 220.8
 30.92, 1032.3,  -12.63, 220.8
 30.94, 1033.1,  -12.63, 220.8
 30.96, 1033.7,  -12.88, 220.8
 30.98, 1034.5,  -12.88, 220.8
 31.00, 1035.3,  -13.00, 220.8
 31.02, 1036.0,  -13.00, 220.8
 31.04, 1036.7,  -13.00, 220.8
 31.06, 1037.5,  -13.13, 220.8
 31.08, 1038.2,  -13.13, 220.8
 31.10, 1038.9,  -13.25, 220.8
 31.12, 1039.7,  -13.25, 220.8
 31.14, 1040.5,  -13.38, 220.8
 31.16, 1041.3,  -13.25, 220.8
 31.18, 1042.0,  -13.38, 220.8
 31.20, 1042.7,  -13.38, 220.8
 31.22, 1043.5,  -13.38, 220.8
 31.24, 1044.3,  -13.50, 220.8
 31.26, 1045.1,  -13.38, 220.8
 31.28, 1045.9,  -13.50, 220.8
 31.30, 1046.7,  -13.38, 220.8
 31.32, 1047.4,  -13.38, 220.8
 31.34, 1048.2,  -13.50, 220.8
 31.36, 1048.9,  -13.38, 220.8
 31.38, 1049.7,  -13.50, 220.8
 31.40, 1050.5,  -13.38, 220.8
 31.42, 1051.3,  -13.50, 220.8
 31.44, 1052.1,  -13.50, 220.8
 31.46, 1052.8,  -13.50, 220.8
 31.48, 1053.5,  -13.50, 220.8
 31.50, 1054.2,  -13.50, 220.8
 31.52, 1055.0,  -13.50, 220.8
 31.54, 1055.7,  -13.38, 220.8
 31.56, 1056.5,  -13.25, 220.8
 31.58, 1057.3,  -13.13, 220.8
 31.60, 1058.1,  -13.13, 220.8
 31.62, 1058.9,  -13.13, 220.8
 31.64, 1059.5,  -13.13, 220.8
 31.66, 1060.3,  -13.25, 220.8
 31.68, 1060.9,  -13.13, 220.8
 31.70, 1061.7,  -13.13, 220.8
 31.72, 1062.4,  -13.00, 220.8
 31.74, 1063.0,  -12.88, 220.8
 31.76, 1063.7,  -12.88, 220.8
 31.78, 1064.5,  -12.88, 220.8
 31.80, 1065.2,  -12.88, 220.8
 31.82, 1065.9,  -12.88, 220.8
 31.84, 1066.5,  -12.88, 220.8
 31.86, 1067.3,  -12.75, 220.8
 31.88, 1068.0,  -12.63, 220.8
 31.90, 1068.6,  -12.75, 220.8
 31.92, 1069.3,  -12.75, 220.8
 31.94, 1070.1,  -12.75, 220.8
 31.96, 1070.7,  -12.50, 220.8
 31.98, 1071.3,  -12.50, 220.8
 32.00, 1072.0,  -12.63, 220.8
 32.02, 1072.6,  -12.50, 220.8
 32.04, 1073.3,  -12.75, 212.0
 32.06, 1073.9,  -12.75, 212.0
 32.08, 1074.6,  -12.75, 212.0
 32.10, 1075.3,  -12.63, 212.0
 32.12, 1076.1,  -12.63, 212.0
 32.14, 1076.6,  -12.75, 212.0
 32.16, 1077.3,  -12.75, 212.0
 32.18, 1078.1,  -12.88, 212.0
 32.20, 1078.7,  -12.88, 212.0
 32.22, 1079.3,  -12.88, 212.0
 32.24, 1080.1,  -12.88, 212.0
 32.26, 1080.7,  -12.88, 212.0
 32.28, 1081.3,  -12.88, 212.0
 32.30, 1082.1,  -12.88, 212.0
 32.32, 1082.7,  -13.00, 212.0
 32.34, 1083.4,  -13.13, 212.0
 32.36, 1084.1,  -13.25, 212.0
 32.38, 1084.9,  -13.38, 212.0
 32.40, 1085.7,  -13.38, 212.0
 32.42, 1086.3,  -13.50, 212.0
 32.44, 1087.0,  -13.38, 212.0
 32.46, 1087.7,  -13.50, 212.0
 32.48, 1088.5,  -13.38, 212.0
 32.50, 1089.3,  -13.50, 212.0
 32.52, 1089.9,  -13.63, 212.0
 32.54, 1090.7,  -13.63, 212.0
 32.56, 1091.3,  -13.75, 212.0
 32.58, 1092.1,  -13.75, 212.0
 32.60, 1092.9,  -13.88, 212.0
 32.62, 1093.7,  -13.88, 212.0
 32.64, 1094.5,  -13.88, 212.0
 32.66, 1095.3,  -14.00, 212.0
 32.68, 1096.0,  -14.00, 212.0
 32.70, 1096.7,  -14.13, 212.0
 32.72, 1097.5,  -14.13, 212.0
 32.74, 1098.3,  -14.13, 212.0
 32.76, 1099.1,  -14.13, 212.0
 32.78, 1099.8,  -14.13, 212.0
 32.80, 1100.5,  -14.25, 212.0
 32.82, 1101.3,  -14.13, 212.0
 32.84, 1102.1,  -14.25, 212.0
 32.86, 1102.9,  -14.13, 212.0
 32.88, 1103.7,  -14.25, 212.0
 32.90, 1104.5,  -14.13, 212.0
 32.92, 1105.3,  -14.00, 212.0
 32.94, 1106.0,  -14.13, 212.0
 32.96, 1106.7,  -14.00, 212.0
 32.98, 1107.4,  -14.00, 212.0
 33.00, 1108.2,  -14.00, 212.0
 33.02, 1109.0,  -14.00, 212.0
 33.04, 1109.7,  -14.00, 212.0
 33.06, 1110.4,  -14.00, 212.0
 33.08, 1111.2,  -14.13, 212.0
 33.10, 1112.0,  -14.00, 212.0
 33.12, 1112.6,  -13.88, 212.0
 33.14, 1113.3,  -13.75, 212.0
 33.16, 1114.0,  -13.63, 212.0
 33.18, 1114.8,  -13.63, 212.0
 33.20, 1115.6,  -13.50, 212.0
 33.22, 1116.2,  -13.63, 212.0
 33.24, 1117.0,  -13.63, 212.0
 33.26, 1117.6,  -13.63, 212.0
 33.28, 1118.4,  -13.50, 212.0
 33.30, 1119.2,  -13.50, 212.0
 33.32, 1119.8,  -13.50, 212.0
 33.34, 1120.4,  -13.38, 212.0
 33.36, 1121.2,  -13.63, 212.0
 33.38, 1121.8,  -13.50, 212.0
 33.40, 1122.4,  -13.38, 212.0
 33.42, 1123.1,  -13.38, 212.0
 33.44, 1123.7,  -13.13, 212.0
 33.46, 1124.3,  -13.25, 212.0
 33.48, 1125.1,  -13.25, 212.0
 33.50, 1125.7,  -13.38, 212.0
 33.52, 1126.5,  -13.38, 212.0
 33.54, 1127.1,  -13.25, 212.0
 33.56, 1127.8,  -13.25, 212.0
 33.58, 1128.4,  -13.38, 212.0
 33.60, 1129.0,  -13.50, 212.0
 33.62, 1129.8,  -13.50, 212.0
 33.64, 1130.4,  -13.63, 212.0
 33.66, 1131.0,  -13.50, 212.0
 33.68, 1131.8,  -13.38, 212.0
 33.70, 1132.4,  -13.50, 212.0
 33.72, 1133.0,  -13.50, 212.0
 33.74, 1133.8,  -13.50, 212.0
 33.76, 1134.4,  -13.50, 212.0
 33.78, 1135.2,  -13.75, 212.0
 33.80, 1135.8,  -13.88, 212.0
 33.82, 1136.6,  -13.88, 212.0
 33.84, 1137.2,  -14.00, 212.0
 33.86, 1138.0,  -13.88, 212.0
 33.88, 1138.6,  -14.00, 212.0
 33.90, 1139.4,  -14.00, 212.0
 33.92, 1140.2,  -13.88, 212.0
 33.94, 1140.8,  -14.13, 212.0
 33.96, 1141.6,  -14.13, 212.0
 33.98, 1142.2,  -14.25, 212.0
 34.00, 1143.0,  -14.25, 212.0
 34.02, 1143.8,  -14.38, 212.0
 34.04, 1144.6,  -14.38, 212.0
 34.06, 1145.2,  -14.38, 212.0
 34.08, 1146.0,  -14.63, 212.0
 34.10, 1146.8,  -14.63, 212.0
 34.12, 1147.6,  -14.75, 212.0
 34.14, 1148.4,  -14.75, 212.0
 34.16, 1149.0,  -14.88, 212.0
 34.18, 1149.8,  -14.88, 212.0
 34.20, 1150.6,  -14.75, 212.0
 34.22, 1151.4,  -14.88, 212.0
 34.24, 1152.2,  -14.75, 212.0
 34.26, 1153.0,  -14.88, 212.0
 34.28, 1153.7,  -14.75, 212.0
 34.30, 1154.4,  -14.75, 212.0
 34.32, 1155.2,  -14.75, 212.0
 34.34, 1156.0,  -14.75, 212.0
 34.36, 1156.8,  -14.75, 212.0
 34.38, 1157.6,  -14.63, 212.0
 34.40, 1158.4,  -14.63, 212.0
 34.42, 1159.2,  -14.75, 212.0
 34.44, 1159.9,  -14.63, 207.6
 34.46, 1160.6,  -14.75, 207.6
 34.48, 1161.4,  -14.75, 207.6
 34.50, 1162.2,  -14.88, 207.6
 34.52, 1163.0,  -14.75, 207.6
 34.54, 1163.6,  -14.75, 207.6
 34.56, 1164.4,  -14.75, 207.6
 34.58, 1165.2,  -14.50, 207.6
 34.60, 1165.8,  -14.50, 207.6
 34.62, 1166.6,  -14.38, 207.6
 34.64, 1167.3,  -14.38, 207.6
 34.66, 1168.0,  -14.38, 207.6
 34.68, 1168.8,  -14.38, 207.6
 34.70, 1169.6,  -14.50, 207.6
 34.72, 1170.2,  -14.38, 207.6
 34.74, 1170.9,  -14.38, 207.6
 34.76, 1171.5,  -14.13, 207.6
 34.78, 1172.3,  -14.00, 207.6
 34.80, 1172.9,  -14.13, 207.6
 34.82, 1173.7,  -14.13, 207.6
 34.84, 1174.3,  -14.25, 207.6
 34.86, 1175.1,  -14.13, 207.6
 34.88, 1175.7,  -14.13, 207.6
 34.90, 1176.3,  -14.00, 207.6
 34.92, 1177.1,  -13.88, 207.6
 34.94, 1177.7,  -14.00, 207.6
 34.96, 1178.5,  -14.13, 207.6
 34.98, 1179.1,  -14.13, 207.6
 35.00, 1179.9,  -14.13, 207.6
 35.02, 1180.5,  -14.00, 207.6
 35.04, 1181.2,  -14.00, 207.6
 35.06, 1181.9,  -14.00, 207.6
 35.08, 1182.5,  -14.13, 207.6
 35.10, 1183.1,  -14.13, 207.6
 35.12, 1183.8,  -14.25, 207.6
 35.14, 1184.5,  -14.25, 207.6
 35.16, 1185.2,  -14.13, 207.6
 35.18, 1185.8,  -14.13, 207.6
 35.20, 1186.6,  -14.00, 207.6
 35.22, 1187.2,  -14.25, 207.6
 35.24, 1187.8,  -14.25, 207.6
 35.26, 1188.6,  -14.38, 207.6
 35.28, 1189.4,  -14.50, 207.6
 35.30, 1190.1,  -14.50, 207.6
 35.32, 1190.8,  -14.63, 207.6
 35.34, 1191.4,  -14.50, 207.6
 35.36, 1192.2,  -14.50, 207.6
 35.38, 1192.9,  -14.50, 207.6
 35.40, 1193.6,  -14.50, 207.6
 35.42, 1194.2,  -14.63, 207.6
 35.44, 1195.0,  -14.63, 207.6
 35.46, 1195.8,  -14.88, 207.6
 35.48, 1196.5,  -14.88, 207.6
 35.50, 1197.2,  -15.00, 207.6
 35.52, 1198.0,  -15.13, 207.6
 35.54, 1198.6,  -15.13, 207.6
 35.56, 1199.4,  -15.25, 207.6
 35.58, 1200.2,  -15.13, 207.6
 35.60, 1201.0,  -15.25, 207.6
 35.62, 1201.8,  -15.38, 207.6
 35.64, 1202.6,  -15.25, 207.6
 35.66, 1203.3,  -15.38, 207.6
 35.68, 1204.0,  -15.38, 207.6
 35.70, 1204.8,  -15.50, 207.6
 35.72, 1205.5,  -15.50, 207.6
 35.74, 1206.1,  -15.50, 207.6
 35.76, 1206.9,  -15.63, 207.6
 35.78, 1207.7,  -15.50, 207.6
 35.80, 1208.5,  -15.63, 207.6
 35.82, 1209.3,  -15.50, 207.6
 35.84, 1210.1,  -15.50, 207.6
 35.86, 1210.9,  -15.38, 207.6
 35.88, 1211.7,  -15.13, 207.6
 35.90, 1212.5,  -15.38, 207.6
 35.92, 1213.3,  -15.25, 207.6
 35.94, 1214.1,  -15.38, 207.6
 35.96, 1214.8,  -15.38, 207.6
 35.98, 1215.6,  -15.38, 207.6
 36.00, 1216.3,  -15.50, 207.6
 36.02, 1216.9,  -15.38, 207.6
 36.04, 1217.7,  -15.50, 207.6
 36.06, 1218.5,  -15.38, 207.6
 36.08, 1219.3,  -15.50, 207.6
 36.10, 1220.1,  -15.38, 207.6
 36.12, 1220.8,  -15.13, 207.6
 36.14, 1221.5,  -15.00, 207.6
 36.16, 1222.2,  -14.88, 207.6
 36.18, 1222.9,  -15.13, 207.6
 36.20, 1223.7,  -15.13, 207.6
 36.22, 1224.5,  -15.00, 207.6
 36.24, 1225.2,  -15.00, 207.6
 36.26, 1225.9,  -15.00, 207.6
 36.28, 1226.5,  -14.88, 207.6
 36.30, 1227.3,  -14.75, 207.6
 36.32, 1228.0,  -14.75, 207.6
 36.34, 1228.5,  -14.88, 207.6
 36.36, 1229.2,  -14.88, 207.6
 36.38, 1230.0,  -15.00, 207.6
 36.40, 1230.7,  -14.88, 207.6
 36.42, 1231.4,  -14.88, 207.6
 36.44, 1232.0,  -14.63, 207.6
 36.46, 1232.8,  -14.50, 207.6
 36.48, 1233.4,  -14.88, 207.6
 36.50, 1234.0,  -14.75, 207.6
 36.52, 1234.8,  -14.88, 207.6
 36.54, 1235.5,  -14.75, 207.6
 36.56, 1236.1,  -14.63, 207.6
 36.58, 1236.8,  -14.63, 207.6
 36.60, 1237.6,  -14.63, 207.6
 36.62, 1238.1,  -14.88, 207.6
 36.64, 1238.7,  -14.88, 207.6
 36.66, 1239.5,  -15.00, 207.6
 36.68, 1240.2,  -15.00, 207.6
 36.70, 1240.8,  -15.00, 207.6
 36.72, 1241.5,  -15.00, 207.6
 36.74, 1242.3,  -14.88, 207.6
 36.76, 1243.1,  -15.00, 207.6
 36.78, 1243.7,  -15.00, 207.6
 36.80, 1244.3,  -15.13, 207.6
 36.82, 1245.1,  -15.25, 207.6
 36.84, 1245.9,  -15.25, 207.6
 36.86, 1246.6,  -15.38, 207.6
 36.88, 1247.1,  -15.38, 207.6
 36.90, 1247.9,  -15.50, 207.6
 36.92, 1248.7,  -15.63, 207.6
 36.94, 1249.5,  -15.50, 207.6
 36.96, 1250.1,  -15.63, 207.6
 36.98, 1250.9,  -15.63, 207.6
 37.00, 1251.5,  -15.63, 207.6
 37.02, 1252.3,  -15.63, 207.6
 37.04, 1253.1,  -15.50, 207.6
 37.06, 1253.9,  -15.63, 207.6
 37.08, 1254.7,  -15.63, 207.6
 37.10, 1255.5,  -15.75, 207.6
 37.12, 1256.3,  -15.75, 207.6
 37.14, 1257.0,  -15.75, 207.6
 37.16, 1257.7,  -15.88, 207.6
 37.18, 1258.4,  -15.88, 207.6
 37.20, 1259.1,  -16.00, 207.6
 37.22, 1259.9,  -16.00, 207.6
 37.24, 1260.7,  -16.00, 207.6
 37.26, 1261.4,  -16.13, 207.6
 37.28, 1262.2,  -16.13, 207.6
 37.30, 1263.0,  -16.25, 207.6
 37.32, 1263.8,  -16.25, 207.6
 37.34, 1264.6,  -16.25, 207.6
 37.36, 1265.4,  -16.25, 207.6
 37.38, 1266.2,  -16.13, 207.6
 37.40, 1267.0,  -16.25, 207.6
 37.42, 1267.8,  -16.13, 207.6
 37.44, 1268.5,  -16.25, 207.6
 37.46, 1269.2,  -16.13, 207.6
 37.48, 1269.9,  -16.13, 207.6
 37.50, 1270.7,  -16.13, 207.6
 37.52, 1271.4,  -16.00, 207.6
 37.54, 1272.2,  -16.00, 207.6
 37.56, 1273.0,  -15.88, 207.6
 37.58, 1273.8,  -15.88, 207.6
 37.60, 1274.6,  -15.88, 207.6
 37.62, 1275.4,  -15.88, 207.6
 37.64, 1276.2,  -16.00, 207.6
 37.66, 1277.0,  -15.88, 207.6
 37.68, 1277.6,  -15.88, 207.6
 37.70, 1278.2,  -15.88, 207.6
 37.72, 1279.0,  -15.75, 207.6
 37.74, 1279.8,  -15.75, 207.6
 37.76, 1280.5,  -15.50, 207.6
 37.78, 1281.2,  -15.50, 207.6
 37.80, 1281.8,  -15.50, 207.6
 37.82, 1282.6,  -15.50, 207.6
 37.84, 1283.4,  -15.63, 207.6
 37.86, 1284.2,  -15.50, 207.6
 37.88, 1284.8,  -15.50, 207.6
 37.90, 1285.4,  -15.38, 207.6
 37.92, 1286.2,  -15.38, 207.6
 37.94, 1287.0,  -15.38, 207.6
 37.96, 1287.6,  -15.50, 207.6
 37.98, 1288.2,  -15.63, 207.6
 38.00, 1289.0,  -15.50, 207.6
 38.02, 1289.8,  -15.50, 207.6
 38.04, 1290.3,  -15.50, 207.6
 38.06, 1291.0,  -15.25, 207.6
 38.08, 1291.8,  -15.25, 207.6
 38.10, 1292.4,  -15.25, 207.6
 38.12, 1293.0,  -15.50, 207.6
 38.14, 1293.8,  -15.50, 207.6
 38.16, 1294.6,  -15.63, 207.6
 38.18, 1295.2,  -15.75, 207.6
 38.20, 1295.8,  -15.63, 207.6
 38.22, 1296.6,  -15.63, 207.6
 38.24, 1297.4,  -15.50, 207.6
 38.26, 1298.0,  -15.63, 207.6
 38.28, 1298.6,  -15.75, 207.6
 38.30, 1299.4,  -15.75, 207.6
 38.32, 1300.2,  -15.88, 207.6
 38.34, 1300.8,  -15.88, 207.6
 38.36, 1301.5,  -16.00, 207.6
 38.38, 1302.2,  -16.00, 207.6
 38.40, 1303.0,  -16.00, 207.6
 38.42, 1303.7,  -16.13, 207.6
 38.44, 1304.5,  -16.13, 207.6
 38.46, 1305.2,  -16.25, 207.6
 38.48, 1305.9,  -16.25, 207.6
 38.50, 1306.7,  -16.13, 207.6
 38.52, 1307.4,  -16.25, 207.6
 38.54, 1308.2,  -16.13, 207.6
 38.56, 1309.0,  -16.38, 207.6
 38.58, 1309.8,  -16.25, 207.6
 38.60, 1310.6,  -16.38, 207.6
 38.62, 1311.3,  -16.38, 207.6
 38.64, 1312.0,  -16.38, 207.6
 38.66, 1312.8,  -16.50, 207.6
 38.68, 1313.5,  -16.50, 207.6
 38.70, 1314.3,  -16.50, 207.6
 38.72, 1315.1,  -16.63, 207.6
 38.74, 1315.9,  -16.50, 207.6
 38.76, 1316.7,  -16.75, 207.6
 38.78, 1317.5,  -16.63, 207.6
 38.80, 1318.3,  -16.75, 207.6
 38.82, 1319.1,  -16.88, 207.6
 38.84, 1319.8,  -16.75, 207.6
 38.86, 1320.6,  -16.88, 207.6
 38.88, 1321.4,  -16.88, 207.6
 38.90, 1322.2,  -16.88, 207.6
 38.92, 1323.0,  -16.88, 207.6
 38.94, 1323.7,  -16.88, 207.6
 38.96, 1324.5,  -16.88, 207.6
 38.98, 1325.3,  -16.88, 207.6
 39.00, 1326.1,  -16.88, 207.6
 39.02, 1326.9,  -16.88, 207.6
 39.04, 1327.7,  -16.75, 207.6
 39.06, 1328.4,  -16.75, 207.6
 39.08, 1329.2,  -16.63, 207.6
 39.10, 1330.0,  -16.50, 207.6
 39.12, 1330.7,  -16.38, 207.6
 39.14, 1331.4,  -16.38, 207.6
 39.16, 1332.2,  -16.50, 207.6
 39.18, 1333.0,  -16.38, 207.6
 39.20, 1333.7,  -16.50, 207.6
 39.22, 1334.4,  -16.50, 207.6
 39.24, 1335.2,  -16.50, 207.6
 39.26, 1335.9,  -16.50, 207.6
 39.28, 1336.6,  -16.38, 207.6
 39.30, 1337.3,  -16.38, 207.6
 39.32, 1338.1,  -16.13, 207.6
 39.34, 1338.8,  -16.13, 207.6
 39.36, 1339.5,  -16.13, 207.6
 39.38, 1340.2,  -16.25, 207.6
 39.40, 1341.0,  -16.25, 207.6
 39.42, 1341.7,  -16.13, 207.6
 39.44, 1342.4,  -16.13, 207.6
 39.46, 1343.0,  -16.00, 207.6
 39.48, 1343.8,  -15.88, 207.6
 39.50, 1344.5,  -16.00, 207.6
 39.52, 1345.1,  -16.00, 207.6
 39.54, 1345.8,  -16.13, 207.6
 39.56, 1346.6,  -16.25, 207.6
 39.58, 1347.2,  -16.25, 207.6
 39.60, 1348.0,  -16.25, 207.6
 39.62, 1348.6,  -16.13, 207.6
 39.64, 1349.3,  -16.13, 207.6
 39.66, 1350.1,  -16.00, 207.6
 39.68, 1350.8,  -16.13, 207.6
 39.70, 1351.5,  -16.25, 207.6
 39.72, 1352.2,  -16.25, 207.6
 39.74, 1353.0,  -16.38, 207.6
 39.76, 1353.6,  -16.38, 207.6
 39.78, 1354.3,  -16.50, 207.6
 39.80, 1355.0,  -16.50, 207.6
 39.82, 1355.7,  -16.38, 207.6
 39.84, 1356.4,  -16.50, 207.6
 39.86, 1357.2,  -16.50, 207.6
 39.88, 1357.9,  -16.50, 207.6
 39.90, 1358.6,  -16.50, 207.6
 39.92, 1359.4,  -16.50, 207.6
 39.94, 1360.2,  -16.75, 207.6
 39.96, 1360.9,  -16.75, 207.6
 39.98, 1361.6,  -16.88, 207.6
 40.00, 1362.4,  -16.88, 207.6
 40.02, 1363.2,  -17.00, 207.6
 40.04, 1363.9,  -17.00, 207.6
 40.06, 1364.6,  -17.00, 207.6
 40.08, 1365.4,  -17.13, 207.6
 40.10, 1366.1,  -17.25, 207.6
 40.12, 1366.9,  -17.25, 207.6
 40.14, 1367.6,  -17.38, 207.6
 40.16, 1368.4,  -17.38, 207.6
 40.18, 1369.2,  -17.50, 207.6
 40.20, 1370.0,  -17.38, 207.6
 40.22, 1370.8,  -17.38, 207.6
 40.24, 1371.6,  -17.50, 207.6
 40.26, 1372.4,  -17.50, 207.6
 40.28, 1373.2,  -17.50, 207.6
 40.30, 1374.0,  -17.50, 207.6
 40.32, 1374.8,  -17.50, 207.6
 40.34, 1375.6,  -17.50, 207.6
 40.36, 1376.3,  -17.50, 207.6
 40.38, 1377.1,  -17.50, 207.6
 40.40, 1377.8,  -17.50, 207.6
 40.42, 1378.6,  -17.50, 207.6
 40.44, 1379.4,  -17.50, 207.6
 40.46, 1380.2,  -17.50, 207.6
 40.48, 1381.0,  -17.50, 207.6
 40.50, 1381.8,  -17.38, 207.6
 40.52, 1382.6,  -17.38, 207.6
 40.54, 1383.4,  -17.38, 207.6
 40.56, 1384.2,  -17.13, 207.6
 40.58, 1385.0,  -17.25, 207.6
 40.60, 1385.7,  -17.13, 207.6
 40.62, 1386.5,  -17.25, 207.6
 40.64, 1387.2,  -17.25, 207.6
 40.66, 1388.0,  -17.13, 207.6
 40.68, 1388.8,  -17.38, 207.6
 40.70, 1389.5,  -17.25, 207.6
 40.72, 1390.2,  -17.25, 207.6
 40.74, 1390.9,  -17.25, 207.6
 40.76, 1391.6,  -17.13, 207.6
 40.78, 1392.4,  -17.13, 207.6
 40.80, 1393.2,  -17.00, 207.6
 40.82, 1394.0,  -17.00, 207.6
 40.84, 1394.7,  -16.88, 207.6
 40.86, 1395.4,  -16.88, 207.6
 40.88, 1396.1,  -17.00, 207.6
 40.90, 1396.8,  -16.88, 207.6
 40.92, 1397.6,  -16.88, 207.6
 40.94, 1398.3,  -16.75, 207.6
 40.96, 1398.9,  -16.63, 207.6
 40.98, 1399.6,  -16.75, 207.6
 41.00, 1400.4,  -16.75, 207.6
 41.02, 1401.1,  -16.88, 207.6
 41.04, 1401.8,  -17.00, 207.6
 41.06, 1402.4,  -16.88, 207.6
 41.08, 1403.2,  -17.00, 207.6
 41.10, 1403.9,  -16.88, 207.6
 41.12, 1404.6,  -16.88, 207.6
 41.14, 1405.2,  -16.63, 207.6
 41.16, 1406.0,  -16.75, 207.6
 41.18, 1406.8,  -16.88, 207.6
 41.20, 1407.4,  -16.88, 207.6
 41.22, 1408.1,  -17.00, 207.6
 41.24, 1408.8,  -16.88, 207.6
 41.26, 1409.6,  -17.00, 207.6
 41.28, 1410.2,  -17.00, 207.6
 41.30, 1410.9,  -17.00, 207.6
 41.32, 1411.6,  -17.13, 207.6
 41.34, 1412.4,  -17.13, 207.6
 41.36, 1413.1,  -17.13, 207.6
 41.38, 1413.8,  -17.25, 207.6
 41.40, 1414.6,  -17.25, 207.6
 41.42, 1415.3,  -17.38, 207.6
 41.44, 1416.0,  -17.38, 207.6
 41.46, 1416.8,  -17.38, 207.6
 41.48, 1417.6,  -17.50, 207.6
 41.50, 1418.4,  -17.50, 207.6
 41.52, 1419.0,  -17.63, 207.6
 41.54, 1419.7,  -17.63, 207.6
 41.56, 1420.4,  -17.75, 207.6
 41.58, 1421.1,  -17.88, 207.6
 41.60, 1421.9,  -17.88, 207.6
 41.62, 1422.7,  -18.00, 207.6
 41.64, 1423.5,  -18.00, 207.6
 41.66, 1424.3,  -18.13, 207.6
 41.68, 1425.1,  -18.13, 207.6
 41.70, 1425.9,  -18.00, 207.6
 41.72, 1426.7,  -18.13, 207.6
 41.74, 1427.5,  -18.00, 207.6
 41.76, 1428.3,  -18.13, 207.6
 41.78, 1429.1,  -18.13, 207.6
 41.80, 1429.8,  -18.00, 207.6
 41.82, 1430.5,  -18.13, 207.6
 41.84, 1431.3,  -18.00, 207.6
 41.86, 1432.1,  -18.13, 207.6
 41.88, 1432.9,  -18.13, 207.6
 41.90, 1433.7,  -18.13, 207.6
 41.92, 1434.5,  -18.13, 207.6
 41.94, 1435.3,  -18.13, 207.6
 41.96, 1436.1,  -18.25, 207.6
 41.98, 1436.9,  -18.13, 207.6
 42.00, 1437.7,  -18.13, 207.6
 42.02, 1438.4,  -18.13, 207.6
 42.04, 1439.2,  -18.00, 198.8
 42.06, 1439.9,  -18.13, 198.8
 42.08, 1440.7,  -18.00, 198.8
 42.10, 1441.5,  -18.00, 198.8
 42.12, 1442.3,  -18.00, 198.8
 42.14, 1443.1,  -18.00, 198.8
 42.16, 1443.9,  -18.00, 198.8
 42.18, 1444.7,  -18.13, 198.8
 42.20, 1445.3,  -18.00, 198.8
 42.22, 1446.0,  -18.13, 198.8
 42.24, 1446.8,  -18.00, 198.8
 42.26, 1447.5,  -17.88, 198.8
 42.28, 1448.3,  -17.88, 198.8
 42.30, 1449.1,  -17.75, 198.8
 42.32, 1449.9,  -17.75, 198.8
 42.34, 1450.7,  -17.63, 198.8
 42.36, 1451.3,  -17.75, 198.8
 42.38, 1452.1,  -17.75, 198.8
 42.40, 1452.7,  -17.75, 198.8
 42.42, 1453.5,  -17.75, 198.8
 42.44, 1454.3,  -17.63, 198.8
 42.46, 1454.9,  -17.63, 198.8
 42.48, 1455.5,  -17.50, 198.8
 42.50, 1456.3,  -17.50, 198.8
 42.52, 1457.1,  -17.50, 198.8
 42.54, 1457.7,  -17.50, 198.8
 42.56, 1458.5,  -17.63, 198.8
 42.58, 1459.1,  -17.75, 198.8
 42.60, 1459.9,  -17.63, 198.8
 42.62, 1460.7,  -17.50, 198.8
 42.64, 1461.3,  -17.50, 198.8
 42.66, 1462.0,  -17.50, 198.8
 42.68, 1462.7,  -17.50, 198.8
 42.70, 1463.5,  -17.50, 198.8
 42.72, 1464.1,  -17.75, 198.8
 42.74, 1464.9,  -17.75, 198.8
 42.76, 1465.5,  -17.88, 198.8
 42.78, 1466.3,  -17.88, 198.8
 42.80, 1466.9,  -17.75, 198.8
 42.82, 1467.6,  -17.75, 198.8
 42.84, 1468.3,  -17.75, 198.8
 42.86, 1469.1,  -17.88, 198.8
 42.88, 1469.9,  -17.88, 198.8
 42.90, 1470.5,  -17.88, 198.8
 42.92, 1471.3,  -18.00, 198.8
 42.94, 1472.1,  -18.00, 198.8
 42.96, 1472.7,  -18.13, 198.8
 42.98, 1473.5,  -18.13, 198.8
 43.00, 1474.3,  -18.25, 198.8
 43.02, 1475.1,  -18.38, 198.8
 43.04, 1475.7,  -18.38, 198.8
 43.06, 1476.4,  -18.50, 198.8
 43.08, 1477.1,  -18.50, 198.8
 43.10, 1477.9,  -18.50, 198.8
 43.12, 1478.7,  -18.63, 198.8
 43.14, 1479.5,  -18.63, 198.8
 43.16, 1480.3,  -18.75, 198.8
 43.18, 1481.1,  -18.75, 198.8
 43.20, 1481.9,  -18.75, 198.8
 43.22, 1482.7,  -18.88, 198.8
 43.24, 1483.5,  -18.75, 198.8
 43.26, 1484.3,  -18.88, 198.8
 43.28, 1485.0,  -18.88, 198.8
 43.30, 1485.7,  -18.88, 198.8
 43.32, 1486.5,  -18.88, 198.8
 43.34, 1487.3,  -18.88, 198.8
 43.36, 1488.1,  -19.00, 198.8
 43.38, 1488.9,  -19.00, 198.8
 43.40, 1489.7,  -19.00, 198.8
 43.42, 1490.5,  -19.00, 198.8
 43.44, 1491.3,  -19.00, 198.8
 43.46, 1492.1,  -19.00, 198.8
 43.48, 1492.9,  -19.00, 198.8
 43.50, 1493.7,  -18.88, 198.8
 43.52, 1494.5,  -19.00, 198.8
 43.54, 1495.3,  -18.88, 198.8
 43.56, 1496.1,  -18.88, 198.8
 43.58, 1496.9,  -18.88, 198.8
 43.60, 1497.6,  -18.75, 198.8
 43.62, 1498.3,  -18.88, 198.8
 43.64, 1499.0,  -18.88, 198.8
 43.66, 1499.8,  -18.75, 198.8
 43.68, 1500.6,  -18.75, 198.8
 43.70, 1501.4,  -18.75, 198.8
 43.72, 1502.1,  -18.88, 198.8
 43.74, 1502.8,  -18.88, 198.8
 43.76, 1503.6,  -18.75, 198.8
 43.78, 1504.4,  -18.75, 198.8
 43.80, 1505.1,  -18.63, 198.8
 43.82, 1505.8,  -18.63, 198.8
 43.84, 1506.6,  -18.50, 198.8
 43.86, 1507.4,  -18.38, 198.8
 43.88, 1508.1,  -18.50, 198.8
 43.90, 1508.8,  -18.38, 198.8
 43.92, 1509.6,  -18.50, 198.8
 43.94, 1510.2,  -18.50, 198.8
 43.96, 1511.0,  -18.50, 198.8
 43.98, 1511.7,  -18.50, 198.8
 44.00, 1512.4,  -18.38, 198.8
 44.02, 1513.0,  -18.38, 198.8
 44.04, 1513.6,  -18.38, 198.8
 44.06, 1514.4,  -18.25, 198.8
 44.08, 1515.0,  -18.38, 198.8
 44.10, 1515.8,  -18.38, 198.8
 44.12, 1516.5,  -18.50, 198.8
 44.14, 1517.2,  -18.38, 198.8
 44.16, 1518.0,  -18.38, 198.8
 44.18, 1518.6,  -18.38, 198.8
 44.20, 1519.4,  -18.25, 198.8
 44.22, 1520.0,  -18.38, 198.8
 44.24, 1520.8,  -18.38, 198.8
 44.26, 1521.4,  -18.38, 198.8
 44.28, 1522.2,  -18.50, 198.8
 44.30, 1522.8,  -18.50, 198.8
 44.32, 1523.6,  -18.63, 198.8
 44.34, 1524.2,  -18.75, 198.8
 44.36, 1525.0,  -18.63, 198.8
 44.38, 1525.7,  -18.75, 198.8
 44.40, 1526.4,  -18.63, 198.8
 44.42, 1527.2,  -18.75, 198.8
 44.44, 1528.0,  -18.75, 198.8
 44.46, 1528.7,  -18.63, 188.6
 44.48, 1529.4,  -18.88, 188.6
 44.50, 1530.2,  -18.88, 188.6
 44.52, 1530.9,  -19.00, 188.6
 44.54, 1531.6,  -19.00, 188.6
 44.56, 1532.4,  -19.13, 188.6
 44.58, 1533.0,  -19.25, 188.6
 44.60, 1533.8,  -19.13, 188.6
 44.62, 1534.6,  -19.25, 188.6
 44.64, 1535.4,  -19.38, 188.6
 44.66, 1536.2,  -19.38, 188.6
 44.68, 1537.0,  -19.50, 188.6
 44.70, 1537.6,  -19.50, 188.6
 44.72, 1538.4,  -19.50, 188.6
 44.74, 1539.2,  -19.63, 188.6
 44.76, 1540.0,  -19.63, 188.6
 44.78, 1540.8,  -19.75, 188.6
 44.80, 1541.6,  -19.63, 188.6
 44.82, 1542.4,  -19.63, 188.6
 44.84, 1543.2,  -19.63, 188.6
 44.86, 1544.0,  -19.75, 188.6
 44.88, 1544.7,  -19.88, 188.6
 44.90, 1545.5,  -19.88, 188.6
 44.92, 1546.2,  -19.88, 188.6
 44.94, 1547.0,  -19.88, 188.6
 44.96, 1547.8,  -19.88, 188.6
 44.98, 1548.6,  -19.88, 188.6
 45.00, 1549.4,  -19.88, 188.6
 45.02, 1550.2,  -19.88, 188.6
 45.04, 1551.0,  -19.88, 188.6
 45.06, 1551.8,  -19.75, 188.6
 45.08, 1552.6,  -19.88, 188.6
 45.10, 1553.4,  -19.75, 188.6
 45.12, 1554.2,  -19.63, 188.6
 45.14, 1555.0,  -19.63, 188.6
 45.16, 1555.8,  -19.50, 188.6
 45.18, 1556.6,  -19.50, 188.6
 45.20, 1557.4,  -19.50, 188.6
 45.22, 1558.2,  -19.38, 188.6
 45.24, 1559.0,  -19.38, 188.6
 45.26, 1559.7,  -19.38, 188.6
 45.28, 1560.5,  -19.50, 188.6
 45.30, 1561.3,  -19.50, 188.6
 45.32, 1562.0,  -19.50, 188.6
 45.34, 1562.8,  -19.50, 188.6
 45.36, 1563.4,  -19.50, 188.6
 45.38, 1564.1,  -19.38, 188.6
 45.40, 1564.9,  -19.38, 188.6
 45.42, 1565.7,  -19.13, 188.6
 45.44, 1566.4,  -19.13, 188.6
 45.46, 1567.1,  -19.00, 188.6
 45.48, 1567.7,  -19.13, 188.6
 45.50, 1568.5,  -19.25, 188.6
 45.52, 1569.3,  -19.25, 188.6
 45.54, 1570.0,  -19.38, 188.6
 45.56, 1570.7,  -19.38, 188.6
 45.58, 1571.3,  -19.25, 188.6
 45.60, 1572.1,  -19.25, 188.6
 45.62, 1572.9,  -19.00, 188.6
 45.64, 1573.7,  -19.00, 188.6
 45.66, 1574.4,  -19.00, 188.6
 45.68, 1575.0,  -19.13, 188.6
 45.70, 1575.8,  -19.25, 188.6
 45.72, 1576.6,  -19.25, 188.6
 45.74, 1577.3,  -19.25, 188.6
 45.76, 1577.9,  -19.25, 188.6
 45.78, 1578.6,  -19.13, 188.6
 45.80, 1579.4,  -19.13, 188.6
 45.82, 1580.0,  -19.13, 188.6
 45.84, 1580.6,  -19.13, 188.6
 45.86, 1581.4,  -19.25, 188.6
 45.88, 1582.2,  -19.25, 188.6
 45.90, 1583.0,  -19.38, 188.6
 45.92, 1583.7,  -19.50, 188.6
 45.94, 1584.5,  -19.50, 188.6
 45.96, 1585.0,  -19.63, 188.6
 45.98, 1585.8,  -19.63, 188.6
 46.00, 1586.6,  -19.75, 188.6
 46.02, 1587.4,  -19.75, 188.6
 46.04, 1588.2,  -19.75, 188.6
 46.06, 1588.9,  -19.88, 188.6
 46.08, 1589.6,  -19.75, 188.6
 46.10, 1590.2,  -19.88, 188.6
 46.12, 1591.0,  -19.88, 188.6
 46.14, 1591.8,  -19.88, 188.6
 46.16, 1592.6,  -20.00, 188.6
 46.18, 1593.4,  -20.00, 188.6
 46.20, 1594.2,  -20.13, 188.6
 46.22, 1595.0,  -20.13, 188.6
 46.24, 1595.8,  -20.13, 188.6
 46.26, 1596.6,  -20.13, 188.6
 46.28, 1597.4,  -20.13, 188.6
 46.30, 1598.2,  -20.13, 188.6
 46.32, 1599.0,  -20.25, 188.6
 46.34, 1599.8,  -20.25, 188.6
 46.36, 1600.5,  -20.25, 188.6
 46.38, 1601.3,  -20.25, 188.6
 46.40, 1602.1,  -20.25, 188.6
 46.42, 1602.9,  -20.38, 188.6
 46.44, 1603.7,  -20.38, 188.6
 46.46, 1604.5,  -20.50, 188.6
 46.48, 1605.3,  -20.50, 188.6
 46.50, 1606.1,  -20.38, 188.6
 46.52, 1606.9,  -20.50, 188.6
 46.54, 1607.7,  -20.38, 188.6
 46.56, 1608.5,  -20.50, 188.6
 46.58, 1609.3,  -20.38, 188.6
 46.60, 1610.1,  -20.38, 188.6
 46.62, 1610.9,  -20.38, 188.6
 46.64, 1611.7,  -20.25, 188.6
 46.66, 1612.5,  -20.38, 188.6
 46.68, 1613.3,  -20.38, 188.6
 46.70, 1614.0,  -20.25, 188.6
 46.72, 1614.8,  -20.38, 188.6
 46.74, 1615.5,  -20.25, 188.6
 46.76, 1616.2,  -20.25, 188.6
 46.78, 1617.0,  -20.38, 188.6
 46.80, 1617.8,  -20.38, 188.6
 46.82, 1618.6,  -20.38, 188.6
 46.84, 1619.4,  -20.38, 188.6
 46.86, 1620.2,  -20.38, 202.8
 46.88, 1621.0,  -20.38, 202.8
 46.90, 1621.8,  -20.25, 202.8
 46.92, 1622.6,  -20.25, 202.8
 46.94, 1623.3,  -20.00, 202.8
 46.96, 1624.0,  -19.88, 202.8
 46.98, 1624.6,  -19.88, 202.8
 47.00, 1625.4,  -19.88, 202.8
 47.02, 1626.2,  -20.00, 202.8
 47.04, 1627.0,  -20.00, 202.8
 47.06, 1627.7,  -20.00, 202.8
 47.08, 1628.3,  -20.13, 202.8
 47.10, 1629.0,  -20.00, 202.8
 47.12, 1629.8,  -20.13, 202.8
 47.14, 1630.6,  -20.00, 202.8
 47.16, 1631.4,  -19.88, 202.8
 47.18, 1632.0,  -19.88, 202.8
 47.20, 1632.7,  -19.75, 202.8
 47.22, 1633.4,  -19.88, 202.8
 47.24, 1634.2,  -20.00, 202.8
 47.26, 1635.0,  -20.00, 202.8
 47.28, 1635.7,  -20.13, 202.8
 47.30, 1636.3,  -20.00, 202.8
 47.32, 1637.0,  -20.00, 202.8
 47.34, 1637.8,  -20.13, 202.8
 47.36, 1638.6,  -20.00, 202.8
 47.38, 1639.2,  -20.00, 202.8
 47.40, 1639.9,  -20.00, 202.8
 47.42, 1640.6,  -19.88, 202.8
 47.44, 1641.4,  -20.00, 202.8
 47.46, 1642.2,  -20.00, 202.8
 47.48, 1643.0,  -20.13, 202.8
 47.50, 1643.8,  -20.38, 202.8
 47.52, 1644.4,  -20.38, 202.8
 47.54, 1645.1,  -20.50, 202.8
 47.56, 1645.8,  -20.50, 202.8
 47.58, 1646.6,  -20.50, 202.8
 47.60, 1647.4,  -20.63, 202.8
 47.62, 1648.2,  -20.63, 202.8
 47.64, 1648.9,  -20.75, 202.8
 47.66, 1649.6,  -20.75, 202.8
 47.68, 1650.4,  -20.75, 202.8
 47.70, 1651.1,  -20.88, 202.8
 47.72, 1651.8,  -20.88, 202.8
 47.74, 1652.6,  -21.00, 202.8
 47.76, 1653.4,  -21.00, 202.8
 47.78, 1654.2,  -21.00, 202.8
 47.80, 1655.0,  -21.13, 202.8
 47.82, 1655.8,  -21.13, 202.8
 47.84, 1656.6,  -21.25, 202.8
 47.86, 1657.4,  -21.25, 202.8
 47.88, 1658.2,  -21.13, 202.8
 47.90, 1659.0,  -21.25, 202.8
 47.92, 1659.8,  -21.25, 202.8
 47.94, 1660.6,  -21.25, 202.8
 47.96, 1661.4,  -21.38, 202.8
 47.98, 1662.2,  -21.38, 202.8
 48.00, 1663.0,  -21.50, 202.8
 48.02, 1663.8,  -21.50, 202.8
 48.04, 1664.6,  -21.38, 202.8
 48.06, 1665.5,  -21.50, 202.8
 48.08, 1666.3,  -21.38, 202.8
 48.10, 1667.1,  -21.50, 202.8
 48.12, 1668.0,  -21.50, 202.8
 48.14, 1668.8,  -21.38, 202.8
 48.16, 1669.6,  -21.38, 202.8
 48.18, 1670.4,  -21.38, 202.8
 48.20, 1671.2,  -21.38, 202.8
 48.22, 1672.0,  -21.38, 202.8
 48.24, 1672.8,  -21.25, 202.8
 48.26, 1673.5,  -21.38, 202.8
 48.28, 1674.3,  -21.25, 202.8
 48.30, 1675.1,  -21.25, 202.8
 48.32, 1675.8,  -21.25, 202.8
 48.34, 1676.6,  -21.13, 202.8
 48.36, 1677.4,  -21.13, 202.8
 48.38, 1678.2,  -21.00, 202.8
 48.40, 1679.0,  -20.88, 202.8
 48.42, 1679.8,  -20.88, 202.8
 48.44, 1680.6,  -20.75, 202.8
 48.46, 1681.4,  -20.88, 202.8
 48.48, 1682.2,  -20.88, 202.8
 48.50, 1682.9,  -20.88, 202.8
 48.52, 1683.6,  -21.00, 202.8
 48.54, 1684.4,  -20.88, 202.8
 48.56, 1685.1,  -20.88, 202.8
 48.58, 1685.8,  -20.88, 202.8
 48.60, 1686.6,  -20.88, 202.8
 48.62, 1687.3,  -20.88, 202.8
 48.64, 1688.1,  -20.75, 202.8
 48.66, 1688.8,  -20.63, 202.8
 48.68, 1689.5,  -20.63, 202.8
 48.70, 1690.2,  -20.50, 202.8
 48.72, 1691.0,  -20.63, 202.8
 48.74, 1691.8,  -20.75, 202.8
 48.76, 1692.5,  -20.75, 202.8
 48.78, 1693.2,  -20.88, 202.8
 48.80, 1694.0,  -20.75, 202.8
 48.82, 1694.7,  -20.75, 202.8
 48.84, 1695.4,  -20.75, 202.8
 48.86, 1696.1,  -20.63, 202.8
 48.88, 1696.8,  -20.75, 202.8
 48.90, 1697.6,  -20.75, 202.8
 48.92, 1698.2,  -20.63, 202.8
 48.94, 1699.0,  -20.75, 202.8
 48.96, 1699.8,  -20.75, 202.8
 48.98, 1700.5,  -20.88, 202.8
 49.00, 1701.2,  -21.00, 202.8
 49.02, 1702.0,  -20.88, 202.8
 49.04, 1702.8,  -21.13, 202.8
 49.06, 1703.5,  -21.13, 202.8
 49.08, 1704.3,  -21.13, 202.8
 49.10, 1705.0,  -21.25, 202.8
 49.12, 1705.8,  -21.25, 202.8
 49.14, 1706.5,  -21.38, 202.8
 49.16, 1707.3,  -21.38, 202.8
 49.18, 1708.0,  -21.38, 202.8
 49.20, 1708.8,  -21.50, 202.8
 49.22, 1709.6,  -21.50, 202.8
 49.24, 1710.3,  -21.63, 202.8
 49.26, 1711.1,  -21.63, 202.8
 49.28, 1711.9,  -21.63, 202.8
 49.30, 1712.7,  -21.75, 202.8
 49.32, 1713.4,  -21.75, 202.8
 49.34, 1714.2,  -21.75, 202.8
 49.36, 1715.1,  -21.88, 202.8
 49.38, 1715.9,  -21.88, 202.8
 49.40, 1716.7,  -21.88, 202.8
 49.42, 1717.5,  -21.88, 202.8
 49.44, 1718.3,  -21.88, 202.8
 49.46, 1719.1,  -22.00, 202.8
 49.48, 1719.9,  -22.00, 202.8
 49.50, 1720.7,  -22.13, 202.8
 49.52, 1721.5,  -22.13, 202.8
 49.54, 1722.3,  -22.13, 202.8
 49.56, 1723.1,  -22.13, 202.8
 49.58, 1724.0,  -22.13, 202.8
 49.60, 1724.8,  -22.13, 202.8
 49.62, 1725.6,  -22.13, 202.8
 49.64, 1726.4,  -22.13, 202.8
 49.66, 1727.2,  -22.13, 189.9
 49.68, 1728.0,  -22.13, 189.9
 49.70, 1728.8,  -22.13, 189.9
 49.72, 1729.6,  -22.13, 189.9
 49.74, 1730.4,  -22.00, 189.9
 49.76, 1731.2,  -22.13, 189.9
 49.78, 1732.0,  -22.00, 189.9
 49.80, 1732.8,  -22.00, 189.9
 49.82, 1733.6,  -22.13, 189.9
 49.84, 1734.4,  -22.00, 189.9
 49.86, 1735.2,  -22.00, 189.9
 49.88, 1736.0,  -22.00, 189.9
 49.90, 1736.8,  -22.00, 189.9
 49.92, 1737.6,  -22.00, 189.9
 49.94, 1738.4,  -21.88, 189.9
 49.96, 1739.2,  -21.75, 189.9
 49.98, 1740.0,  -21.75, 189.9
 50.00, 1740.7,  -21.63, 189.9
 50.02, 1741.5,  -21.63, 189.9
 50.04, 1742.2,  -21.50, 189.9
 50.06, 1743.0,  -21.50, 189.9
 50.08, 1743.8,  -21.63, 189.9
 50.10, 1744.5,  -21.50, 189.9
 50.12, 1745.2,  -21.50, 189.9
 50.14, 1746.0,  -21.63, 189.9
 50.16, 1746.8,  -21.63, 189.9
 50.18, 1747.5,  -21.75, 189.9
 50.20, 1748.2,  -21.63, 189.9
 50.22, 1748.9,  -21.63, 189.9
 50.24, 1749.6,  -21.50, 189.9
 50.26, 1750.4,  -21.50, 189.9
 50.28, 1751.2,  -21.38, 189.9
 50.30, 1752.0,  -21.38, 189.9
 50.32, 1752.7,  -21.38, 189.9
 50.34, 1753.4,  -21.50, 189.9
 50.36, 1754.2,  -21.50, 189.9
 50.38, 1754.8,  -21.50, 189.9
 50.40, 1755.6,  -21.63, 189.9
 50.42, 1756.4,  -21.63, 189.9
 50.44, 1757.1,  -21.75, 189.9
 50.46, 1757.7,  -21.75, 189.9
 50.48, 1758.5,  -21.63, 189.9
 50.50, 1759.2,  -21.75, 189.9
 50.52, 1760.0,  -21.63, 189.9
 50.54, 1760.8,  -21.63, 189.9
 50.56, 1761.6,  -21.75, 189.9
 50.58, 1762.2,  -21.63, 189.9
 50.60, 1763.0,  -21.75, 189.9
 50.62, 1763.8,  -21.75, 189.9
 50.64, 1764.6,  -21.75, 189.9
 50.66, 1765.3,  -21.88, 189.9
 50.68, 1766.0,  -21.88, 189.9
 50.70, 1766.8,  -22.00, 189.9
 50.72, 1767.6,  -22.00, 189.9
 50.74, 1768.4,  -22.00, 189.9
 50.76, 1769.1,  -22.13, 189.9
 50.78, 1769.8,  -22.13, 189.9
 50.80, 1770.5,  -22.13, 189.9
 50.82, 1771.3,  -22.38, 189.9
 50.84, 1772.0,  -22.25, 189.9
 50.86, 1772.8,  -22.38, 189.9
 50.88, 1773.6,  -22.38, 189.9
 50.90, 1774.4,  -22.38, 189.9
 50.92, 1775.2,  -22.50, 189.9
 50.94, 1776.1,  -22.50, 189.9
 50.96, 1776.9,  -22.50, 189.9
 50.98, 1777.7,  -22.63, 189.9
 51.00, 1778.5,  -22.50, 189.9
 51.02, 1779.3,  -22.63, 189.9
 51.04, 1780.1,  -22.63, 189.9
 51.06, 1780.9,  -22.63, 189.9
 51.08, 1781.6,  -22.75, 189.9
 51.10, 1782.4,  -22.63, 189.9
 51.12, 1783.3,  -22.75, 189.9
 51.14, 1784.1,  -22.75, 189.9
 51.16, 1784.9,  -22.75, 189.9
 51.18, 1785.7,  -22.88, 189.9
 51.20, 1786.6,  -22.75, 189.9
 51.22, 1787.5,  -22.75, 189.9
 51.24, 1788.3,  -22.75, 189.9
 51.26, 1789.1,  -22.75, 189.9
 51.28, 1789.9,  -22.75, 189.9
 51.30, 1790.7,  -22.75, 189.9
 51.32, 1791.5,  -22.75, 189.9
 51.34, 1792.3,  -22.75, 189.9
 51.36, 1793.1,  -22.63, 189.9
 51.38, 1793.9,  -22.63, 189.9
 51.40, 1794.7,  -22.75, 189.9
 51.42, 1795.5,  -22.63, 189.9
 51.44, 1796.2,  -22.75, 189.9
 51.46, 1796.9,  -22.75, 189.9
 51.48, 1797.7,  -22.63, 189.9
 51.50, 1798.5,  -22.75, 189.9
 51.52, 1799.3,  -22.63, 189.9
 51.54, 1800.1,  -22.75, 189.9
 51.56, 1800.8,  -22.75, 189.9
 51.58, 1801.6,  -22.63, 189.9
 51.60, 1802.3,  -22.63, 189.9
 51.62, 1803.1,  -22.50, 189.9
 51.64, 1803.9,  -22.38, 189.9
 51.66, 1804.7,  -22.38, 189.9
 51.68, 1805.5,  -22.38, 189.9
 51.70, 1806.3,  -22.38, 189.9
 51.72, 1806.9,  -22.38, 189.9
 51.74, 1807.7,  -22.38, 189.9
 51.76, 1808.3,  -22.38, 189.9
 51.78, 1809.1,  -22.38, 189.9
 51.80, 1809.9,  -22.38, 189.9
 51.82, 1810.7,  -22.50, 189.9
 51.84, 1811.5,  -22.50, 189.9
 51.86, 1812.2,  -22.50, 189.9
 51.88, 1812.9,  -22.50, 189.9
 51.90, 1813.6,  -22.25, 189.9
 51.92, 1814.3,  -22.38, 189.9
 51.94, 1815.1,  -22.25, 189.9
 51.96, 1815.9,  -22.25, 189.9
 51.98, 1816.6,  -22.38, 189.9
 52.00, 1817.3,  -22.38, 189.9
 52.02, 1817.9,  -22.38, 189.9
 52.04, 1818.7,  -22.50, 189.9
 52.06, 1819.5,  -22.50, 189.9
 52.08, 1820.3,  -22.63, 189.9
 52.10, 1820.9,  -22.63, 189.9
 52.12, 1821.7,  -22.75, 189.9
 52.14, 1822.4,  -22.88, 189.9
 52.16, 1823.1,  -22.75, 189.9
 52.18, 1823.9,  -22.88, 189.9
 52.20, 1824.7,  -22.88, 189.9
 52.22, 1825.5,  -22.75, 189.9
 52.24, 1826.3,  -22.88, 189.9
 52.26, 1827.1,  -22.75, 189.9
 52.28, 1827.9,  -22.88, 189.9
 52.30, 1828.5,  -22.88, 189.9
 52.32, 1829.3,  -22.88, 189.9
 52.34, 1830.1,  -23.00, 189.9
 52.36, 1830.9,  -23.00, 189.9
 52.38, 1831.5,  -23.00, 189.9
 52.40, 1832.3,  -23.13, 189.9
 52.42, 1833.1,  -23.13, 189.9
 52.44, 1833.9,  -23.25, 189.9
 52.46, 1834.7,  -23.25, 189.9
 52.48, 1835.5,  -23.25, 189.9
 52.50, 1836.3,  -23.38, 189.9
 52.52, 1837.1,  -23.38, 189.9
 52.54, 1837.9,  -23.38, 189.9
 52.56, 1838.7,  -23.38, 189.9
 52.58, 1839.5,  -23.38, 189.9
 52.60, 1840.3,  -23.50, 189.9
 52.62, 1841.1,  -23.50, 189.9
 52.64, 1841.9,  -23.50, 189.9
 52.66, 1842.7,  -23.50, 189.9
 52.68, 1843.5,  -23.50, 189.9
 52.70, 1844.3,  -23.63, 189.9
 52.72, 1845.1,  -23.75, 189.9
 52.74, 1845.9,  -23.63, 189.9
 52.76, 1846.7,  -23.75, 189.9
 52.78, 1847.7,  -23.75, 189.9
 52.80, 1848.5,  -23.63, 189.9
 52.82, 1849.3,  -23.75, 189.9
 52.84, 1850.1,  -23.63, 189.9
 52.86, 1850.9,  -23.63, 189.9
 52.88, 1851.7,  -23.63, 189.9
 52.90, 1852.5,  -23.50, 189.9
 52.92, 1853.3,  -23.63, 189.9
 52.94, 1854.1,  -23.63, 189.9
 52.96, 1854.9,  -23.50, 189.9
 52.98, 1855.7,  -23.50, 189.9
 53.00, 1856.4,  -23.38, 189.9
 53.02, 1857.1,  -23.38, 189.9
 53.04, 1857.9,  -23.38, 189.9
 53.06, 1858.7,  -23.25, 189.9
 53.08, 1859.5,  -23.38, 189.9
 53.10, 1860.3,  -23.38, 189.9
 53.12, 1861.1,  -23.38, 189.9
 53.14, 1861.9,  -23.38, 189.9
 53.16, 1862.7,  -23.38, 189.9
 53.18, 1863.5,  -23.38, 189.9
 53.20, 1864.3,  -23.50, 189.9
 53.22, 1865.0,  -23.38, 189.9
 53.24, 1865.7,  -23.50, 189.9
 53.26, 1866.5,  -23.38, 189.9
 53.28, 1867.2,  -23.25, 189.9
 53.30, 1867.9,  -23.38, 189.9
 53.32, 1868.7,  -23.13, 189.9
 53.34, 1869.5,  -23.13, 189.9
 53.36, 1870.1,  -23.13, 189.9
 53.38, 1870.9,  -23.00, 189.9
 53.40, 1871.7,  -23.13, 189.9
 53.42, 1872.5,  -23.25, 189.9
 53.44, 1873.2,  -23.13, 189.9
 53.46, 1873.9,  -23.38, 189.9
 53.48, 1874.7,  -23.38, 189.9
 53.50, 1875.5,  -23.38, 189.9
 53.52, 1876.1,  -23.38, 189.9
 53.54, 1876.9,  -23.25, 189.9
 53.56, 1877.6,  -23.38, 189.9
 53.58, 1878.3,  -23.25, 189.9
 53.60, 1879.1,  -23.13, 189.9
 53.62, 1879.8,  -23.25, 189.9
 53.64, 1880.5,  -23.25, 189.9
 53.66, 1881.3,  -23.13, 189.9
 53.68, 1882.1,  -23.38, 189.9
 53.70, 1882.8,  -23.38, 189.9
 53.72, 1883.5,  -23.50, 189.9
 53.74, 1884.3,  -23.50, 189.9
 53.76, 1885.1,  -23.50, 189.9
 53.78, 1885.9,  -23.75, 189.9
 53.80, 1886.5,  -23.63, 189.9
 53.82, 1887.3,  -23.75, 189.9
 53.84, 1888.1,  -23.88, 189.9
 53.86, 1888.9,  -23.88, 189.9
 53.88, 1889.7,  -24.00, 189.9
 53.90, 1890.5,  -24.00, 189.9
 53.92, 1891.1,  -24.00, 189.9
 53.94, 1891.9,  -24.13, 189.9
 53.96, 1892.7,  -24.13, 189.9
 53.98, 1893.5,  -24.13, 189.9
 54.00, 1894.3,  -24.25, 189.9
 54.02, 1895.1,  -24.25, 189.9
 54.04, 1895.9,  -24.25, 189.9
 54.06, 1896.7,  -24.38, 189.9
 54.08, 1897.5,  -24.38, 189.9
 54.10, 1898.3,  -24.38, 189.9
 54.12, 1899.1,  -24.38, 189.9
 54.14, 1899.9,  -24.38, 189.9
 54.16, 1900.7,  -24.50, 189.9
 54.18, 1901.5,  -24.38, 189.9
 54.20, 1902.3,  -24.50, 189.9
 54.22, 1903.1,  -24.50, 189.9
 54.24, 1903.9,  -24.50, 189.9
 54.26, 1904.7,  -24.50, 189.9
 54.28, 1905.5,  -24.50, 189.9
 54.30, 1906.3,  -24.50, 189.9
 54.32, 1907.1,  -24.50, 189.9
 54.34, 1908.0,  -24.38, 189.9
 54.36, 1908.8,  -24.38, 189.9
 54.38, 1909.7,  -24.50, 189.9
 54.40, 1910.5,  -24.38, 189.9
 54.42, 1911.3,  -24.50, 189.9
 54.44, 1912.1,  -24.50, 189.9
 54.46, 1912.9,  -24.38, 198.8
 54.48, 1913.7,  -24.50, 198.8
 54.50, 1914.5,  -24.50, 198.8
 54.52, 1915.3,  -24.50, 198.8
 54.54, 1916.1,  -24.50, 198.8
 54.56, 1916.9,  -24.50, 198.8
 54.58, 1917.7,  -24.50, 198.8
 54.60, 1918.5,  -24.50, 198.8
 54.62, 1919.3,  -24.38, 198.8
 54.64, 1920.0,  -24.50, 198.8
 54.66, 1920.8,  -24.38, 198.8
 54.68, 1921.5,  -24.38, 198.8
 54.70, 1922.3,  -24.38, 198.8
 54.72, 1923.1,  -24.38, 198.8
 54.74, 1923.9,  -24.38, 198.8
 54.76, 1924.7,  -24.25, 198.8
 54.78, 1925.3,  -24.00, 198.8
 54.80, 1926.1,  -24.00, 198.8
 54.82, 1926.9,  -24.00, 198.8
 54.84, 1927.7,  -23.88, 198.8
 54.86, 1928.5,  -24.13, 198.8
 54.88, 1929.3,  -24.00, 198.8
 54.90, 1930.0,  -24.13, 198.8
 54.92, 1930.7,  -24.25, 198.8
 54.94, 1931.3,  -24.13, 198.8
 54.96, 1932.1,  -24.25, 198.8
 54.98, 1932.9,  -24.13, 198.8
 55.00, 1933.7,  -24.13, 198.8
 55.02, 1934.5,  -24.25, 198.8
 55.04, 1935.2,  -24.13, 198.8
 55.06, 1935.9,  -24.13, 198.8
 55.08, 1936.7,  -24.13, 198.8
 55.10, 1937.3,  -24.00, 198.8
 55.12, 1938.1,  -24.00, 198.8
 55.14, 1938.9,  -24.00, 198.8
 55.16, 1939.7,  -24.00, 198.8
 55.18, 1940.5,  -24.13, 198.8
 55.20, 1941.2,  -24.13, 198.8
 55.22, 1941.9,  -24.25, 198.8
 55.24, 1942.5,  -24.38, 198.8
 55.26, 1943.3,  -24.38, 198.8
 55.28, 1944.1,  -24.50, 198.8
 55.30, 1944.9,  -24.63, 198.8
 55.32, 1945.7,  -24.63, 198.8
 55.34, 1946.4,  -24.75, 198.8
 55.36, 1947.1,  -24.63, 198.8
 55.38, 1947.8,  -24.75, 198.8
 55.40, 1948.6,  -24.75, 198.8
 55.42, 1949.4,  -24.75, 198.8
 55.44, 1950.2,  -24.75, 198.8
 55.46, 1950.8,  -24.75, 198.8
 55.48, 1951.5,  -24.75, 198.8
 55.50, 1952.3,  -24.88, 198.8
 55.52, 1953.1,  -24.88, 198.8
 55.54, 1953.9,  -24.88, 198.8
 55.56, 1954.7,  -25.00, 198.8
 55.58, 1955.5,  -25.00, 198.8
 55.60, 1956.3,  -25.13, 198.8
 55.62, 1957.1,  -25.25, 198.8
 55.64, 1957.9,  -25.25, 198.8
 55.66, 1958.7,  -25.38, 198.8
 55.68, 1959.5,  -25.38, 198.8
 55.70, 1960.3,  -25.38, 198.8
 55.72, 1961.1,  -25.38, 198.8
 55.74, 1961.9,  -25.38, 198.8
 55.76, 1962.7,  -25.38, 198.8
 55.78, 1963.6,  -25.50, 198.8
 55.80, 1964.4,  -25.38, 198.8
 55.82, 1965.2,  -25.50, 198.8
 55.84, 1966.1,  -25.50, 198.8
 55.86, 1966.9,  -25.38, 198.8
 55.88, 1967.7,  -25.50, 198.8
 55.90, 1968.5,  -25.38, 198.8
 55.92, 1969.3,  -25.38, 198.8
 55.94, 1970.1,  -25.38, 198.8
 55.96, 1971.1,  -25.38, 198.8
 55.98, 1971.9,  -25.38, 198.8
 56.00, 1972.7,  -25.38, 198.8
 56.02, 1973.5,  -25.25, 198.8
 56.04, 1974.3,  -25.38, 198.8
 56.06, 1975.1,  -25.25, 198.8
 56.08, 1975.9,  -25.25, 198.8
 56.10, 1976.7,  -25.38, 198.8
 56.12, 1977.5,  -25.25, 198.8
 56.14, 1978.3,  -25.38, 198.8
 56.16, 1979.1,  -25.38, 198.8
 56.18, 1979.9,  -25.25, 198.8
 56.20, 1980.7,  -25.38, 198.8
 56.22, 1981.4,  -25.38, 198.8
 56.24, 1982.2,  -25.25, 198.8
 56.26, 1983.0,  -25.38, 198.8
 56.28, 1983.8,  -25.25, 198.8
 56.30, 1984.6,  -25.25, 198.8
 56.32, 1985.4,  -25.25, 198.8
 56.34, 1986.2,  -25.13, 198.8
 56.36, 1986.9,  -25.25, 198.8
 56.38, 1987.6,  -25.13, 198.8
 56.40, 1988.4,  -25.00, 198.8
 56.42, 1989.1,  -25.00, 198.8
 56.44, 1989.9,  -24.88, 198.8
 56.46, 1990.6,  -24.75, 198.8
 56.48, 1991.4,  -24.75, 198.8
 56.50, 1992.2,  -24.75, 198.8
 56.52, 1993.0,  -24.88, 198.8
 56.54, 1993.8,  -24.88, 198.8
 56.56, 1994.5,  -24.88, 198.8
 56.58, 1995.2,  -25.00, 198.8
 56.60, 1995.9,  -25.00, 198.8
 56.62, 1996.6,  -25.00, 198.8
 56.64, 1997.4,  -25.13, 198.8
 56.66, 1998.2,  -25.13, 198.8
 56.68, 1999.0,  -25.13, 198.8
 56.70, 1999.8,  -25.13, 198.8
 56.72, 2000.6,  -25.13, 198.8
 56.74, 2001.3,  -25.13, 198.8
 56.76, 2002.0,  -25.13, 198.8
 56.78, 2002.8,  -25.00, 198.8
 56.80, 2003.5,  -25.00, 198.8
 56.82, 2004.2,  -25.00, 198.8
 56.84, 2005.0,  -25.00, 198.8
 56.86, 2005.8,  -25.13, 185.5
 56.88, 2006.6,  -25.13, 185.5
 56.90, 2007.4,  -25.13, 185.5
 56.92, 2008.2,  -25.25, 185.5
 56.94, 2008.9,  -25.25, 185.5
 56.96, 2009.6,  -25.38, 185.5
 56.98, 2010.4,  -25.38, 185.5
 57.00, 2011.2,  -25.38, 185.5
 57.02, 2012.0,  -25.38, 185.5
 57.04, 2012.8,  -25.38, 185.5
 57.06, 2013.6,  -25.38, 185.5
 57.08, 2014.4,  -25.50, 185.5
 57.10, 2015.2,  -25.50, 185.5
 57.12, 2016.0,  -25.63, 185.5
 57.14, 2016.8,  -25.63, 185.5
 57.16, 2017.5,  -25.63, 185.5
 57.18, 2018.3,  -25.75, 185.5
 57.20, 2019.1,  -25.75, 185.5
 57.22, 2019.9,  -25.88, 185.5
 57.24, 2020.8,  -26.00, 185.5
 57.26, 2021.6,  -26.00, 185.5
 57.28, 2022.4,  -26.13, 185.5
 57.30, 2023.3,  -26.13, 185.5
 57.32, 2024.1,  -26.13, 185.5
 57.34, 2025.0,  -26.25, 185.5
 57.36, 2025.8,  -26.25, 185.5
 57.38, 2026.6,  -26.25, 185.5
 57.40, 2027.4,  -26.38, 185.5
 57.42, 2028.2,  -26.25, 185.5
 57.44, 2029.0,  -26.25, 185.5
 57.46, 2029.8,  -26.38, 185.5
 57.48, 2030.6,  -26.25, 185.5
 57.50, 2031.4,  -26.38, 185.5
 57.52, 2032.3,  -26.38, 185.5
 57.54, 2033.1,  -26.13, 185.5
 57.56, 2033.9,  -26.25, 185.5
 57.58, 2034.8,  -26.13, 185.5
 57.60, 2035.6,  -26.13, 185.5
 57.62, 2036.5,  -26.13, 185.5
 57.64, 2037.3,  -26.00, 185.5
 57.66, 2038.1,  -26.13, 185.5
 57.68, 2038.9,  -26.13, 185.5
 57.70, 2039.8,  -26.13, 185.5
 57.72, 2040.6,  -26.13, 185.5
 57.74, 2041.4,  -26.13, 185.5
 57.76, 2042.2,  -26.00, 185.5
 57.78, 2043.0,  -26.13, 185.5
 57.80, 2043.8,  -26.00, 185.5
 57.82, 2044.6,  -26.00, 185.5
 57.84, 2045.3,  -26.13, 185.5
 57.86, 2046.1,  -26.00, 185.5
 57.88, 2046.9,  -26.00, 185.5
 57.90, 2047.7,  -26.13, 185.5
 57.92, 2048.5,  -26.00, 185.5
 57.94, 2049.3,  -26.00, 185.5
 57.96, 2050.1,  -26.00, 185.5
 57.98, 2050.9,  -25.88, 185.5
 58.00, 2051.7,  -26.00, 185.5
 58.02, 2052.4,  -25.88, 185.5
 58.04, 2053.2,  -25.88, 185.5
 58.06, 2054.0,  -25.88, 185.5
 58.08, 2054.8,  -25.75, 185.5
 58.10, 2055.5,  -25.75, 185.5
 58.12, 2056.2,  -25.75, 185.5
 58.14, 2057.0,  -25.50, 185.5
 58.16, 2057.8,  -25.63, 185.5
 58.18, 2058.6,  -25.63, 185.5
 58.20, 2059.3,  -25.50, 185.5
 58.22, 2060.0,  -25.75, 185.5
 58.24, 2060.8,  -25.75, 185.5
 58.26, 2061.6,  -25.75, 185.5
 58.28, 2062.3,  -25.88, 185.5
 58.30, 2063.1,  -25.88, 185.5
 58.32, 2063.9,  -25.88, 185.5
 58.34, 2064.6,  -26.00, 185.5
 58.36, 2065.4,  -26.00, 185.5
 58.38, 2066.2,  -26.00, 185.5
 58.40, 2066.9,  -26.00, 185.5
 58.42, 2067.7,  -26.00, 185.5
 58.44, 2068.5,  -26.13, 185.5
 58.46, 2069.2,  -26.13, 185.5
 58.48, 2070.0,  -26.13, 185.5
 58.50, 2070.8,  -26.25, 185.5
 58.52, 2071.6,  -26.25, 185.5
 58.54, 2072.3,  -26.38, 185.5
 58.56, 2073.1,  -26.38, 185.5
 58.58, 2073.9,  -26.38, 185.5
 58.60, 2074.7,  -26.50, 185.5
 58.62, 2075.5,  -26.50, 185.5
 58.64, 2076.3,  -26.50, 185.5
 58.66, 2077.2,  -26.63, 185.5
 58.68, 2078.0,  -26.50, 185.5
 58.70, 2078.8,  -26.63, 185.5
 58.72, 2079.6,  -26.75, 185.5
 58.74, 2080.4,  -26.63, 185.5
 58.76, 2081.2,  -26.75, 185.5
 58.78, 2082.0,  -26.75, 185.5
 58.80, 2082.8,  -26.63, 185.5
 58.82, 2083.6,  -26.75, 185.5
 58.84, 2084.4,  -26.88, 185.5
 58.86, 2085.2,  -26.75, 185.5
 58.88, 2086.0,  -26.88, 185.5
 58.90, 2086.8,  -26.75, 185.5
 58.92, 2087.7,  -26.75, 185.5
 58.94, 2088.5,  -26.88, 185.5
 58.96, 2089.3,  -26.88, 185.5
 58.98, 2090.2,  -27.00, 185.5
 59.00, 2091.1,  -27.00, 185.5
 59.02, 2091.9,  -26.88, 185.5
 59.04, 2092.8,  -27.00, 185.5
 59.06, 2093.6,  -26.88, 185.5
 59.08, 2094.4,  -26.88, 185.5
 59.10, 2095.2,  -27.00, 185.5
 59.12, 2096.0,  -26.88, 185.5
 59.14, 2096.8,  -27.00, 185.5
 59.16, 2097.6,  -27.13, 185.5
 59.18, 2098.4,  -27.00, 185.5
 59.20, 2099.3,  -27.13, 185.5
 59.22, 2100.1,  -27.13, 185.5
 59.24, 2100.9,  -27.13, 185.5
 59.26, 2101.8,  -27.13, 185.5
 59.28, 2102.6,  -27.13, 185.5
 59.30, 2103.4,  -27.00, 185.5
 59.32, 2104.2,  -27.00, 185.5
 59.34, 2105.1,  -27.00, 185.5
 59.36, 2105.9,  -26.88, 185.5
 59.38, 2106.7,  -27.00, 185.5
 59.40, 2107.5,  -26.88, 185.5
 59.42, 2108.3,  -26.88, 185.5
 59.44, 2109.1,  -26.88, 185.5
 59.46, 2109.8,  -26.75, 185.5
 59.48, 2110.6,  -26.88, 185.5
 59.50, 2111.4,  -26.75, 185.5
 59.52, 2112.2,  -26.63, 185.5
 59.54, 2113.0,  -26.75, 185.5
 59.56, 2113.8,  -26.63, 185.5
 59.58, 2114.6,  -26.63, 185.5
 59.60, 2115.3,  -26.63, 185.5
 59.62, 2116.1,  -26.50, 185.5
 59.64, 2116.9,  -26.63, 185.5
 59.66, 2117.7,  -26.63, 185.5
 59.68, 2118.4,  -26.50, 185.5
 59.70, 2119.2,  -26.63, 185.5
 59.72, 2120.0,  -26.63, 185.5
 59.74, 2120.8,  -26.63, 185.5
 59.76, 2121.6,  -26.75, 185.5
 59.78, 2122.3,  -26.63, 185.5
 59.80, 2123.0,  -26.75, 185.5
 59.82, 2123.8,  -26.88, 185.5
 59.84, 2124.5,  -26.75, 185.5
 59.86, 2125.2,  -26.75, 185.5
 59.88, 2126.0,  -26.88, 185.5
 59.90, 2126.8,  -26.88, 185.5
 59.92, 2127.6,  -27.00, 185.5
 59.94, 2128.4,  -27.00, 185.5
 59.96, 2129.2,  -26.88, 185.5
 59.98, 2130.0,  -27.00, 185.5
 60.00, 2130.8,  -26.88, 185.5
 60.02, 2131.6,  -26.88, 185.5
 60.04, 2132.3,  -26.88, 185.5
 60.06, 2133.0,  -26.88, 185.5
 60.08, 2133.8,  -26.88, 185.5
 60.10, 2134.6,  -27.00, 185.5
 60.12, 2135.4,  -27.00, 185.5
 60.14, 2136.1,  -27.13, 185.5
 60.16, 2136.9,  -27.13, 185.5
 60.18, 2137.7,  -27.13, 185.5
 60.20, 2138.4,  -27.25, 185.5
 60.22, 2139.2,  -27.38, 185.5
 60.24, 2140.0,  -27.38, 185.5
 60.26, 2140.9,  -27.50, 185.5
 60.28, 2141.7,  -27.50, 185.5
 60.30, 2142.6,  -27.50, 185.5
 60.32, 2143.4,  -27.63, 185.5
 60.34, 2144.2,  -27.50, 185.5
 60.36, 2145.0,  -27.63, 185.5
 60.38, 2145.8,  -27.75, 185.5
 60.40, 2146.6,  -27.63, 185.5
 60.42, 2147.4,  -27.75, 185.5
 60.44, 2148.2,  -27.88, 185.5
 60.46, 2149.0,  -27.75, 185.5
 60.48, 2149.9,  -27.88, 185.5
 60.50, 2150.7,  -27.75, 185.5
 60.52, 2151.6,  -27.75, 185.5
 60.54, 2152.4,  -27.88, 185.5
 60.56, 2153.2,  -27.75, 185.5
 60.58, 2154.0,  -27.75, 185.5
 60.60, 2154.8,  -27.88, 185.5
 60.62, 2155.6,  -27.75, 185.5
 60.64, 2156.4,  -27.88, 185.5
 60.66, 2157.3,  -27.88, 185.5
 60.68, 2158.1,  -27.75, 185.5
 60.70, 2159.0,  -27.88, 185.5
 60.72, 2159.8,  -27.88, 185.5
 60.74, 2160.7,  -27.75, 185.5
 60.76, 2161.6,  -27.88, 185.5
 60.78, 2162.4,  -27.75, 185.5
 60.80, 2163.2,  -27.75, 185.5
 60.82, 2164.0,  -27.88, 185.5
 60.84, 2164.8,  -27.75, 185.5
 60.86, 2165.6,  -27.75, 185.5
 60.88, 2166.4,  -27.88, 185.5
 60.90, 2167.2,  -27.75, 185.5
 60.92, 2168.0,  -27.75, 185.5
 60.94, 2168.8,  -27.75, 185.5
 60.96, 2169.6,  -27.63, 185.5
 60.98, 2170.4,  -27.75, 185.5
 61.00, 2171.2,  -27.63, 185.5
 61.02, 2172.0,  -27.63, 185.5
 61.04, 2172.8,  -27.75, 185.5
 61.06, 2173.6,  -27.63, 185.5
 61.08, 2174.4,  -27.63, 185.5
 61.10, 2175.2,  -27.63, 185.5
 61.12, 2176.0,  -27.50, 185.5
 61.14, 2176.8,  -27.63, 185.5
 61.16, 2177.5,  -27.50, 185.5
 61.18, 2178.1,  -27.50, 185.5
 61.20, 2178.9,  -27.63, 185.5
 61.22, 2179.7,  -27.63, 185.5
 61.24, 2180.4,  -27.63, 185.5
 61.26, 2181.2,  -27.75, 185.5
 61.28, 2182.0,  -27.75, 185.5
 61.30, 2182.7,  -27.75, 185.5
 61.32, 2183.5,  -27.75, 185.5
 61.34, 2184.3,  -27.63, 185.5
 61.36, 2185.1,  -27.63, 185.5
 61.38, 2185.9,  -27.63, 185.5
 61.40, 2186.7,  -27.50, 185.5
 61.42, 2187.5,  -27.50, 185.5
 61.44, 2188.1,  -27.63, 185.5
 61.46, 2188.9,  -27.50, 185.5
 61.48, 2189.7,  -27.63, 185.5
 61.50, 2190.3,  -27.63, 185.5
 61.52, 2191.1,  -27.50, 185.5
 61.54, 2191.9,  -27.63, 185.5
 61.56, 2192.7,  -27.63, 185.5
 61.58, 2193.5,  -27.75, 185.5
 61.60, 2194.3,  -27.88, 185.5
 61.62, 2195.1,  -27.88, 185.5
 61.64, 2195.9,  -27.88, 185.5
 61.66, 2196.7,  -28.00, 181.1
 61.68, 2197.5,  -27.88, 181.1
 61.70, 2198.2,  -28.00, 181.1
 61.72, 2198.9,  -28.00, 181.1
 61.74, 2199.7,  -28.00, 181.1
 61.76, 2200.5,  -28.13, 181.1
 61.78, 2201.3,  -28.13, 181.1
 61.80, 2202.1,  -28.13, 181.1
 61.82, 2202.8,  -28.25, 181.1
 61.84, 2203.6,  -28.25, 181.1
 61.86, 2204.4,  -28.25, 181.1
 61.88, 2205.2,  -28.38, 181.1
 61.90, 2206.0,  -28.25, 181.1
 61.92, 2206.9,  -28.38, 181.1
 61.94, 2207.7,  -28.38, 181.1
 61.96, 2208.5,  -28.38, 181.1
 61.98, 2209.3,  -28.50, 181.1
 62.00, 2210.1,  -28.50, 181.1
 62.02, 2211.0,  -28.50, 181.1
 62.04, 2211.9,  -28.63, 181.1
===============================
Changed Angle: -5.13
Elapsed Time : 11.32
Disk R.P.M   : 172.3
===============================
2018-04-13.  11:54:33.

