Device: Gyroscope
===============================
  Time  Rotation   Tilt   D-RPM
------- -------- ------- ------
  0.00,    0.7,   -1.13, 220.8
  0.02,    1.5,   -1.25, 220.8
  0.04,    2.1,   -1.13, 220.8
  0.06,    2.7,   -1.13, 220.8
  0.08,    3.5,   -1.00, 220.8
  0.10,    4.1,   -1.25, 220.8
  0.12,    4.7,   -1.25, 220.8
  0.14,    5.5,   -1.38, 220.8
  0.16,    6.1,   -1.38, 220.8
  0.18,    6.7,   -1.38, 220.8
  0.20,    7.5,   -1.38, 220.8
  0.22,    8.1,   -1.25, 220.8
  0.24,    8.7,   -1.38, 220.8
  0.26,    9.5,   -1.38, 220.8
  0.28,   10.1,   -1.50, 220.8
  0.30,   10.9,   -1.50, 220.8
  0.32,   11.5,   -1.50, 220.8
  0.34,   12.3,   -1.38, 220.8
  0.36,   12.9,   -1.38, 220.8
  0.38,   13.5,   -1.50, 220.8
  0.40,   14.3,   -1.50, 220.8
  0.42,   14.9,   -1.75, 220.8
  0.44,   15.6,   -1.63, 220.8
  0.46,   16.3,   -1.75, 220.8
  0.48,   17.0,   -1.50, 220.8
  0.50,   17.6,   -1.63, 220.8
  0.52,   18.2,   -1.50, 220.8
  0.54,   19.0,   -1.63, 220.8
  0.56,   19.8,   -1.75, 220.8
  0.58,   20.4,   -1.75, 220.8
  0.60,   21.2,   -1.75, 220.8
  0.62,   21.8,   -1.63, 220.8
  0.64,   22.6,   -1.75, 220.8
  0.66,   23.2,   -1.50, 220.8
  0.68,   23.8,   -1.75, 220.8
  0.70,   24.6,   -1.75, 220.8
  0.72,   25.2,   -1.88, 220.8
  0.74,   25.9,   -1.88, 220.8
  0.76,   26.6,   -1.75, 220.8
  0.78,   27.4,   -1.75, 220.8
  0.80,   28.0,   -1.63, 220.8
  0.82,   28.7,   -1.75, 220.8
  0.84,   29.4,   -1.63, 220.8
  0.86,   30.2,   -1.88, 220.8
  0.88,   30.8,   -1.88, 220.8
  0.90,   31.5,   -1.88, 220.8
  0.92,   32.2,   -1.75, 220.8
  0.94,   32.8,   -1.63, 220.8
  0.96,   33.5,   -1.75, 220.8
  0.98,   34.2,   -1.63, 220.8
  1.00,   34.9,   -1.88, 220.8
  1.02,   35.6,   -1.75, 220.8
  1.04,   36.2,   -1.88, 220.8
  1.06,   37.0,   -1.63, 220.8
  1.08,   37.6,   -1.63, 220.8
  1.10,   38.3,   -1.75, 220.8
  1.12,   39.0,   -1.75, 220.8
  1.14,   39.8,   -1.88, 220.8
  1.16,   40.4,   -1.75, 220.8
  1.18,   41.0,   -1.75, 220.8
  1.20,   41.8,   -1.50, 220.8
  1.22,   42.4,   -1.75, 220.8
  1.24,   43.0,   -1.63, 220.8
  1.26,   43.7,   -1.88, 220.8
  1.28,   44.4,   -1.88, 220.8
  1.30,   45.0,   -1.75, 220.8
  1.32,   45.8,   -1.75, 220.8
  1.34,   46.4,   -1.63, 220.8
  1.36,   47.0,   -1.75, 220.8
  1.38,   47.8,   -1.88, 220.8
  1.40,   48.4,   -1.88, 220.8
  1.42,   49.2,   -1.88, 220.8
  1.44,   49.8,   -1.88, 220.8
  1.46,   50.5,   -1.75, 220.8
  1.48,   51.2,   -1.75, 220.8
  1.50,   51.8,   -1.88, 220.8
  1.52,   52.5,   -1.88, 220.8
  1.54,   53.2,   -2.00, 220.8
  1.56,   53.8,   -2.00, 220.8
  1.58,   54.6,   -2.00, 220.8
  1.60,   55.2,   -1.88, 220.8
  1.62,   56.0,   -1.88, 220.8
  1.64,   56.6,   -2.00, 220.8
  1.66,   57.4,   -2.00, 220.8
  1.68,   58.0,   -2.13, 220.8
  1.70,   58.8,   -2.13, 220.8
  1.72,   59.4,   -2.13, 220.8
  1.74,   60.1,   -2.00, 220.8
  1.76,   60.8,   -2.13, 220.8
  1.78,   61.4,   -2.00, 220.8
  1.80,   62.2,   -2.25, 220.8
  1.82,   62.8,   -2.25, 220.8
  1.84,   63.6,   -2.25, 220.8
  1.86,   64.2,   -2.38, 220.8
  1.88,   65.0,   -2.38, 220.8
  1.90,   65.6,   -2.38, 220.8
  1.92,   66.4,   -2.25, 220.8
  1.94,   67.2,   -2.25, 220.8
  1.96,   67.8,   -2.25, 220.8
  1.98,   68.6,   -2.38, 220.8
  2.00,   69.2,   -2.50, 220.8
  2.02,   70.0,   -2.50, 220.8
  2.04,   70.6,   -2.50, 220.8
  2.06,   71.3,   -2.50, 220.8
  2.08,   72.0,   -2.50, 220.8
  2.10,   72.8,   -2.38, 220.8
  2.12,   73.4,   -2.38, 220.8
  2.14,   74.2,   -2.38, 220.8
  2.16,   74.8,   -2.50, 220.8
  2.18,   75.6,   -2.50, 220.8
  2.20,   76.4,   -2.50, 220.8
  2.22,   77.1,   -2.50, 220.8
  2.24,   77.8,   -2.50, 220.8
  2.26,   78.4,   -2.50, 220.8
  2.28,   79.2,   -2.38, 220.8
  2.30,   79.8,   -2.38, 220.8
  2.32,   80.5,   -2.38, 220.8
  2.34,   81.2,   -2.50, 220.8
  2.36,   82.0,   -2.63, 220.8
  2.38,   82.6,   -2.50, 220.8
  2.40,   83.4,   -2.50, 212.0
  2.42,   84.0,   -2.38, 212.0
  2.44,   84.8,   -2.38, 212.0
  2.46,   85.5,   -2.38, 212.0
  2.48,   86.2,   -2.50, 212.0
  2.50,   86.8,   -2.50, 212.0
  2.52,   87.6,   -2.50, 212.0
  2.54,   88.3,   -2.50, 212.0
  2.56,   89.0,   -2.38, 212.0
  2.58,   89.6,   -2.50, 212.0
  2.60,   90.4,   -2.38, 212.0
  2.62,   91.0,   -2.50, 212.0
  2.64,   91.6,   -2.50, 212.0
  2.66,   92.4,   -2.63, 212.0
  2.68,   93.1,   -2.50, 212.0
  2.70,   93.8,   -2.50, 212.0
  2.72,   94.4,   -2.50, 212.0
  2.74,   95.2,   -2.25, 212.0
  2.76,   96.0,   -2.50, 212.0
  2.78,   96.6,   -2.50, 212.0
  2.80,   97.2,   -2.63, 212.0
  2.82,   98.0,   -2.63, 212.0
  2.84,   98.7,   -2.63, 212.0
  2.86,   99.4,   -2.63, 212.0
  2.88,  100.0,   -2.50, 212.0
  2.90,  100.8,   -2.50, 212.0
  2.92,  101.4,   -2.50, 212.0
  2.94,  102.0,   -2.63, 212.0
  2.96,  102.8,   -2.75, 212.0
  2.98,  103.6,   -2.88, 212.0
  3.00,  104.3,   -2.75, 212.0
  3.02,  104.9,   -2.75, 212.0
  3.04,  105.6,   -2.63, 212.0
  3.06,  106.4,   -2.50, 212.0
  3.08,  107.1,   -2.75, 212.0
  3.10,  107.6,   -2.75, 212.0
  3.12,  108.4,   -3.00, 212.0
  3.14,  109.2,   -3.00, 212.0
  3.16,  109.9,   -3.00, 212.0
  3.18,  110.4,   -3.00, 212.0
  3.20,  111.2,   -3.13, 212.0
  3.22,  112.0,   -3.13, 212.0
  3.24,  112.8,   -3.00, 212.0
  3.26,  113.4,   -2.88, 212.0
  3.28,  114.1,   -2.88, 212.0
  3.30,  114.8,   -3.00, 212.0
  3.32,  115.6,   -3.00, 212.0
  3.34,  116.4,   -3.13, 212.0
  3.36,  117.1,   -3.13, 212.0
  3.38,  117.8,   -3.25, 212.0
  3.40,  118.4,   -3.25, 212.0
  3.42,  119.2,   -3.25, 212.0
  3.44,  120.0,   -3.38, 212.0
  3.46,  120.6,   -3.25, 212.0
  3.48,  121.3,   -3.25, 212.0
  3.50,  122.0,   -3.00, 212.0
  3.52,  122.8,   -3.13, 212.0
  3.54,  123.6,   -3.25, 212.0
  3.56,  124.4,   -3.25, 212.0
  3.58,  125.2,   -3.38, 212.0
  3.60,  125.9,   -3.38, 212.0
  3.62,  126.5,   -3.38, 212.0
  3.64,  127.2,   -3.38, 212.0
  3.66,  128.0,   -3.50, 212.0
  3.68,  128.8,   -3.38, 212.0
  3.70,  129.4,   -3.25, 212.0
  3.72,  130.1,   -3.38, 212.0
  3.74,  130.8,   -3.13, 212.0
  3.76,  131.6,   -3.25, 212.0
  3.78,  132.4,   -3.25, 212.0
  3.80,  133.2,   -3.50, 212.0
  3.82,  133.9,   -3.38, 212.0
  3.84,  134.7,   -3.50, 212.0
  3.86,  135.2,   -3.38, 212.0
  3.88,  136.0,   -3.38, 212.0
  3.90,  136.8,   -3.38, 212.0
  3.92,  137.6,   -3.25, 212.0
  3.94,  138.2,   -3.25, 212.0
  3.96,  138.8,   -3.13, 212.0
  3.98,  139.6,   -3.38, 212.0
  4.00,  140.4,   -3.38, 212.0
  4.02,  141.2,   -3.38, 212.0
  4.04,  141.9,   -3.38, 212.0
  4.06,  142.4,   -3.38, 212.0
  4.08,  143.2,   -3.38, 212.0
  4.10,  144.0,   -3.13, 212.0
  4.12,  144.8,   -3.13, 212.0
  4.14,  145.4,   -3.13, 212.0
  4.16,  146.0,   -3.38, 212.0
  4.18,  146.8,   -3.38, 212.0
  4.20,  147.6,   -3.38, 212.0
  4.22,  148.3,   -3.38, 212.0
  4.24,  148.8,   -3.38, 212.0
  4.26,  149.6,   -3.38, 212.0
  4.28,  150.4,   -3.13, 212.0
  4.30,  151.0,   -3.13, 212.0
  4.32,  151.6,   -3.25, 212.0
  4.34,  152.4,   -3.38, 212.0
  4.36,  153.2,   -3.38, 212.0
  4.38,  154.0,   -3.38, 212.0
  4.40,  154.6,   -3.38, 212.0
  4.42,  155.2,   -3.25, 212.0
  4.44,  156.0,   -3.13, 212.0
  4.46,  156.8,   -3.13, 212.0
  4.48,  157.4,   -3.25, 212.0
  4.50,  158.0,   -3.38, 212.0
  4.52,  158.8,   -3.50, 212.0
  4.54,  159.6,   -3.50, 212.0
  4.56,  160.2,   -3.50, 212.0
  4.58,  160.8,   -3.63, 212.0
  4.60,  161.6,   -3.50, 212.0
  4.62,  162.4,   -3.50, 212.0
  4.64,  163.2,   -3.38, 212.0
  4.66,  163.8,   -3.38, 212.0
  4.68,  164.4,   -3.50, 212.0
  4.70,  165.2,   -3.50, 212.0
  4.72,  166.0,   -3.63, 212.0
  4.74,  166.8,   -3.63, 212.0
  4.76,  167.4,   -3.75, 212.0
  4.78,  168.0,   -3.75, 212.0
  4.80,  168.8,   -3.75, 212.0
  4.82,  169.6,   -3.75, 212.0
  4.84,  170.3,   -3.63, 212.0
  4.86,  170.9,   -3.63, 212.0
  4.88,  171.6,   -3.50, 212.0
  4.90,  172.4,   -3.63, 212.0
  4.92,  173.2,   -3.75, 212.0
  4.94,  174.0,   -3.88, 212.0
  4.96,  174.8,   -3.88, 212.0
  4.98,  175.5,   -3.88, 212.0
  5.00,  176.1,   -3.88, 212.0
  5.02,  176.8,   -3.88, 212.0
  5.04,  177.6,   -4.00, 212.0
  5.06,  178.4,   -3.88, 212.0
  5.08,  179.2,   -4.00, 212.0
  5.10,  179.8,   -3.88, 212.0
  5.12,  180.4,   -3.88, 212.0
  5.14,  181.2,   -3.75, 212.0
  5.16,  182.0,   -3.75, 212.0
  5.18,  182.8,   -4.00, 212.0
  5.20,  183.6,   -3.88, 220.8
  5.22,  184.4,   -4.00, 220.8
  5.24,  185.0,   -4.00, 220.8
  5.26,  185.7,   -4.00, 220.8
  5.28,  186.4,   -4.00, 220.8
  5.30,  187.2,   -4.00, 220.8
  5.32,  188.0,   -4.00, 220.8
  5.34,  188.6,   -3.88, 220.8
  5.36,  189.3,   -3.75, 220.8
  5.38,  190.0,   -3.75, 220.8
  5.40,  190.8,   -3.88, 220.8
  5.42,  191.6,   -3.88, 220.8
  5.44,  192.4,   -4.00, 220.8
  5.46,  193.0,   -4.00, 220.8
  5.48,  193.7,   -3.88, 220.8
  5.50,  194.4,   -4.00, 220.8
  5.52,  195.2,   -3.75, 220.8
  5.54,  196.0,   -3.75, 220.8
  5.56,  196.6,   -3.75, 220.8
  5.58,  197.3,   -3.75, 220.8
  5.60,  198.0,   -3.88, 220.8
  5.62,  198.8,   -3.88, 220.8
  5.64,  199.6,   -4.00, 220.8
  5.66,  200.2,   -3.88, 220.8
  5.68,  200.8,   -3.88, 220.8
  5.70,  201.6,   -3.88, 220.8
  5.72,  202.4,   -3.88, 220.8
  5.74,  203.1,   -3.63, 220.8
  5.76,  203.8,   -3.75, 220.8
  5.78,  204.5,   -3.88, 220.8
  5.80,  205.2,   -3.88, 220.8
  5.82,  206.0,   -4.00, 220.8
  5.84,  206.7,   -3.88, 220.8
  5.86,  207.3,   -4.00, 220.8
  5.88,  208.0,   -3.88, 220.8
  5.90,  208.8,   -3.88, 220.8
  5.92,  209.4,   -3.75, 220.8
  5.94,  210.1,   -3.75, 220.8
  5.96,  210.8,   -3.88, 220.8
  5.98,  211.6,   -3.88, 220.8
  6.00,  212.4,   -4.00, 220.8
  6.02,  213.1,   -4.00, 220.8
  6.04,  213.7,   -4.00, 220.8
  6.06,  214.4,   -4.00, 220.8
  6.08,  215.2,   -4.00, 220.8
  6.10,  215.9,   -3.88, 220.8
  6.12,  216.6,   -3.88, 220.8
  6.14,  217.2,   -4.00, 220.8
  6.16,  218.0,   -4.00, 220.8
  6.18,  218.8,   -4.13, 220.8
  6.20,  219.4,   -4.13, 220.8
  6.22,  220.1,   -4.25, 220.8
  6.24,  220.8,   -4.25, 220.8
  6.26,  221.6,   -4.25, 220.8
  6.28,  222.4,   -4.25, 220.8
  6.30,  223.1,   -4.13, 220.8
  6.32,  223.8,   -4.13, 220.8
  6.34,  224.5,   -4.13, 220.8
  6.36,  225.1,   -4.13, 220.8
  6.38,  225.9,   -4.25, 220.8
  6.40,  226.7,   -4.38, 220.8
  6.42,  227.4,   -4.50, 220.8
  6.44,  228.1,   -4.38, 220.8
  6.46,  228.8,   -4.50, 220.8
  6.48,  229.5,   -4.50, 220.8
  6.50,  230.3,   -4.50, 220.8
  6.52,  231.0,   -4.50, 220.8
  6.54,  231.8,   -4.38, 220.8
  6.56,  232.5,   -4.50, 220.8
  6.58,  233.3,   -4.38, 220.8
  6.60,  234.0,   -4.38, 220.8
  6.62,  234.7,   -4.38, 220.8
  6.64,  235.5,   -4.50, 220.8
  6.66,  236.3,   -4.50, 220.8
  6.68,  237.1,   -4.50, 220.8
  6.70,  237.8,   -4.63, 220.8
  6.72,  238.4,   -4.63, 220.8
  6.74,  239.1,   -4.63, 220.8
  6.76,  239.9,   -4.50, 220.8
  6.78,  240.7,   -4.63, 220.8
  6.80,  241.4,   -4.50, 220.8
  6.82,  242.2,   -4.50, 220.8
  6.84,  242.9,   -4.50, 220.8
  6.86,  243.7,   -4.38, 220.8
  6.88,  244.4,   -4.38, 220.8
  6.90,  245.1,   -4.50, 220.8
  6.92,  245.9,   -4.50, 220.8
  6.94,  246.7,   -4.50, 220.8
  6.96,  247.4,   -4.63, 220.8
  6.98,  248.1,   -4.63, 220.8
  7.00,  248.7,   -4.50, 220.8
  7.02,  249.5,   -4.50, 220.8
  7.04,  250.2,   -4.38, 220.8
  7.06,  250.9,   -4.38, 220.8
  7.08,  251.7,   -4.25, 220.8
  7.10,  252.4,   -4.38, 220.8
  7.12,  253.1,   -4.50, 220.8
  7.14,  253.9,   -4.50, 220.8
  7.16,  254.7,   -4.50, 220.8
  7.18,  255.3,   -4.50, 220.8
  7.20,  256.0,   -4.50, 220.8
  7.22,  256.7,   -4.38, 220.8
  7.24,  257.4,   -4.38, 220.8
  7.26,  258.2,   -4.38, 220.8
  7.28,  258.8,   -4.38, 220.8
  7.30,  259.5,   -4.50, 220.8
  7.32,  260.3,   -4.38, 220.8
  7.34,  261.0,   -4.50, 220.8
  7.36,  261.7,   -4.50, 220.8
  7.38,  262.4,   -4.50, 220.8
  7.40,  263.2,   -4.50, 220.8
  7.42,  263.9,   -4.38, 220.8
  7.44,  264.6,   -4.38, 220.8
  7.46,  265.3,   -4.38, 220.8
  7.48,  266.0,   -4.50, 220.8
  7.50,  266.7,   -4.50, 220.8
  7.52,  267.5,   -4.63, 220.8
  7.54,  268.1,   -4.63, 220.8
  7.56,  268.9,   -4.75, 220.8
  7.58,  269.6,   -4.75, 220.8
  7.60,  270.3,   -4.63, 216.4
  7.62,  271.0,   -4.75, 216.4
  7.64,  271.7,   -4.63, 216.4
  7.66,  272.5,   -4.63, 216.4
  7.68,  273.2,   -4.63, 216.4
  7.70,  273.9,   -4.63, 216.4
  7.72,  274.7,   -4.75, 216.4
  7.74,  275.5,   -4.75, 216.4
  7.76,  276.1,   -4.88, 216.4
  7.78,  276.9,   -4.88, 216.4
  7.80,  277.6,   -4.88, 216.4
  7.82,  278.3,   -4.88, 216.4
  7.84,  279.0,   -5.00, 216.4
  7.86,  279.8,   -5.00, 216.4
  7.88,  280.5,   -4.88, 216.4
  7.90,  281.3,   -5.00, 216.4
  7.92,  282.0,   -4.88, 216.4
  7.94,  282.7,   -4.88, 216.4
  7.96,  283.5,   -4.88, 216.4
  7.98,  284.3,   -4.88, 216.4
  8.00,  285.0,   -5.00, 216.4
  8.02,  285.7,   -5.00, 216.4
  8.04,  286.5,   -5.13, 216.4
  8.06,  287.3,   -5.13, 216.4
  8.08,  288.0,   -5.25, 216.4
  8.10,  288.7,   -5.25, 216.4
  8.12,  289.4,   -5.25, 216.4
  8.14,  290.1,   -5.25, 216.4
  8.16,  290.9,   -5.13, 216.4
  8.18,  291.7,   -5.13, 216.4
  8.20,  292.5,   -5.00, 216.4
  8.22,  293.2,   -5.13, 216.4
  8.24,  293.9,   -5.00, 216.4
  8.26,  294.7,   -5.00, 216.4
  8.28,  295.5,   -5.13, 216.4
  8.30,  296.2,   -5.13, 216.4
  8.32,  296.9,   -5.25, 216.4
  8.34,  297.7,   -5.13, 216.4
  8.36,  298.4,   -5.25, 216.4
  8.38,  299.1,   -5.25, 216.4
  8.40,  299.8,   -5.25, 216.4
  8.42,  300.6,   -5.25, 216.4
  8.44,  301.3,   -5.13, 216.4
  8.46,  302.1,   -5.13, 216.4
  8.48,  302.9,   -5.00, 216.4
  8.50,  303.6,   -5.13, 216.4
  8.52,  304.3,   -5.00, 216.4
  8.54,  305.1,   -5.13, 216.4
  8.56,  305.8,   -5.13, 216.4
  8.58,  306.5,   -5.13, 216.4
  8.60,  307.3,   -5.13, 216.4
  8.62,  308.0,   -5.13, 216.4
  8.64,  308.7,   -5.13, 216.4
  8.66,  309.4,   -5.00, 216.4
  8.68,  310.1,   -5.00, 216.4
  8.70,  310.9,   -5.00, 216.4
  8.72,  311.6,   -5.00, 216.4
  8.74,  312.3,   -5.00, 216.4
  8.76,  313.0,   -5.00, 216.4
  8.78,  313.7,   -5.13, 216.4
  8.80,  314.5,   -5.13, 216.4
  8.82,  315.3,   -5.13, 216.4
  8.84,  315.9,   -5.00, 216.4
  8.86,  316.6,   -5.00, 216.4
  8.88,  317.3,   -5.00, 216.4
  8.90,  318.1,   -5.00, 216.4
  8.92,  318.8,   -5.13, 216.4
  8.94,  319.5,   -5.13, 216.4
  8.96,  320.2,   -5.13, 216.4
  8.98,  320.9,   -5.25, 216.4
  9.00,  321.7,   -5.25, 216.4
  9.02,  322.3,   -5.25, 216.4
  9.04,  323.1,   -5.25, 216.4
  9.06,  323.8,   -5.25, 216.4
  9.08,  324.5,   -5.13, 216.4
  9.10,  325.3,   -5.13, 216.4
  9.12,  326.1,   -5.25, 216.4
  9.14,  326.7,   -5.13, 216.4
  9.16,  327.5,   -5.38, 216.4
  9.18,  328.1,   -5.38, 216.4
  9.20,  328.9,   -5.50, 216.4
  9.22,  329.7,   -5.50, 216.4
  9.24,  330.3,   -5.50, 216.4
  9.26,  331.0,   -5.50, 216.4
  9.28,  331.7,   -5.50, 216.4
  9.30,  332.5,   -5.50, 216.4
  9.32,  333.3,   -5.38, 216.4
  9.34,  334.1,   -5.50, 216.4
  9.36,  334.8,   -5.50, 216.4
  9.38,  335.5,   -5.50, 216.4
  9.40,  336.3,   -5.50, 216.4
  9.42,  337.1,   -5.50, 216.4
  9.44,  337.7,   -5.63, 216.4
  9.46,  338.5,   -5.63, 216.4
  9.48,  339.3,   -5.75, 216.4
  9.50,  340.0,   -5.75, 216.4
  9.52,  340.7,   -5.75, 216.4
  9.54,  341.4,   -5.88, 216.4
  9.56,  342.1,   -5.75, 216.4
  9.58,  342.9,   -5.88, 216.4
  9.60,  343.7,   -5.88, 216.4
  9.62,  344.5,   -5.75, 216.4
  9.64,  345.3,   -5.75, 216.4
  9.66,  346.1,   -5.63, 216.4
  9.68,  346.8,   -5.75, 216.4
  9.70,  347.5,   -5.75, 216.4
  9.72,  348.3,   -5.88, 216.4
  9.74,  349.0,   -5.75, 216.4
  9.76,  349.7,   -5.88, 216.4
  9.78,  350.5,   -5.88, 216.4
  9.80,  351.3,   -5.88, 216.4
  9.82,  352.1,   -6.00, 216.4
  9.84,  352.7,   -5.88, 216.4
  9.86,  353.5,   -6.00, 216.4
  9.88,  354.2,   -5.88, 216.4
  9.90,  354.9,   -5.88, 216.4
  9.92,  355.7,   -5.88, 216.4
  9.94,  356.5,   -5.75, 216.4
  9.96,  357.3,   -5.75, 216.4
  9.98,  358.1,   -5.75, 216.4
 10.00,  358.9,   -5.75, 216.4
 10.02,  359.7,   -5.75, 216.4
 10.04,  360.3,   -5.75, 216.4
 10.06,  361.1,   -5.88, 216.4
 10.08,  361.9,   -5.88, 216.4
 10.10,  362.6,   -5.88, 216.4
 10.12,  363.3,   -5.88, 216.4
 10.14,  364.0,   -5.88, 216.4
 10.16,  364.7,   -5.75, 216.4
 10.18,  365.5,   -5.63, 216.4
 10.20,  366.3,   -5.75, 216.4
 10.22,  367.1,   -5.75, 216.4
 10.24,  367.7,   -5.75, 216.4
 10.26,  368.5,   -5.75, 216.4
 10.28,  369.1,   -5.88, 216.4
 10.30,  369.9,   -5.88, 216.4
 10.32,  370.7,   -5.75, 216.4
 10.34,  371.3,   -5.88, 216.4
 10.36,  372.0,   -5.75, 216.4
 10.38,  372.7,   -5.75, 216.4
 10.40,  373.4,   -5.75, 216.4
 10.42,  374.2,   -5.75, 216.4
 10.44,  374.8,   -5.75, 216.4
 10.46,  375.6,   -5.75, 216.4
 10.48,  376.2,   -5.88, 216.4
 10.50,  377.0,   -5.88, 216.4
 10.52,  377.8,   -6.00, 216.4
 10.54,  378.6,   -5.88, 216.4
 10.56,  379.2,   -5.88, 216.4
 10.58,  379.9,   -5.88, 216.4
 10.60,  380.6,   -5.88, 216.4
 10.62,  381.4,   -5.88, 216.4
 10.64,  382.2,   -5.88, 216.4
 10.66,  382.8,   -6.00, 216.4
 10.68,  383.6,   -6.00, 216.4
 10.70,  384.2,   -5.88, 216.4
 10.72,  385.0,   -6.00, 216.4
 10.74,  385.8,   -6.13, 216.4
 10.76,  386.6,   -6.13, 216.4
 10.78,  387.3,   -6.13, 216.4
 10.80,  388.0,   -6.13, 216.4
 10.82,  388.8,   -6.13, 216.4
 10.84,  389.4,   -6.00, 216.4
 10.86,  390.2,   -6.13, 216.4
 10.88,  391.0,   -6.13, 216.4
 10.90,  391.8,   -6.13, 216.4
 10.92,  392.4,   -6.13, 216.4
 10.94,  393.2,   -6.13, 216.4
 10.96,  393.8,   -6.25, 216.4
 10.98,  394.6,   -6.25, 216.4
 11.00,  395.4,   -6.38, 216.4
 11.02,  396.2,   -6.25, 216.4
 11.04,  397.0,   -6.38, 216.4
 11.06,  397.8,   -6.38, 216.4
 11.08,  398.4,   -6.50, 216.4
 11.10,  399.2,   -6.50, 216.4
 11.12,  400.0,   -6.50, 216.4
 11.14,  400.7,   -6.50, 216.4
 11.16,  401.4,   -6.50, 216.4
 11.18,  402.2,   -6.50, 216.4
 11.20,  403.0,   -6.50, 216.4
 11.22,  403.6,   -6.38, 216.4
 11.24,  404.4,   -6.38, 216.4
 11.26,  405.2,   -6.25, 216.4
 11.28,  406.0,   -6.38, 216.4
 11.30,  406.7,   -6.38, 216.4
 11.32,  407.4,   -6.50, 216.4
 11.34,  408.2,   -6.50, 216.4
 11.36,  409.0,   -6.50, 216.4
 11.38,  409.8,   -6.63, 216.4
 11.40,  410.6,   -6.63, 216.4
 11.42,  411.2,   -6.63, 216.4
 11.44,  412.0,   -6.50, 216.4
 11.46,  412.8,   -6.50, 216.4
 11.48,  413.4,   -6.50, 216.4
 11.50,  414.2,   -6.38, 216.4
 11.52,  415.0,   -6.38, 216.4
 11.54,  415.6,   -6.38, 216.4
 11.56,  416.4,   -6.38, 216.4
 11.58,  417.2,   -6.38, 216.4
 11.60,  418.0,   -6.38, 216.4
 11.62,  418.7,   -6.50, 216.4
 11.64,  419.4,   -6.50, 216.4
 11.66,  420.2,   -6.63, 216.4
 11.68,  421.0,   -6.50, 216.4
 11.70,  421.6,   -6.50, 216.4
 11.72,  422.4,   -6.38, 216.4
 11.74,  423.0,   -6.38, 216.4
 11.76,  423.8,   -6.38, 216.4
 11.78,  424.6,   -6.38, 216.4
 11.80,  425.2,   -6.38, 216.4
 11.82,  426.0,   -6.38, 216.4
 11.84,  426.8,   -6.38, 216.4
 11.86,  427.4,   -6.50, 216.4
 11.88,  428.2,   -6.50, 216.4
 11.90,  429.0,   -6.50, 216.4
 11.92,  429.6,   -6.50, 216.4
 11.94,  430.4,   -6.50, 216.4
 11.96,  431.2,   -6.38, 216.4
 11.98,  431.8,   -6.38, 216.4
 12.00,  432.4,   -6.38, 216.4
 12.02,  433.1,   -6.38, 216.4
 12.04,  433.8,   -6.50, 216.4
 12.06,  434.6,   -6.50, 216.4
 12.08,  435.3,   -6.63, 216.4
 12.10,  436.0,   -6.63, 216.4
 12.12,  436.8,   -6.63, 216.4
 12.14,  437.4,   -6.75, 216.4
 12.16,  438.2,   -6.75, 216.4
 12.18,  439.0,   -6.75, 216.4
 12.20,  439.8,   -6.75, 216.4
 12.22,  440.4,   -6.63, 216.4
 12.24,  441.2,   -6.63, 216.4
 12.26,  442.0,   -6.50, 216.4
 12.28,  442.6,   -6.75, 216.4
 12.30,  443.4,   -6.75, 216.4
 12.32,  444.2,   -6.75, 216.4
 12.34,  444.9,   -6.88, 216.4
 12.36,  445.6,   -6.88, 216.4
 12.38,  446.4,   -7.00, 216.4
 12.40,  447.0,   -7.00, 216.4
 12.42,  447.8,   -7.00, 212.0
 12.44,  448.6,   -7.00, 212.0
 12.46,  449.4,   -7.00, 212.0
 12.48,  450.2,   -7.13, 212.0
 12.50,  451.0,   -7.00, 212.0
 12.52,  451.7,   -7.13, 212.0
 12.54,  452.4,   -7.00, 212.0
 12.56,  453.2,   -7.00, 212.0
 12.58,  453.8,   -7.00, 212.0
 12.60,  454.6,   -7.00, 212.0
 12.62,  455.4,   -7.00, 212.0
 12.64,  456.2,   -7.00, 212.0
 12.66,  457.0,   -7.00, 212.0
 12.68,  457.7,   -7.00, 212.0
 12.70,  458.4,   -7.13, 212.0
 12.72,  459.2,   -7.13, 212.0
 12.74,  460.0,   -7.13, 212.0
 12.76,  460.6,   -7.25, 212.0
 12.78,  461.4,   -7.25, 212.0
 12.80,  462.2,   -7.25, 212.0
 12.82,  463.0,   -7.25, 212.0
 12.84,  463.8,   -7.25, 212.0
 12.86,  464.6,   -7.25, 212.0
 12.88,  465.2,   -7.13, 212.0
 12.90,  466.0,   -7.25, 212.0
 12.92,  466.6,   -7.13, 212.0
 12.94,  467.4,   -7.13, 212.0
 12.96,  468.2,   -7.13, 212.0
 12.98,  469.0,   -7.00, 212.0
 13.00,  469.8,   -7.13, 212.0
 13.02,  470.6,   -7.13, 212.0
 13.04,  471.3,   -7.25, 212.0
 13.06,  472.1,   -7.25, 212.0
 13.08,  472.8,   -7.25, 212.0
 13.10,  473.4,   -7.25, 212.0
 13.12,  474.2,   -7.13, 212.0
 13.14,  475.0,   -7.25, 212.0
 13.16,  475.8,   -7.13, 212.0
 13.18,  476.5,   -7.13, 212.0
 13.20,  477.2,   -7.13, 212.0
 13.22,  477.8,   -7.13, 212.0
 13.24,  478.6,   -7.00, 212.0
 13.26,  479.4,   -7.00, 212.0
 13.28,  480.2,   -7.13, 212.0
 13.30,  481.0,   -7.13, 212.0
 13.32,  481.7,   -7.25, 212.0
 13.34,  482.5,   -7.38, 212.0
 13.36,  483.2,   -7.25, 212.0
 13.38,  483.8,   -7.25, 212.0
 13.40,  484.6,   -7.13, 212.0
 13.42,  485.4,   -7.13, 212.0
 13.44,  486.2,   -7.13, 212.0
 13.46,  486.8,   -7.00, 212.0
 13.48,  487.4,   -7.00, 212.0
 13.50,  488.2,   -7.00, 212.0
 13.52,  489.0,   -7.13, 212.0
 13.54,  489.8,   -7.25, 212.0
 13.56,  490.5,   -7.25, 212.0
 13.58,  491.3,   -7.50, 212.0
 13.60,  491.9,   -7.38, 212.0
 13.62,  492.6,   -7.38, 212.0
 13.64,  493.4,   -7.38, 212.0
 13.66,  494.2,   -7.38, 212.0
 13.68,  495.0,   -7.25, 212.0
 13.70,  495.8,   -7.13, 212.0
 13.72,  496.3,   -7.25, 212.0
 13.74,  496.9,   -7.13, 212.0
 13.76,  497.7,   -7.25, 212.0
 13.78,  498.5,   -7.25, 212.0
 13.80,  499.3,   -7.38, 212.0
 13.82,  500.0,   -7.50, 212.0
 13.84,  500.8,   -7.50, 212.0
 13.86,  501.4,   -7.75, 212.0
 13.88,  502.1,   -7.63, 212.0
 13.90,  502.9,   -7.63, 212.0
 13.92,  503.7,   -7.63, 212.0
 13.94,  504.5,   -7.50, 212.0
 13.96,  505.3,   -7.63, 212.0
 13.98,  506.1,   -7.63, 212.0
 14.00,  506.8,   -7.63, 212.0
 14.02,  507.5,   -7.63, 212.0
 14.04,  508.1,   -7.63, 212.0
 14.06,  508.9,   -7.63, 212.0
 14.08,  509.7,   -7.63, 212.0
 14.10,  510.5,   -7.63, 212.0
 14.12,  511.3,   -7.50, 212.0
 14.14,  512.1,   -7.63, 212.0
 14.16,  512.8,   -7.63, 212.0
 14.18,  513.6,   -7.63, 212.0
 14.20,  514.4,   -7.75, 212.0
 14.22,  515.1,   -7.75, 212.0
 14.24,  515.8,   -7.88, 212.0
 14.26,  516.5,   -7.88, 212.0
 14.28,  517.3,   -7.88, 212.0
 14.30,  518.1,   -7.88, 212.0
 14.32,  518.9,   -7.88, 212.0
 14.34,  519.7,   -7.88, 212.0
 14.36,  520.5,   -7.88, 212.0
 14.38,  521.1,   -7.88, 212.0
 14.40,  521.8,   -8.00, 212.0
 14.42,  522.6,   -7.88, 212.0
 14.44,  523.3,   -7.88, 212.0
 14.46,  524.1,   -7.75, 212.0
 14.48,  524.9,   -7.88, 212.0
 14.50,  525.7,   -7.75, 212.0
 14.52,  526.5,   -7.75, 212.0
 14.54,  527.3,   -7.88, 212.0
 14.56,  528.1,   -7.75, 212.0
 14.58,  528.9,   -7.88, 212.0
 14.60,  529.5,   -7.88, 212.0
 14.62,  530.2,   -7.88, 212.0
 14.64,  530.9,   -8.00, 212.0
 14.66,  531.7,   -7.88, 212.0
 14.68,  532.5,   -8.00, 212.0
 14.70,  533.3,   -7.88, 212.0
 14.72,  534.1,   -7.88, 212.0
 14.74,  534.7,   -7.88, 212.0
 14.76,  535.5,   -7.75, 212.0
 14.78,  536.2,   -7.75, 212.0
 14.80,  536.9,   -7.63, 212.0
 14.82,  537.7,   -7.75, 203.2
 14.84,  538.5,   -7.75, 203.2
 14.86,  539.3,   -7.88, 203.2
 14.88,  540.1,   -8.00, 203.2
 14.90,  540.7,   -7.88, 203.2
 14.92,  541.4,   -8.00, 203.2
 14.94,  542.1,   -7.88, 203.2
 14.96,  542.9,   -7.88, 203.2
 14.98,  543.7,   -8.00, 203.2
 15.00,  544.5,   -7.88, 203.2
 15.02,  545.1,   -8.00, 203.2
 15.04,  545.8,   -7.75, 203.2
 15.06,  546.6,   -7.75, 203.2
 15.08,  547.3,   -7.75, 203.2
 15.10,  548.1,   -7.75, 203.2
 15.12,  548.9,   -7.88, 203.2
 15.14,  549.7,   -7.88, 203.2
 15.16,  550.5,   -8.00, 203.2
 15.18,  551.1,   -8.00, 203.2
 15.20,  551.7,   -8.00, 203.2
 15.22,  552.5,   -8.13, 203.2
 15.24,  553.3,   -8.00, 203.2
 15.26,  554.1,   -8.13, 203.2
 15.28,  554.8,   -8.00, 203.2
 15.30,  555.5,   -8.00, 203.2
 15.32,  556.2,   -8.13, 203.2
 15.34,  556.9,   -8.00, 203.2
 15.36,  557.7,   -8.00, 203.2
 15.38,  558.5,   -7.88, 203.2
 15.40,  559.3,   -8.00, 203.2
 15.42,  560.1,   -8.13, 203.2
 15.44,  560.9,   -8.13, 203.2
 15.46,  561.6,   -8.25, 203.2
 15.48,  562.2,   -8.25, 203.2
 15.50,  562.9,   -8.38, 203.2
 15.52,  563.6,   -8.38, 203.2
 15.54,  564.4,   -8.38, 203.2
 15.56,  565.2,   -8.38, 203.2
 15.58,  566.0,   -8.38, 203.2
 15.60,  566.7,   -8.38, 203.2
 15.62,  567.5,   -8.38, 203.2
 15.64,  568.2,   -8.38, 203.2
 15.66,  569.0,   -8.38, 203.2
 15.68,  569.7,   -8.38, 203.2
 15.70,  570.5,   -8.50, 203.2
 15.72,  571.3,   -8.38, 203.2
 15.74,  572.0,   -8.50, 203.2
 15.76,  572.8,   -8.38, 203.2
 15.78,  573.6,   -8.38, 203.2
 15.80,  574.4,   -8.38, 203.2
 15.82,  575.2,   -8.38, 203.2
 15.84,  575.9,   -8.38, 203.2
 15.86,  576.6,   -8.38, 203.2
 15.88,  577.4,   -8.38, 203.2
 15.90,  578.2,   -8.50, 203.2
 15.92,  578.9,   -8.50, 203.2
 15.94,  579.7,   -8.50, 203.2
 15.96,  580.5,   -8.50, 203.2
 15.98,  581.2,   -8.63, 203.2
 16.00,  582.0,   -8.75, 203.2
 16.02,  582.8,   -8.63, 203.2
 16.04,  583.6,   -8.75, 203.2
 16.06,  584.4,   -8.63, 203.2
 16.08,  585.1,   -8.75, 203.2
 16.10,  585.8,   -8.63, 203.2
 16.12,  586.6,   -8.63, 203.2
 16.14,  587.3,   -8.63, 203.2
 16.16,  588.1,   -8.50, 203.2
 16.18,  588.8,   -8.50, 203.2
 16.20,  589.6,   -8.50, 203.2
 16.22,  590.4,   -8.38, 203.2
 16.24,  591.2,   -8.38, 203.2
 16.26,  592.0,   -8.38, 203.2
 16.28,  592.8,   -8.50, 203.2
 16.30,  593.5,   -8.50, 203.2
 16.32,  594.3,   -8.50, 203.2
 16.34,  595.0,   -8.63, 203.2
 16.36,  595.7,   -8.50, 203.2
 16.38,  596.4,   -8.63, 203.2
 16.40,  597.2,   -8.50, 203.2
 16.42,  598.0,   -8.63, 203.2
 16.44,  598.7,   -8.63, 203.2
 16.46,  599.5,   -8.50, 203.2
 16.48,  600.2,   -8.50, 203.2
 16.50,  601.0,   -8.38, 203.2
 16.52,  601.7,   -8.50, 203.2
 16.54,  602.5,   -8.38, 203.2
 16.56,  603.2,   -8.38, 203.2
 16.58,  604.0,   -8.50, 203.2
 16.60,  604.8,   -8.50, 203.2
 16.62,  605.5,   -8.50, 203.2
 16.64,  606.2,   -8.63, 203.2
 16.66,  606.9,   -8.63, 203.2
 16.68,  607.6,   -8.63, 203.2
 16.70,  608.4,   -8.63, 203.2
 16.72,  609.1,   -8.75, 203.2
 16.74,  609.9,   -8.63, 203.2
 16.76,  610.6,   -8.63, 203.2
 16.78,  611.4,   -8.63, 203.2
 16.80,  612.2,   -8.50, 203.2
 16.82,  612.9,   -8.63, 203.2
 16.84,  613.6,   -8.50, 203.2
 16.86,  614.4,   -8.50, 203.2
 16.88,  615.2,   -8.63, 203.2
 16.90,  616.0,   -8.63, 203.2
 16.92,  616.7,   -8.75, 203.2
 16.94,  617.4,   -8.75, 203.2
 16.96,  618.2,   -8.88, 203.2
 16.98,  618.9,   -8.88, 203.2
 17.00,  619.6,   -8.88, 203.2
 17.02,  620.4,   -8.88, 203.2
 17.04,  621.1,   -8.88, 203.2
 17.06,  621.9,   -9.00, 203.2
 17.08,  622.7,   -9.00, 203.2
 17.10,  623.5,   -9.00, 203.2
 17.12,  624.2,   -9.00, 203.2
 17.14,  625.0,   -8.88, 203.2
 17.16,  625.8,   -9.00, 203.2
 17.18,  626.5,   -8.88, 203.2
 17.20,  627.3,   -9.00, 203.2
 17.22,  628.0,   -9.00, 203.2
 17.24,  628.8,   -8.88, 203.2
 17.26,  629.6,   -9.00, 203.2
 17.28,  630.3,   -9.00, 203.2
 17.30,  631.1,   -9.00, 203.2
 17.32,  631.8,   -9.00, 203.2
 17.34,  632.6,   -9.00, 203.2
 17.36,  633.4,   -9.13, 203.2
 17.38,  634.2,   -9.13, 203.2
 17.40,  635.0,   -9.13, 203.2
 17.42,  635.8,   -9.13, 203.2
 17.44,  636.6,   -9.13, 203.2
 17.46,  637.3,   -9.25, 203.2
 17.48,  638.1,   -9.13, 203.2
 17.50,  638.9,   -9.38, 203.2
 17.52,  639.6,   -9.25, 203.2
 17.54,  640.4,   -9.25, 203.2
 17.56,  641.1,   -9.38, 203.2
 17.58,  641.9,   -9.38, 203.2
 17.60,  642.7,   -9.38, 203.2
 17.62,  643.4,   -9.38, 207.6
 17.64,  644.2,   -9.38, 207.6
 17.66,  645.0,   -9.38, 207.6
 17.68,  645.8,   -9.38, 207.6
 17.70,  646.6,   -9.38, 207.6
 17.72,  647.4,   -9.25, 207.6
 17.74,  648.2,   -9.25, 207.6
 17.76,  648.9,   -9.25, 207.6
 17.78,  649.7,   -9.13, 207.6
 17.80,  650.4,   -9.13, 207.6
 17.82,  651.2,   -9.13, 207.6
 17.84,  652.0,   -9.13, 207.6
 17.86,  652.7,   -9.25, 207.6
 17.88,  653.4,   -9.13, 207.6
 17.90,  654.2,   -9.25, 207.6
 17.92,  655.0,   -9.13, 207.6
 17.94,  655.8,   -9.38, 207.6
 17.96,  656.5,   -9.38, 207.6
 17.98,  657.3,   -9.38, 207.6
 18.00,  658.0,   -9.38, 207.6
 18.02,  658.8,   -9.25, 207.6
 18.04,  659.6,   -9.38, 207.6
 18.06,  660.3,   -9.25, 207.6
 18.08,  661.1,   -9.13, 207.6
 18.10,  661.8,   -9.25, 207.6
 18.12,  662.6,   -9.13, 207.6
 18.14,  663.4,   -9.13, 207.6
 18.16,  664.0,   -9.13, 207.6
 18.18,  664.8,   -9.13, 207.6
 18.20,  665.5,   -9.25, 207.6
 18.22,  666.2,   -9.13, 207.6
 18.24,  667.0,   -9.25, 207.6
 18.26,  667.8,   -9.25, 207.6
 18.28,  668.6,   -9.25, 207.6
 18.30,  669.4,   -9.38, 207.6
 18.32,  670.1,   -9.38, 207.6
 18.34,  670.8,   -9.38, 207.6
 18.36,  671.6,   -9.38, 207.6
 18.38,  672.3,   -9.38, 207.6
 18.40,  673.0,   -9.38, 207.6
 18.42,  673.8,   -9.25, 207.6
 18.44,  674.6,   -9.38, 207.6
 18.46,  675.3,   -9.38, 207.6
 18.48,  676.0,   -9.38, 207.6
 18.50,  676.8,   -9.50, 207.6
 18.52,  677.6,   -9.38, 207.6
 18.54,  678.2,   -9.50, 207.6
 18.56,  679.0,   -9.50, 207.6
 18.58,  679.8,   -9.50, 207.6
 18.60,  680.6,   -9.50, 207.6
 18.62,  681.4,   -9.50, 207.6
 18.64,  682.2,   -9.63, 207.6
 18.66,  683.0,   -9.63, 207.6
 18.68,  683.7,   -9.75, 207.6
 18.70,  684.4,   -9.75, 207.6
 18.72,  685.1,   -9.75, 207.6
 18.74,  685.9,   -9.88, 207.6
 18.76,  686.6,   -9.88, 207.6
 18.78,  687.4,   -9.88, 207.6
 18.80,  688.2,   -9.88, 207.6
 18.82,  689.0,   -9.88, 207.6
 18.84,  689.8,  -10.00, 207.6
 18.86,  690.6,   -9.88, 207.6
 18.88,  691.4,  -10.00, 207.6
 18.90,  692.2,   -9.88, 207.6
 18.92,  693.0,   -9.88, 207.6
 18.94,  693.8,   -9.88, 207.6
 18.96,  694.5,   -9.88, 207.6
 18.98,  695.2,   -9.88, 207.6
 19.00,  696.0,   -9.88, 207.6
 19.02,  696.8,   -9.88, 207.6
 19.04,  697.6,  -10.00, 207.6
 19.06,  698.3,   -9.88, 207.6
 19.08,  699.0,  -10.00, 207.6
 19.10,  699.8,   -9.88, 207.6
 19.12,  700.6,   -9.88, 207.6
 19.14,  701.4,  -10.00, 207.6
 19.16,  702.2,   -9.88, 207.6
 19.18,  703.0,  -10.00, 207.6
 19.20,  703.8,   -9.88, 207.6
 19.22,  704.6,  -10.00, 207.6
 19.24,  705.4,  -10.00, 207.6
 19.26,  706.2,  -10.00, 207.6
 19.28,  707.0,  -10.00, 207.6
 19.30,  707.8,  -10.00, 207.6
 19.32,  708.4,  -10.00, 207.6
 19.34,  709.2,  -10.13, 207.6
 19.36,  710.0,  -10.13, 207.6
 19.38,  710.7,  -10.13, 207.6
 19.40,  711.4,  -10.13, 207.6
 19.42,  712.2,  -10.13, 207.6
 19.44,  713.0,  -10.13, 207.6
 19.46,  713.8,  -10.00, 207.6
 19.48,  714.6,  -10.13, 207.6
 19.50,  715.4,   -9.88, 207.6
 19.52,  716.2,  -10.00, 207.6
 19.54,  717.0,  -10.00, 207.6
 19.56,  717.8,   -9.88, 207.6
 19.58,  718.4,   -9.88, 207.6
 19.60,  719.2,   -9.88, 207.6
 19.62,  720.0,   -9.88, 207.6
 19.64,  720.6,  -10.00, 207.6
 19.66,  721.4,   -9.88, 207.6
 19.68,  722.2,  -10.00, 207.6
 19.70,  723.0,   -9.88, 207.6
 19.72,  723.8,  -10.00, 207.6
 19.74,  724.5,  -10.00, 207.6
 19.76,  725.2,  -10.00, 207.6
 19.78,  726.0,  -10.13, 207.6
 19.80,  726.7,  -10.00, 207.6
 19.82,  727.4,  -10.13, 207.6
 19.84,  728.2,  -10.00, 207.6
 19.86,  729.0,  -10.00, 207.6
 19.88,  729.8,  -10.00, 207.6
 19.90,  730.6,  -10.00, 207.6
 19.92,  731.2,  -10.00, 207.6
 19.94,  732.0,  -10.00, 207.6
 19.96,  732.8,  -10.00, 207.6
 19.98,  733.4,  -10.00, 207.6
 20.00,  734.2,  -10.00, 207.6
 20.02,  735.0,  -10.13, 203.2
 20.04,  735.8,  -10.13, 203.2
 20.06,  736.6,  -10.13, 203.2
 20.08,  737.4,  -10.25, 203.2
 20.10,  738.1,  -10.25, 203.2
 20.12,  738.8,  -10.38, 203.2
 20.14,  739.6,  -10.38, 203.2
 20.16,  740.3,  -10.38, 203.2
 20.18,  741.0,  -10.38, 203.2
 20.20,  741.8,  -10.38, 203.2
 20.22,  742.6,  -10.50, 203.2
 20.24,  743.4,  -10.38, 203.2
 20.26,  744.2,  -10.38, 203.2
 20.28,  744.9,  -10.50, 203.2
 20.30,  745.6,  -10.50, 203.2
 20.32,  746.4,  -10.50, 203.2
 20.34,  747.2,  -10.50, 203.2
 20.36,  748.0,  -10.38, 203.2
 20.38,  748.8,  -10.50, 203.2
 20.40,  749.6,  -10.50, 203.2
 20.42,  750.4,  -10.50, 203.2
 20.44,  751.2,  -10.50, 203.2
 20.46,  752.0,  -10.50, 203.2
 20.48,  752.6,  -10.50, 203.2
 20.50,  753.4,  -10.50, 203.2
 20.52,  754.2,  -10.63, 203.2
 20.54,  755.0,  -10.63, 203.2
 20.56,  755.8,  -10.50, 203.2
 20.58,  756.6,  -10.63, 203.2
 20.60,  757.4,  -10.63, 203.2
 20.62,  758.2,  -10.75, 203.2
 20.64,  759.0,  -10.75, 203.2
 20.66,  759.8,  -10.75, 203.2
 20.68,  760.6,  -10.75, 203.2
 20.70,  761.3,  -10.75, 203.2
 20.72,  762.1,  -10.75, 203.2
 20.74,  762.9,  -10.75, 203.2
 20.76,  763.6,  -10.75, 203.2
 20.78,  764.4,  -10.88, 203.2
 20.80,  765.2,  -10.88, 203.2
 20.82,  766.0,  -10.88, 203.2
 20.84,  766.7,  -10.88, 203.2
 20.86,  767.4,  -10.88, 203.2
 20.88,  768.2,  -10.88, 203.2
 20.90,  769.0,  -10.88, 203.2
 20.92,  769.8,  -11.00, 203.2
 20.94,  770.6,  -10.88, 203.2
 20.96,  771.4,  -10.88, 203.2
 20.98,  772.2,  -10.88, 203.2
 21.00,  773.0,  -10.75, 203.2
 21.02,  773.8,  -10.75, 203.2
 21.04,  774.6,  -10.75, 203.2
 21.06,  775.2,  -10.63, 203.2
 21.08,  776.0,  -10.75, 203.2
 21.10,  776.8,  -10.63, 203.2
 21.12,  777.6,  -10.63, 203.2
 21.14,  778.3,  -10.63, 203.2
 21.16,  779.0,  -10.63, 203.2
 21.18,  779.8,  -10.75, 203.2
 21.20,  780.6,  -10.75, 203.2
 21.22,  781.4,  -10.75, 203.2
 21.24,  782.2,  -10.88, 203.2
 21.26,  782.8,  -10.75, 203.2
 21.28,  783.6,  -10.88, 203.2
 21.30,  784.4,  -10.88, 203.2
 21.32,  785.2,  -10.88, 203.2
 21.34,  786.0,  -10.88, 203.2
 21.36,  786.7,  -10.88, 203.2
 21.38,  787.4,  -10.88, 203.2
 21.40,  788.2,  -10.75, 203.2
 21.42,  789.0,  -10.88, 203.2
 21.44,  789.6,  -10.75, 203.2
 21.46,  790.4,  -10.75, 203.2
 21.48,  791.2,  -10.88, 203.2
 21.50,  792.0,  -10.75, 203.2
 21.52,  792.8,  -10.75, 203.2
 21.54,  793.5,  -10.88, 203.2
 21.56,  794.2,  -10.88, 203.2
 21.58,  795.0,  -10.88, 203.2
 21.60,  795.8,  -10.88, 203.2
 21.62,  796.6,  -11.00, 203.2
 21.64,  797.4,  -11.13, 203.2
 21.66,  798.0,  -11.00, 203.2
 21.68,  798.8,  -11.13, 203.2
 21.70,  799.6,  -11.13, 203.2
 21.72,  800.4,  -11.13, 203.2
 21.74,  801.1,  -11.25, 203.2
 21.76,  801.8,  -11.13, 203.2
 21.78,  802.6,  -11.25, 203.2
 21.80,  803.4,  -11.25, 203.2
 21.82,  804.2,  -11.38, 203.2
 21.84,  805.0,  -11.38, 203.2
 21.86,  805.8,  -11.25, 203.2
 21.88,  806.5,  -11.38, 203.2
 21.90,  807.2,  -11.25, 203.2
 21.92,  808.0,  -11.25, 203.2
 21.94,  808.8,  -11.38, 203.2
 21.96,  809.6,  -11.25, 203.2
 21.98,  810.4,  -11.25, 203.2
 22.00,  811.2,  -11.25, 203.2
 22.02,  812.0,  -11.25, 203.2
 22.04,  812.8,  -11.38, 203.2
 22.06,  813.6,  -11.38, 203.2
 22.08,  814.3,  -11.50, 203.2
 22.10,  815.1,  -11.38, 203.2
 22.12,  815.9,  -11.38, 203.2
 22.14,  816.7,  -11.50, 203.2
 22.16,  817.5,  -11.38, 203.2
 22.18,  818.3,  -11.50, 203.2
 22.20,  819.1,  -11.38, 203.2
 22.22,  819.9,  -11.38, 203.2
 22.24,  820.7,  -11.38, 203.2
 22.26,  821.5,  -11.38, 203.2
 22.28,  822.2,  -11.50, 203.2
 22.30,  823.0,  -11.38, 203.2
 22.32,  823.7,  -11.50, 203.2
 22.34,  824.4,  -11.50, 203.2
 22.36,  825.2,  -11.50, 203.2
 22.38,  826.0,  -11.63, 203.2
 22.40,  826.8,  -11.50, 203.2
 22.42,  827.6,  -11.50, 212.0
 22.44,  828.4,  -11.63, 212.0
 22.46,  829.2,  -11.63, 212.0
 22.48,  830.0,  -11.63, 212.0
 22.50,  830.8,  -11.63, 212.0
 22.52,  831.6,  -11.50, 212.0
 22.54,  832.4,  -11.63, 212.0
 22.56,  833.2,  -11.50, 212.0
 22.58,  834.0,  -11.63, 212.0
 22.60,  834.7,  -11.63, 212.0
 22.62,  835.4,  -11.50, 212.0
 22.64,  836.2,  -11.63, 212.0
 22.66,  836.9,  -11.50, 212.0
 22.68,  837.6,  -11.63, 212.0
 22.70,  838.4,  -11.63, 212.0
 22.72,  839.2,  -11.63, 212.0
 22.74,  840.0,  -11.63, 212.0
 22.76,  840.8,  -11.50, 212.0
 22.78,  841.6,  -11.50, 212.0
 22.80,  842.4,  -11.38, 212.0
 22.82,  843.2,  -11.38, 212.0
 22.84,  844.0,  -11.38, 212.0
 22.86,  844.8,  -11.50, 212.0
 22.88,  845.5,  -11.50, 212.0
 22.90,  846.3,  -11.63, 212.0
 22.92,  846.8,  -11.63, 212.0
 22.94,  847.5,  -11.75, 212.0
 22.96,  848.3,  -11.63, 212.0
 22.98,  849.1,  -11.75, 212.0
 23.00,  849.9,  -11.75, 212.0
 23.02,  850.7,  -11.75, 212.0
 23.04,  851.5,  -11.75, 212.0
 23.06,  852.3,  -11.75, 212.0
 23.08,  853.0,  -11.75, 212.0
 23.10,  853.7,  -11.75, 212.0
 23.12,  854.5,  -11.75, 212.0
 23.14,  855.2,  -11.75, 212.0
 23.16,  855.9,  -11.63, 212.0
 23.18,  856.7,  -11.63, 212.0
 23.20,  857.5,  -11.63, 212.0
 23.22,  858.3,  -11.63, 212.0
 23.24,  859.1,  -11.75, 212.0
 23.26,  859.9,  -11.63, 212.0
 23.28,  860.7,  -11.63, 212.0
 23.30,  861.4,  -11.75, 212.0
 23.32,  862.2,  -11.63, 212.0
 23.34,  863.0,  -11.75, 212.0
 23.36,  863.8,  -11.75, 212.0
 23.38,  864.5,  -11.75, 212.0
 23.40,  865.3,  -11.88, 212.0
 23.42,  866.1,  -11.88, 212.0
 23.44,  866.8,  -12.00, 212.0
 23.46,  867.6,  -12.00, 212.0
 23.48,  868.3,  -12.00, 212.0
 23.50,  869.1,  -12.00, 212.0
 23.52,  869.9,  -12.00, 212.0
 23.54,  870.7,  -12.13, 212.0
 23.56,  871.5,  -12.13, 212.0
 23.58,  872.3,  -12.13, 212.0
 23.60,  873.1,  -12.25, 212.0
 23.62,  873.9,  -12.13, 212.0
 23.64,  874.7,  -12.25, 212.0
 23.66,  875.5,  -12.25, 212.0
 23.68,  876.3,  -12.25, 212.0
 23.70,  877.1,  -12.38, 212.0
 23.72,  877.9,  -12.25, 212.0
 23.74,  878.7,  -12.25, 212.0
 23.76,  879.5,  -12.38, 212.0
 23.78,  880.3,  -12.25, 212.0
 23.80,  881.1,  -12.38, 212.0
 23.82,  881.8,  -12.25, 212.0
 23.84,  882.5,  -12.38, 212.0
 23.86,  883.3,  -12.38, 212.0
 23.88,  884.1,  -12.38, 212.0
 23.90,  884.8,  -12.38, 212.0
 23.92,  885.6,  -12.38, 212.0
 23.94,  886.4,  -12.38, 212.0
 23.96,  887.2,  -12.38, 212.0
 23.98,  888.0,  -12.38, 212.0
 24.00,  888.8,  -12.38, 212.0
 24.02,  889.6,  -12.38, 212.0
 24.04,  890.4,  -12.38, 212.0
 24.06,  891.2,  -12.38, 212.0
 24.08,  891.9,  -12.25, 212.0
 24.10,  892.7,  -12.38, 212.0
 24.12,  893.5,  -12.38, 212.0
 24.14,  894.3,  -12.25, 212.0
 24.16,  895.1,  -12.25, 212.0
 24.18,  895.9,  -12.25, 212.0
 24.20,  896.7,  -12.25, 212.0
 24.22,  897.5,  -12.25, 212.0
 24.24,  898.3,  -12.13, 212.0
 24.26,  899.1,  -12.13, 212.0
 24.28,  899.9,  -12.00, 212.0
 24.30,  900.7,  -12.00, 212.0
 24.32,  901.5,  -12.13, 212.0
 24.34,  902.3,  -12.13, 212.0
 24.36,  903.0,  -12.25, 212.0
 24.38,  903.7,  -12.25, 212.0
 24.40,  904.5,  -12.25, 212.0
 24.42,  905.2,  -12.38, 212.0
 24.44,  905.9,  -12.38, 212.0
 24.46,  906.7,  -12.38, 212.0
 24.48,  907.5,  -12.38, 212.0
 24.50,  908.3,  -12.38, 212.0
 24.52,  909.1,  -12.38, 212.0
 24.54,  909.9,  -12.38, 212.0
 24.56,  910.7,  -12.38, 212.0
 24.58,  911.4,  -12.38, 212.0
 24.60,  912.1,  -12.38, 212.0
 24.62,  912.8,  -12.38, 212.0
 24.64,  913.6,  -12.38, 212.0
 24.66,  914.4,  -12.50, 212.0
 24.68,  915.1,  -12.50, 212.0
 24.70,  915.9,  -12.38, 212.0
 24.72,  916.6,  -12.38, 212.0
 24.74,  917.4,  -12.25, 212.0
 24.76,  918.2,  -12.25, 212.0
 24.78,  919.0,  -12.38, 212.0
 24.80,  919.8,  -12.25, 212.0
 24.82,  920.6,  -12.38, 189.9
 24.84,  921.4,  -12.38, 189.9
 24.86,  922.2,  -12.38, 189.9
 24.88,  922.9,  -12.38, 189.9
 24.90,  923.7,  -12.38, 189.9
 24.92,  924.4,  -12.38, 189.9
 24.94,  925.2,  -12.38, 189.9
 24.96,  926.0,  -12.38, 189.9
 24.98,  926.8,  -12.50, 189.9
 25.00,  927.6,  -12.38, 189.9
 25.02,  928.3,  -12.63, 189.9
 25.04,  929.1,  -12.63, 189.9
 25.06,  929.8,  -12.63, 189.9
 25.08,  930.6,  -12.63, 189.9
 25.10,  931.4,  -12.63, 189.9
 25.12,  932.2,  -12.63, 189.9
 25.14,  933.0,  -12.75, 189.9
 25.16,  933.8,  -12.75, 189.9
 25.18,  934.6,  -12.88, 189.9
 25.20,  935.4,  -12.75, 189.9
 25.22,  936.2,  -12.75, 189.9
 25.24,  937.0,  -12.88, 189.9
 25.26,  937.8,  -12.88, 189.9
 25.28,  938.6,  -12.88, 189.9
 25.30,  939.4,  -12.88, 189.9
 25.32,  940.2,  -12.88, 189.9
 25.34,  941.0,  -13.00, 189.9
 25.36,  941.8,  -12.88, 189.9
 25.38,  942.6,  -13.00, 189.9
 25.40,  943.4,  -13.00, 189.9
 25.42,  944.2,  -12.88, 189.9
 25.44,  944.9,  -13.00, 189.9
 25.46,  945.7,  -12.88, 189.9
 25.48,  946.5,  -13.00, 189.9
 25.50,  947.3,  -13.00, 189.9
 25.52,  948.1,  -13.00, 189.9
 25.54,  949.0,  -13.00, 189.9
 25.56,  949.8,  -13.00, 189.9
 25.58,  950.6,  -13.00, 189.9
 25.60,  951.4,  -13.13, 189.9
 25.62,  952.2,  -13.00, 189.9
 25.64,  952.9,  -13.13, 189.9
 25.66,  953.7,  -13.00, 189.9
 25.68,  954.5,  -13.00, 189.9
 25.70,  955.3,  -13.13, 189.9
 25.72,  956.1,  -13.00, 189.9
 25.74,  956.8,  -13.13, 189.9
 25.76,  957.5,  -13.13, 189.9
 25.78,  958.3,  -13.13, 189.9
 25.80,  959.1,  -13.13, 189.9
 25.82,  959.9,  -13.00, 189.9
 25.84,  960.7,  -13.13, 189.9
 25.86,  961.5,  -13.13, 189.9
 25.88,  962.3,  -13.00, 189.9
 25.90,  963.1,  -13.13, 189.9
 25.92,  963.9,  -13.00, 189.9
 25.94,  964.7,  -13.00, 189.9
 25.96,  965.4,  -13.00, 189.9
 25.98,  966.2,  -13.00, 189.9
 26.00,  966.9,  -13.00, 189.9
 26.02,  967.7,  -13.00, 189.9
 26.04,  968.5,  -13.00, 189.9
 26.06,  969.3,  -13.00, 189.9
 26.08,  970.1,  -13.00, 189.9
 26.10,  970.9,  -13.00, 189.9
 26.12,  971.7,  -12.88, 189.9
 26.14,  972.5,  -12.88, 189.9
 26.16,  973.3,  -13.00, 189.9
 26.18,  974.1,  -12.88, 189.9
 26.20,  974.8,  -12.88, 189.9
 26.22,  975.6,  -13.00, 189.9
 26.24,  976.4,  -12.88, 189.9
 26.26,  977.1,  -13.00, 189.9
 26.28,  977.9,  -13.00, 189.9
 26.30,  978.7,  -13.00, 189.9
 26.32,  979.4,  -13.13, 189.9
 26.34,  980.1,  -13.00, 189.9
 26.36,  980.9,  -13.13, 189.9
 26.38,  981.7,  -13.13, 189.9
 26.40,  982.5,  -13.13, 189.9
 26.42,  983.3,  -13.25, 189.9
 26.44,  984.1,  -13.13, 189.9
 26.46,  984.9,  -13.25, 189.9
 26.48,  985.6,  -13.38, 189.9
 26.50,  986.4,  -13.25, 189.9
 26.52,  987.2,  -13.38, 189.9
 26.54,  988.0,  -13.25, 189.9
 26.56,  988.8,  -13.38, 189.9
 26.58,  989.6,  -13.50, 189.9
 26.60,  990.3,  -13.38, 189.9
 26.62,  991.1,  -13.50, 189.9
 26.64,  991.9,  -13.50, 189.9
 26.66,  992.7,  -13.50, 189.9
 26.68,  993.5,  -13.63, 189.9
 26.70,  994.3,  -13.50, 189.9
 26.72,  995.1,  -13.63, 189.9
 26.74,  995.9,  -13.63, 189.9
 26.76,  996.7,  -13.63, 189.9
 26.78,  997.5,  -13.63, 189.9
 26.80,  998.3,  -13.63, 189.9
 26.82,  999.1,  -13.63, 189.9
 26.84,  999.9,  -13.63, 189.9
 26.86, 1000.7,  -13.63, 189.9
 26.88, 1001.5,  -13.75, 189.9
 26.90, 1002.3,  -13.63, 189.9
 26.92, 1003.1,  -13.75, 189.9
 26.94, 1003.9,  -13.75, 189.9
 26.96, 1004.7,  -13.75, 189.9
 26.98, 1005.5,  -13.88, 189.9
 27.00, 1006.3,  -13.88, 189.9
 27.02, 1007.1,  -13.88, 189.9
 27.04, 1007.9,  -13.88, 189.9
 27.06, 1008.7,  -13.88, 189.9
 27.08, 1009.5,  -13.88, 189.9
 27.10, 1010.3,  -13.88, 189.9
 27.12, 1011.1,  -13.75, 189.9
 27.14, 1011.9,  -13.88, 189.9
 27.16, 1012.7,  -13.75, 189.9
 27.18, 1013.5,  -13.75, 189.9
 27.20, 1014.3,  -13.88, 189.9
 27.22, 1015.1,  -13.88, 194.3
 27.24, 1015.9,  -13.88, 194.3
 27.26, 1016.7,  -13.88, 194.3
 27.28, 1017.5,  -13.88, 194.3
 27.30, 1018.3,  -14.00, 194.3
 27.32, 1019.1,  -13.88, 194.3
 27.34, 1019.9,  -14.00, 194.3
 27.36, 1020.7,  -13.88, 194.3
 27.38, 1021.5,  -13.88, 194.3
 27.40, 1022.3,  -13.88, 194.3
 27.42, 1023.1,  -13.88, 194.3
 27.44, 1023.9,  -13.88, 194.3
 27.46, 1024.7,  -13.88, 194.3
 27.48, 1025.5,  -13.75, 194.3
 27.50, 1026.3,  -13.75, 194.3
 27.52, 1027.1,  -13.63, 194.3
 27.54, 1027.9,  -13.75, 194.3
 27.56, 1028.6,  -13.88, 194.3
 27.58, 1029.4,  -13.88, 194.3
 27.60, 1030.1,  -13.88, 194.3
 27.62, 1030.9,  -13.88, 194.3
 27.64, 1031.7,  -13.75, 194.3
 27.66, 1032.5,  -13.88, 194.3
 27.68, 1033.3,  -13.75, 194.3
 27.70, 1034.1,  -13.75, 194.3
 27.72, 1034.9,  -13.75, 194.3
 27.74, 1035.7,  -13.63, 194.3
 27.76, 1036.5,  -13.75, 194.3
 27.78, 1037.3,  -13.63, 194.3
 27.80, 1038.0,  -13.63, 194.3
 27.82, 1038.7,  -13.63, 194.3
 27.84, 1039.5,  -13.63, 194.3
 27.86, 1040.3,  -13.75, 194.3
 27.88, 1041.1,  -13.88, 194.3
 27.90, 1041.9,  -13.75, 194.3
 27.92, 1042.7,  -13.88, 194.3
 27.94, 1043.5,  -13.88, 194.3
 27.96, 1044.3,  -13.88, 194.3
 27.98, 1045.1,  -13.88, 194.3
 28.00, 1045.9,  -13.88, 194.3
 28.02, 1046.6,  -13.88, 194.3
 28.04, 1047.4,  -13.88, 194.3
 28.06, 1048.2,  -13.88, 194.3
 28.08, 1048.9,  -14.00, 194.3
 28.10, 1049.7,  -14.00, 194.3
 28.12, 1050.5,  -14.00, 194.3
 28.14, 1051.3,  -14.00, 194.3
 28.16, 1052.0,  -14.00, 194.3
 28.18, 1052.8,  -14.13, 194.3
 28.20, 1053.5,  -14.13, 194.3
 28.22, 1054.3,  -14.13, 194.3
 28.24, 1055.1,  -14.25, 194.3
 28.26, 1055.9,  -14.13, 194.3
 28.28, 1056.7,  -14.25, 194.3
 28.30, 1057.5,  -14.25, 194.3
 28.32, 1058.3,  -14.25, 194.3
 28.34, 1059.1,  -14.38, 194.3
 28.36, 1059.9,  -14.25, 194.3
 28.38, 1060.7,  -14.38, 194.3
 28.40, 1061.5,  -14.38, 194.3
 28.42, 1062.3,  -14.38, 194.3
 28.44, 1063.1,  -14.38, 194.3
 28.46, 1063.9,  -14.38, 194.3
 28.48, 1064.7,  -14.38, 194.3
 28.50, 1065.5,  -14.50, 194.3
 28.52, 1066.3,  -14.38, 194.3
 28.54, 1067.1,  -14.50, 194.3
 28.56, 1067.9,  -14.50, 194.3
 28.58, 1068.7,  -14.38, 194.3
 28.60, 1069.5,  -14.50, 194.3
 28.62, 1070.3,  -14.38, 194.3
 28.64, 1071.2,  -14.50, 194.3
 28.66, 1072.0,  -14.50, 194.3
 28.68, 1072.9,  -14.50, 194.3
 28.70, 1073.7,  -14.50, 194.3
 28.72, 1074.5,  -14.50, 194.3
 28.74, 1075.3,  -14.50, 194.3
 28.76, 1076.1,  -14.50, 194.3
 28.78, 1076.9,  -14.50, 194.3
 28.80, 1077.6,  -14.50, 194.3
 28.82, 1078.4,  -14.50, 194.3
 28.84, 1079.2,  -14.50, 194.3
 28.86, 1080.0,  -14.63, 194.3
 28.88, 1080.8,  -14.50, 194.3
 28.90, 1081.6,  -14.50, 194.3
 28.92, 1082.5,  -14.63, 194.3
 28.94, 1083.3,  -14.50, 194.3
 28.96, 1084.1,  -14.50, 194.3
 28.98, 1084.9,  -14.50, 194.3
 29.00, 1085.7,  -14.50, 194.3
 29.02, 1086.5,  -14.63, 194.3
 29.04, 1087.3,  -14.50, 194.3
 29.06, 1088.1,  -14.63, 194.3
 29.08, 1088.8,  -14.63, 194.3
 29.10, 1089.6,  -14.50, 194.3
 29.12, 1090.4,  -14.63, 194.3
 29.14, 1091.1,  -14.63, 194.3
 29.16, 1091.9,  -14.63, 194.3
 29.18, 1092.7,  -14.63, 194.3
 29.20, 1093.5,  -14.63, 194.3
 29.22, 1094.3,  -14.75, 194.3
 29.24, 1095.1,  -14.75, 194.3
 29.26, 1095.9,  -14.63, 194.3
 29.28, 1096.7,  -14.75, 194.3
 29.30, 1097.5,  -14.63, 194.3
 29.32, 1098.3,  -14.63, 194.3
 29.34, 1099.1,  -14.63, 194.3
 29.36, 1099.9,  -14.63, 194.3
 29.38, 1100.7,  -14.63, 194.3
 29.40, 1101.5,  -14.63, 194.3
 29.42, 1102.2,  -14.63, 194.3
 29.44, 1102.9,  -14.63, 194.3
 29.46, 1103.7,  -14.63, 194.3
 29.48, 1104.5,  -14.75, 194.3
 29.50, 1105.3,  -14.75, 194.3
 29.52, 1106.1,  -14.63, 194.3
 29.54, 1106.9,  -14.75, 194.3
 29.56, 1107.7,  -14.63, 194.3
 29.58, 1108.5,  -14.63, 194.3
 29.60, 1109.3,  -14.75, 194.3
 29.62, 1110.1,  -14.63, 194.3
 29.64, 1110.9,  -14.75, 194.3
 29.66, 1111.7,  -14.75, 194.3
 29.68, 1112.3,  -14.63, 194.3
 29.70, 1113.0,  -14.75, 194.3
 29.72, 1113.8,  -14.75, 194.3
 29.74, 1114.6,  -14.75, 194.3
 29.76, 1115.4,  -14.88, 194.3
 29.78, 1116.2,  -14.88, 194.3
 29.80, 1117.0,  -14.88, 194.3
 29.82, 1117.8,  -15.00, 194.3
 29.84, 1118.6,  -14.88, 194.3
 29.86, 1119.4,  -15.00, 194.3
 29.88, 1120.2,  -15.00, 194.3
 29.90, 1121.0,  -15.00, 194.3
 29.92, 1121.8,  -15.00, 194.3
 29.94, 1122.6,  -15.00, 194.3
 29.96, 1123.4,  -15.13, 194.3
 29.98, 1124.2,  -15.00, 194.3
 30.00, 1125.0,  -15.00, 194.3
 30.02, 1125.8,  -15.13, 185.5
 30.04, 1126.6,  -15.13, 185.5
 30.06, 1127.4,  -15.13, 185.5
 30.08, 1128.2,  -15.13, 185.5
 30.10, 1129.0,  -15.13, 185.5
 30.12, 1129.8,  -15.25, 185.5
 30.14, 1130.6,  -15.25, 185.5
 30.16, 1131.4,  -15.25, 185.5
 30.18, 1132.2,  -15.38, 185.5
 30.20, 1133.0,  -15.25, 185.5
 30.22, 1133.8,  -15.38, 185.5
 30.24, 1134.6,  -15.38, 185.5
 30.26, 1135.5,  -15.25, 185.5
 30.28, 1136.3,  -15.38, 185.5
 30.30, 1137.2,  -15.38, 185.5
 30.32, 1138.0,  -15.38, 185.5
 30.34, 1138.8,  -15.38, 185.5
 30.36, 1139.5,  -15.38, 185.5
 30.38, 1140.3,  -15.50, 185.5
 30.40, 1141.1,  -15.38, 185.5
 30.42, 1141.9,  -15.50, 185.5
 30.44, 1142.7,  -15.50, 185.5
 30.46, 1143.5,  -15.50, 185.5
 30.48, 1144.3,  -15.50, 185.5
 30.50, 1145.2,  -15.50, 185.5
 30.52, 1146.0,  -15.50, 185.5
 30.54, 1146.8,  -15.50, 185.5
 30.56, 1147.6,  -15.38, 185.5
 30.58, 1148.4,  -15.38, 185.5
 30.60, 1149.2,  -15.50, 185.5
 30.62, 1150.0,  -15.38, 185.5
 30.64, 1150.8,  -15.38, 185.5
 30.66, 1151.6,  -15.38, 185.5
 30.68, 1152.4,  -15.38, 185.5
 30.70, 1153.2,  -15.38, 185.5
 30.72, 1153.9,  -15.38, 185.5
 30.74, 1154.7,  -15.38, 185.5
 30.76, 1155.5,  -15.38, 185.5
 30.78, 1156.3,  -15.38, 185.5
 30.80, 1157.1,  -15.38, 185.5
 30.82, 1157.9,  -15.38, 185.5
 30.84, 1158.7,  -15.25, 185.5
 30.86, 1159.5,  -15.38, 185.5
 30.88, 1160.3,  -15.25, 185.5
 30.90, 1161.1,  -15.25, 185.5
 30.92, 1161.9,  -15.38, 185.5
 30.94, 1162.6,  -15.25, 185.5
 30.96, 1163.4,  -15.38, 185.5
 30.98, 1164.2,  -15.38, 185.5
 31.00, 1165.0,  -15.38, 185.5
 31.02, 1165.8,  -15.50, 185.5
 31.04, 1166.4,  -15.38, 185.5
 31.06, 1167.2,  -15.38, 185.5
 31.08, 1168.0,  -15.50, 185.5
 31.10, 1168.8,  -15.50, 185.5
 31.12, 1169.6,  -15.50, 185.5
 31.14, 1170.4,  -15.50, 185.5
 31.16, 1171.2,  -15.50, 185.5
 31.18, 1172.0,  -15.50, 185.5
 31.20, 1172.8,  -15.50, 185.5
 31.22, 1173.6,  -15.50, 185.5
 31.24, 1174.4,  -15.63, 185.5
 31.26, 1175.2,  -15.63, 185.5
 31.28, 1176.0,  -15.75, 185.5
 31.30, 1176.8,  -15.75, 185.5
 31.32, 1177.6,  -15.63, 185.5
 31.34, 1178.4,  -15.88, 185.5
 31.36, 1179.2,  -15.75, 185.5
 31.38, 1180.0,  -15.75, 185.5
 31.40, 1180.8,  -15.88, 185.5
 31.42, 1181.6,  -15.75, 185.5
 31.44, 1182.4,  -15.88, 185.5
 31.46, 1183.2,  -15.88, 185.5
 31.48, 1184.0,  -15.88, 185.5
 31.50, 1184.8,  -15.88, 185.5
 31.52, 1185.6,  -15.88, 185.5
 31.54, 1186.4,  -15.88, 185.5
 31.56, 1187.2,  -16.00, 185.5
 31.58, 1188.0,  -16.00, 185.5
 31.60, 1188.8,  -16.00, 185.5
 31.62, 1189.6,  -16.00, 185.5
 31.64, 1190.4,  -16.00, 185.5
 31.66, 1191.2,  -16.00, 185.5
 31.68, 1192.0,  -16.00, 185.5
 31.70, 1192.8,  -16.00, 185.5
 31.72, 1193.6,  -16.13, 185.5
 31.74, 1194.4,  -16.00, 185.5
 31.76, 1195.2,  -16.00, 185.5
 31.78, 1196.0,  -16.00, 185.5
 31.80, 1196.8,  -16.00, 185.5
 31.82, 1197.6,  -16.00, 185.5
 31.84, 1198.4,  -16.00, 185.5
 31.86, 1199.2,  -16.00, 185.5
 31.88, 1200.0,  -16.13, 185.5
 31.90, 1200.8,  -16.00, 185.5
 31.92, 1201.6,  -16.13, 185.5
 31.94, 1202.4,  -16.13, 185.5
 31.96, 1203.2,  -16.00, 185.5
 31.98, 1204.0,  -16.13, 185.5
 32.00, 1204.8,  -16.13, 185.5
 32.02, 1205.6,  -16.13, 185.5
 32.04, 1206.4,  -16.25, 185.5
 32.06, 1207.2,  -16.13, 185.5
 32.08, 1208.1,  -16.25, 185.5
 32.10, 1209.0,  -16.25, 185.5
 32.12, 1209.8,  -16.13, 185.5
 32.14, 1210.7,  -16.25, 185.5
 32.16, 1211.5,  -16.13, 185.5
 32.18, 1212.3,  -16.13, 185.5
 32.20, 1213.1,  -16.13, 185.5
 32.22, 1213.9,  -16.13, 185.5
 32.24, 1214.7,  -16.13, 185.5
 32.26, 1215.5,  -16.13, 185.5
 32.28, 1216.2,  -16.13, 185.5
 32.30, 1217.0,  -16.25, 185.5
 32.32, 1217.8,  -16.13, 185.5
 32.34, 1218.6,  -16.13, 185.5
 32.36, 1219.4,  -16.25, 185.5
 32.38, 1220.2,  -16.13, 185.5
 32.40, 1221.0,  -16.25, 185.5
 32.42, 1221.8,  -16.25, 185.5
 32.44, 1222.6,  -16.13, 197.6
 32.46, 1223.4,  -16.13, 197.6
 32.48, 1224.2,  -16.00, 197.6
 32.50, 1225.0,  -16.00, 197.6
 32.52, 1225.8,  -16.13, 197.6
 32.54, 1226.6,  -16.00, 197.6
 32.56, 1227.4,  -16.13, 197.6
 32.58, 1228.1,  -16.13, 197.6
 32.60, 1228.9,  -16.00, 197.6
 32.62, 1229.6,  -16.13, 197.6
 32.64, 1230.3,  -16.13, 197.6
 32.66, 1231.1,  -16.13, 197.6
 32.68, 1231.9,  -16.13, 197.6
 32.70, 1232.7,  -16.13, 197.6
 32.72, 1233.5,  -16.25, 197.6
 32.74, 1234.3,  -16.25, 197.6
 32.76, 1235.1,  -16.25, 197.6
 32.78, 1235.9,  -16.38, 197.6
 32.80, 1236.7,  -16.25, 197.6
 32.82, 1237.5,  -16.25, 197.6
 32.84, 1238.3,  -16.25, 197.6
 32.86, 1239.1,  -16.25, 197.6
 32.88, 1239.9,  -16.38, 197.6
 32.90, 1240.7,  -16.38, 197.6
 32.92, 1241.5,  -16.38, 197.6
 32.94, 1242.3,  -16.50, 197.6
 32.96, 1243.1,  -16.38, 197.6
 32.98, 1243.9,  -16.38, 197.6
 33.00, 1244.7,  -16.50, 197.6
 33.02, 1245.5,  -16.38, 197.6
 33.04, 1246.3,  -16.50, 197.6
 33.06, 1247.1,  -16.50, 197.6
 33.08, 1247.9,  -16.50, 197.6
 33.10, 1248.7,  -16.50, 197.6
 33.12, 1249.5,  -16.50, 197.6
 33.14, 1250.3,  -16.50, 197.6
 33.16, 1251.1,  -16.63, 197.6
 33.18, 1251.9,  -16.50, 197.6
 33.20, 1252.7,  -16.63, 197.6
 33.22, 1253.5,  -16.63, 197.6
 33.24, 1254.3,  -16.63, 197.6
 33.26, 1255.1,  -16.75, 197.6
 33.28, 1255.9,  -16.75, 197.6
 33.30, 1256.7,  -16.75, 197.6
 33.32, 1257.5,  -16.88, 197.6
 33.34, 1258.4,  -16.88, 197.6
 33.36, 1259.2,  -16.88, 197.6
 33.38, 1260.0,  -17.00, 197.6
 33.40, 1260.8,  -17.00, 197.6
 33.42, 1261.7,  -17.00, 197.6
 33.44, 1262.6,  -17.00, 197.6
 33.46, 1263.4,  -17.00, 197.6
 33.48, 1264.2,  -17.13, 197.6
 33.50, 1265.0,  -17.00, 197.6
 33.52, 1265.8,  -17.13, 197.6
 33.54, 1266.6,  -17.13, 197.6
 33.56, 1267.4,  -17.00, 197.6
 33.58, 1268.2,  -17.13, 197.6
 33.60, 1269.0,  -17.13, 197.6
 33.62, 1269.8,  -17.13, 197.6
 33.64, 1270.6,  -17.25, 197.6
 33.66, 1271.4,  -17.13, 197.6
 33.68, 1272.2,  -17.13, 197.6
 33.70, 1273.0,  -17.25, 197.6
 33.72, 1273.8,  -17.13, 197.6
 33.74, 1274.7,  -17.25, 197.6
 33.76, 1275.5,  -17.25, 197.6
 33.78, 1276.3,  -17.13, 197.6
 33.80, 1277.2,  -17.25, 197.6
 33.82, 1278.0,  -17.13, 197.6
 33.84, 1278.8,  -17.13, 197.6
 33.86, 1279.6,  -17.13, 197.6
 33.88, 1280.4,  -17.13, 197.6
 33.90, 1281.2,  -17.13, 197.6
 33.92, 1282.0,  -17.13, 197.6
 33.94, 1282.8,  -17.00, 197.6
 33.96, 1283.6,  -17.13, 197.6
 33.98, 1284.4,  -17.13, 197.6
 34.00, 1285.3,  -17.00, 197.6
 34.02, 1286.1,  -17.13, 197.6
 34.04, 1286.9,  -17.00, 197.6
 34.06, 1287.8,  -17.00, 197.6
 34.08, 1288.6,  -17.13, 197.6
 34.10, 1289.4,  -17.13, 197.6
 34.12, 1290.2,  -17.13, 197.6
 34.14, 1291.0,  -17.13, 197.6
 34.16, 1291.8,  -17.13, 197.6
 34.18, 1292.6,  -17.13, 197.6
 34.20, 1293.3,  -17.13, 197.6
 34.22, 1294.1,  -17.13, 197.6
 34.24, 1294.9,  -17.13, 197.6
 34.26, 1295.7,  -17.13, 197.6
 34.28, 1296.5,  -17.13, 197.6
 34.30, 1297.3,  -17.13, 197.6
 34.32, 1298.1,  -17.13, 197.6
 34.34, 1298.9,  -17.13, 197.6
 34.36, 1299.7,  -17.13, 197.6
 34.38, 1300.5,  -17.13, 197.6
 34.40, 1301.3,  -17.25, 197.6
 34.42, 1302.1,  -17.13, 197.6
 34.44, 1302.9,  -17.25, 197.6
 34.46, 1303.7,  -17.25, 197.6
 34.48, 1304.5,  -17.25, 197.6
 34.50, 1305.3,  -17.38, 197.6
 34.52, 1306.1,  -17.25, 197.6
 34.54, 1306.9,  -17.25, 197.6
 34.56, 1307.7,  -17.38, 197.6
 34.58, 1308.5,  -17.25, 197.6
 34.60, 1309.3,  -17.25, 197.6
 34.62, 1310.1,  -17.25, 197.6
 34.64, 1310.9,  -17.25, 197.6
 34.66, 1311.7,  -17.38, 197.6
 34.68, 1312.5,  -17.38, 197.6
 34.70, 1313.4,  -17.25, 197.6
 34.72, 1314.2,  -17.38, 197.6
 34.74, 1315.0,  -17.25, 197.6
 34.76, 1315.8,  -17.25, 197.6
 34.78, 1316.6,  -17.38, 197.6
 34.80, 1317.4,  -17.38, 197.6
 34.82, 1318.2,  -17.38, 197.6
 34.84, 1319.0,  -17.50, 187.1
 34.86, 1319.8,  -17.38, 187.1
 34.88, 1320.7,  -17.50, 187.1
 34.90, 1321.5,  -17.50, 187.1
 34.92, 1322.3,  -17.50, 187.1
 34.94, 1323.1,  -17.75, 187.1
 34.96, 1324.0,  -17.63, 187.1
 34.98, 1324.8,  -17.75, 187.1
 35.00, 1325.6,  -17.75, 187.1
 35.02, 1326.4,  -17.75, 187.1
 35.04, 1327.3,  -17.88, 187.1
 35.06, 1328.2,  -17.88, 187.1
 35.08, 1329.0,  -17.75, 187.1
 35.10, 1329.8,  -17.88, 187.1
 35.12, 1330.6,  -17.88, 187.1
 35.14, 1331.4,  -17.88, 187.1
 35.16, 1332.2,  -17.88, 187.1
 35.18, 1333.0,  -17.88, 187.1
 35.20, 1333.8,  -17.88, 187.1
 35.22, 1334.6,  -17.88, 187.1
 35.24, 1335.4,  -17.88, 187.1
 35.26, 1336.3,  -17.88, 187.1
 35.28, 1337.1,  -17.88, 187.1
 35.30, 1338.0,  -17.88, 187.1
 35.32, 1338.8,  -17.88, 187.1
 35.34, 1339.6,  -17.75, 187.1
 35.36, 1340.5,  -17.75, 187.1
 35.38, 1341.3,  -17.88, 187.1
 35.40, 1342.1,  -17.75, 187.1
 35.42, 1342.9,  -17.88, 187.1
 35.44, 1343.8,  -17.75, 187.1
 35.46, 1344.6,  -17.75, 187.1
 35.48, 1345.4,  -17.75, 187.1
 35.50, 1346.2,  -17.75, 187.1
 35.52, 1347.0,  -17.75, 187.1
 35.54, 1347.8,  -17.75, 187.1
 35.56, 1348.6,  -17.75, 187.1
 35.58, 1349.4,  -17.75, 187.1
 35.60, 1350.2,  -17.88, 187.1
 35.62, 1351.1,  -17.75, 187.1
 35.64, 1351.9,  -17.88, 187.1
 35.66, 1352.7,  -17.75, 187.1
 35.68, 1353.6,  -17.75, 187.1
 35.70, 1354.4,  -17.88, 187.1
 35.72, 1355.2,  -17.75, 187.1
 35.74, 1356.0,  -17.75, 187.1
 35.76, 1356.8,  -17.88, 187.1
 35.78, 1357.6,  -17.75, 187.1
 35.80, 1358.4,  -17.75, 187.1
 35.82, 1359.2,  -17.75, 187.1
 35.84, 1360.0,  -17.75, 187.1
 35.86, 1360.8,  -17.88, 187.1
 35.88, 1361.6,  -17.88, 187.1
 35.90, 1362.4,  -17.88, 187.1
 35.92, 1363.2,  -17.88, 187.1
 35.94, 1364.0,  -17.88, 187.1
 35.96, 1364.8,  -18.00, 187.1
 35.98, 1365.6,  -18.00, 187.1
 36.00, 1366.4,  -17.88, 187.1
 36.02, 1367.2,  -18.00, 187.1
 36.04, 1368.1,  -17.88, 187.1
 36.06, 1368.9,  -17.88, 187.1
 36.08, 1369.7,  -18.00, 187.1
 36.10, 1370.5,  -17.88, 187.1
 36.12, 1371.3,  -18.00, 187.1
 36.14, 1372.1,  -18.00, 187.1
 36.16, 1372.9,  -18.00, 187.1
 36.18, 1373.7,  -18.13, 187.1
 36.20, 1374.5,  -18.13, 187.1
 36.22, 1375.3,  -18.13, 187.1
 36.24, 1376.1,  -18.25, 187.1
 36.26, 1376.9,  -18.25, 187.1
 36.28, 1377.8,  -18.25, 187.1
 36.30, 1378.6,  -18.38, 187.1
 36.32, 1379.4,  -18.38, 187.1
 36.34, 1380.2,  -18.38, 187.1
 36.36, 1381.1,  -18.38, 187.1
 36.38, 1381.9,  -18.38, 187.1
 36.40, 1382.8,  -18.38, 187.1
 36.42, 1383.6,  -18.38, 187.1
 36.44, 1384.4,  -18.38, 187.1
 36.46, 1385.2,  -18.50, 187.1
 36.48, 1386.0,  -18.38, 187.1
 36.50, 1386.8,  -18.38, 187.1
 36.52, 1387.6,  -18.50, 187.1
 36.54, 1388.4,  -18.38, 187.1
 36.56, 1389.2,  -18.38, 187.1
 36.58, 1390.0,  -18.50, 187.1
 36.60, 1390.8,  -18.38, 187.1
 36.62, 1391.7,  -18.50, 187.1
 36.64, 1392.5,  -18.50, 187.1
 36.66, 1393.3,  -18.38, 187.1
 36.68, 1394.2,  -18.50, 187.1
 36.70, 1395.1,  -18.38, 187.1
 36.72, 1396.0,  -18.50, 187.1
 36.74, 1396.8,  -18.50, 187.1
 36.76, 1397.6,  -18.50, 187.1
 36.78, 1398.4,  -18.50, 187.1
 36.80, 1399.2,  -18.63, 187.1
 36.82, 1400.0,  -18.50, 187.1
 36.84, 1400.8,  -18.75, 187.1
 36.86, 1401.6,  -18.75, 187.1
 36.88, 1402.4,  -18.75, 187.1
 36.90, 1403.2,  -18.88, 187.1
 36.92, 1404.0,  -18.75, 187.1
 36.94, 1404.9,  -18.75, 187.1
 36.96, 1405.8,  -18.88, 187.1
 36.98, 1406.6,  -18.75, 187.1
 37.00, 1407.4,  -18.88, 187.1
 37.02, 1408.2,  -18.88, 187.1
 37.04, 1409.1,  -18.75, 187.1
 37.06, 1410.0,  -18.88, 187.1
 37.08, 1410.8,  -18.75, 187.1
 37.10, 1411.6,  -18.75, 187.1
 37.12, 1412.4,  -18.88, 187.1
 37.14, 1413.2,  -18.75, 187.1
 37.16, 1414.0,  -18.75, 187.1
 37.18, 1414.8,  -18.75, 187.1
 37.20, 1415.6,  -18.75, 187.1
 37.22, 1416.4,  -18.75, 187.1
 37.24, 1417.2,  -18.75, 185.5
 37.26, 1418.0,  -18.63, 185.5
 37.28, 1418.8,  -18.75, 185.5
 37.30, 1419.6,  -18.75, 185.5
 37.32, 1420.4,  -18.63, 185.5
 37.34, 1421.3,  -18.75, 185.5
 37.36, 1422.1,  -18.63, 185.5
 37.38, 1423.0,  -18.63, 185.5
 37.40, 1423.8,  -18.75, 185.5
 37.42, 1424.6,  -18.63, 185.5
 37.44, 1425.4,  -18.75, 185.5
 37.46, 1426.2,  -18.75, 185.5
 37.48, 1427.0,  -18.63, 185.5
 37.50, 1427.8,  -18.75, 185.5
 37.52, 1428.6,  -18.75, 185.5
 37.54, 1429.4,  -18.63, 185.5
 37.56, 1430.2,  -18.75, 185.5
 37.58, 1431.0,  -18.75, 185.5
 37.60, 1431.8,  -18.75, 185.5
 37.62, 1432.6,  -18.88, 185.5
 37.64, 1433.5,  -18.75, 185.5
 37.66, 1434.4,  -18.88, 185.5
 37.68, 1435.2,  -18.88, 185.5
 37.70, 1436.0,  -18.75, 185.5
 37.72, 1436.8,  -18.88, 185.5
 37.74, 1437.6,  -18.88, 185.5
 37.76, 1438.4,  -18.88, 185.5
 37.78, 1439.2,  -18.88, 185.5
 37.80, 1440.0,  -18.88, 185.5
 37.82, 1440.8,  -18.88, 185.5
 37.84, 1441.6,  -19.00, 185.5
 37.86, 1442.4,  -19.00, 185.5
 37.88, 1443.2,  -19.00, 185.5
 37.90, 1444.0,  -19.00, 185.5
 37.92, 1444.8,  -19.00, 185.5
 37.94, 1445.6,  -19.13, 185.5
 37.96, 1446.4,  -19.25, 185.5
 37.98, 1447.2,  -19.13, 185.5
 38.00, 1448.0,  -19.25, 185.5
 38.02, 1448.9,  -19.25, 185.5
 38.04, 1449.8,  -19.25, 185.5
 38.06, 1450.6,  -19.25, 185.5
 38.08, 1451.4,  -19.25, 185.5
 38.10, 1452.2,  -19.38, 185.5
 38.12, 1453.0,  -19.38, 185.5
 38.14, 1453.8,  -19.38, 185.5
 38.16, 1454.6,  -19.50, 185.5
 38.18, 1455.4,  -19.50, 185.5
 38.20, 1456.2,  -19.38, 185.5
 38.22, 1457.1,  -19.50, 185.5
 38.24, 1458.0,  -19.38, 185.5
 38.26, 1458.8,  -19.38, 185.5
 38.28, 1459.6,  -19.50, 185.5
 38.30, 1460.4,  -19.38, 185.5
 38.32, 1461.2,  -19.38, 185.5
 38.34, 1462.0,  -19.50, 185.5
 38.36, 1462.8,  -19.38, 185.5
 38.38, 1463.7,  -19.50, 185.5
 38.40, 1464.5,  -19.50, 185.5
 38.42, 1465.4,  -19.38, 185.5
 38.44, 1466.2,  -19.50, 185.5
 38.46, 1467.0,  -19.38, 185.5
 38.48, 1467.8,  -19.38, 185.5
 38.50, 1468.6,  -19.50, 185.5
 38.52, 1469.5,  -19.50, 185.5
 38.54, 1470.4,  -19.50, 185.5
 38.56, 1471.2,  -19.63, 185.5
 38.58, 1472.0,  -19.50, 185.5
 38.60, 1472.8,  -19.63, 185.5
 38.62, 1473.6,  -19.63, 185.5
 38.64, 1474.4,  -19.63, 185.5
 38.66, 1475.2,  -19.75, 185.5
 38.68, 1476.1,  -19.75, 185.5
 38.70, 1477.0,  -19.63, 185.5
 38.72, 1477.8,  -19.75, 185.5
 38.74, 1478.6,  -19.75, 185.5
 38.76, 1479.4,  -19.75, 185.5
 38.78, 1480.2,  -19.88, 185.5
 38.80, 1481.0,  -19.75, 185.5
 38.82, 1481.8,  -19.75, 185.5
 38.84, 1482.6,  -19.75, 185.5
 38.86, 1483.4,  -19.63, 185.5
 38.88, 1484.2,  -19.75, 185.5
 38.90, 1485.1,  -19.75, 185.5
 38.92, 1485.9,  -19.63, 185.5
 38.94, 1486.8,  -19.75, 185.5
 38.96, 1487.6,  -19.75, 185.5
 38.98, 1488.4,  -19.75, 185.5
 39.00, 1489.2,  -19.75, 185.5
 39.02, 1490.0,  -19.75, 185.5
 39.04, 1490.8,  -19.75, 185.5
 39.06, 1491.6,  -19.75, 185.5
 39.08, 1492.4,  -19.63, 185.5
 39.10, 1493.2,  -19.75, 185.5
 39.12, 1494.0,  -19.75, 185.5
 39.14, 1494.8,  -19.75, 185.5
 39.16, 1495.6,  -19.75, 185.5
 39.18, 1496.4,  -19.75, 185.5
 39.20, 1497.2,  -19.63, 185.5
 39.22, 1498.0,  -19.75, 185.5
 39.24, 1498.8,  -19.63, 185.5
 39.26, 1499.6,  -19.63, 185.5
 39.28, 1500.6,  -19.75, 185.5
 39.30, 1501.4,  -19.75, 185.5
 39.32, 1502.2,  -19.75, 185.5
 39.34, 1503.0,  -19.88, 185.5
 39.36, 1503.8,  -19.75, 185.5
 39.38, 1504.6,  -19.88, 185.5
 39.40, 1505.4,  -19.88, 185.5
 39.42, 1506.2,  -19.75, 185.5
 39.44, 1507.0,  -19.88, 185.5
 39.46, 1507.8,  -19.75, 185.5
 39.48, 1508.6,  -19.75, 185.5
 39.50, 1509.4,  -19.88, 185.5
 39.52, 1510.2,  -19.75, 185.5
 39.54, 1511.0,  -19.88, 185.5
 39.56, 1511.8,  -20.00, 185.5
 39.58, 1512.6,  -19.88, 185.5
 39.60, 1513.4,  -20.00, 185.5
 39.62, 1514.3,  -20.00, 185.5
 39.64, 1515.2,  -20.00, 181.1
 39.66, 1516.0,  -20.13, 181.1
 39.68, 1516.8,  -20.13, 181.1
 39.70, 1517.6,  -20.13, 181.1
 39.72, 1518.5,  -20.25, 181.1
 39.74, 1519.3,  -20.25, 181.1
 39.76, 1520.1,  -20.25, 181.1
 39.78, 1521.0,  -20.38, 181.1
 39.80, 1521.8,  -20.25, 181.1
 39.82, 1522.6,  -20.38, 181.1
 39.84, 1523.4,  -20.38, 181.1
 39.86, 1524.2,  -20.38, 181.1
 39.88, 1525.0,  -20.38, 181.1
 39.90, 1525.8,  -20.50, 181.1
 39.92, 1526.5,  -20.38, 181.1
 39.94, 1527.3,  -20.50, 181.1
 39.96, 1528.2,  -20.38, 181.1
 39.98, 1529.1,  -20.38, 181.1
 40.00, 1529.9,  -20.38, 181.1
 40.02, 1530.7,  -20.38, 181.1
 40.04, 1531.5,  -20.38, 181.1
 40.06, 1532.4,  -20.38, 181.1
 40.08, 1533.2,  -20.25, 181.1
 40.10, 1534.0,  -20.25, 181.1
 40.12, 1534.8,  -20.38, 181.1
 40.14, 1535.6,  -20.25, 181.1
 40.16, 1536.4,  -20.38, 181.1
 40.18, 1537.2,  -20.50, 181.1
 40.20, 1538.0,  -20.38, 181.1
 40.22, 1538.8,  -20.63, 181.1
 40.24, 1539.6,  -20.63, 181.1
 40.26, 1540.6,  -20.63, 181.1
 40.28, 1541.4,  -20.75, 181.1
 40.30, 1542.3,  -20.63, 181.1
 40.32, 1543.1,  -20.63, 181.1
 40.34, 1544.0,  -20.75, 181.1
 40.36, 1544.8,  -20.63, 181.1
 40.38, 1545.6,  -20.63, 181.1
 40.40, 1546.4,  -20.63, 181.1
 40.42, 1547.2,  -20.63, 181.1
 40.44, 1548.0,  -20.63, 181.1
 40.46, 1548.8,  -20.75, 181.1
 40.48, 1549.6,  -20.63, 181.1
 40.50, 1550.4,  -20.75, 181.1
 40.52, 1551.2,  -20.75, 181.1
 40.54, 1552.0,  -20.63, 181.1
 40.56, 1552.8,  -20.75, 181.1
 40.58, 1553.6,  -20.63, 181.1
 40.60, 1554.4,  -20.63, 181.1
 40.62, 1555.2,  -20.63, 181.1
 40.64, 1556.0,  -20.50, 181.1
 40.66, 1556.9,  -20.50, 181.1
 40.68, 1557.8,  -20.63, 181.1
 40.70, 1558.6,  -20.50, 181.1
 40.72, 1559.4,  -20.63, 181.1
 40.74, 1560.2,  -20.63, 181.1
 40.76, 1561.0,  -20.50, 181.1
 40.78, 1561.8,  -20.50, 181.1
 40.80, 1562.6,  -20.50, 181.1
 40.82, 1563.4,  -20.50, 181.1
 40.84, 1564.2,  -20.50, 181.1
 40.86, 1565.0,  -20.50, 181.1
 40.88, 1565.8,  -20.50, 181.1
 40.90, 1566.6,  -20.63, 181.1
 40.92, 1567.4,  -20.63, 181.1
 40.94, 1568.2,  -20.63, 181.1
 40.96, 1569.0,  -20.75, 181.1
 40.98, 1569.8,  -20.63, 181.1
 41.00, 1570.6,  -20.63, 181.1
 41.02, 1571.5,  -20.63, 181.1
 41.04, 1572.4,  -20.63, 181.1
 41.06, 1573.2,  -20.75, 181.1
 41.08, 1574.1,  -20.88, 181.1
 41.10, 1574.9,  -20.75, 181.1
 41.12, 1575.7,  -20.88, 181.1
 41.14, 1576.5,  -20.88, 181.1
 41.16, 1577.3,  -20.88, 181.1
 41.18, 1578.1,  -21.00, 181.1
 41.20, 1578.9,  -21.00, 181.1
 41.22, 1579.8,  -21.13, 181.1
 41.24, 1580.6,  -21.13, 181.1
 41.26, 1581.4,  -21.00, 181.1
 41.28, 1582.2,  -21.00, 181.1
 41.30, 1583.0,  -21.13, 181.1
 41.32, 1583.8,  -21.13, 181.1
 41.34, 1584.6,  -21.25, 181.1
 41.36, 1585.4,  -21.38, 181.1
 41.38, 1586.2,  -21.13, 181.1
 41.40, 1587.1,  -21.13, 181.1
 41.42, 1588.0,  -21.00, 181.1
 41.44, 1588.9,  -21.00, 181.1
 41.46, 1589.8,  -21.00, 181.1
 41.48, 1590.6,  -21.00, 181.1
 41.50, 1591.4,  -21.00, 181.1
 41.52, 1592.2,  -21.13, 181.1
 41.54, 1593.0,  -21.00, 181.1
 41.56, 1593.8,  -21.13, 181.1
 41.58, 1594.6,  -21.38, 181.1
 41.60, 1595.4,  -21.38, 181.1
 41.62, 1596.2,  -21.50, 181.1
 41.64, 1597.1,  -21.50, 181.1
 41.66, 1598.0,  -21.38, 181.1
 41.68, 1598.9,  -21.38, 181.1
 41.70, 1599.8,  -21.25, 181.1
 41.72, 1600.6,  -21.25, 181.1
 41.74, 1601.4,  -21.50, 181.1
 41.76, 1602.2,  -21.50, 181.1
 41.78, 1603.0,  -21.63, 181.1
 41.80, 1603.8,  -21.75, 181.1
 41.82, 1604.6,  -21.63, 181.1
 41.84, 1605.4,  -21.50, 181.1
 41.86, 1606.2,  -21.38, 181.1
 41.88, 1607.1,  -21.25, 181.1
 41.90, 1607.9,  -21.13, 181.1
 41.92, 1608.8,  -21.25, 181.1
 41.94, 1609.8,  -21.25, 181.1
 41.96, 1610.6,  -21.38, 181.1
 41.98, 1611.4,  -21.38, 181.1
 42.00, 1612.2,  -21.38, 181.1
 42.02, 1613.0,  -21.38, 181.1
 42.04, 1613.8,  -21.50, 181.1
 42.06, 1614.6,  -21.38, 181.1
 42.08, 1615.5,  -21.50, 181.1
 42.10, 1616.4,  -21.50, 181.1
 42.12, 1617.3,  -21.50, 181.1
 42.14, 1618.2,  -21.50, 181.1
 42.16, 1619.0,  -21.50, 181.1
 42.18, 1619.8,  -21.50, 181.1
 42.20, 1620.6,  -21.63, 181.1
 42.22, 1621.4,  -21.50, 181.1
 42.24, 1622.2,  -21.50, 181.1
 42.26, 1623.0,  -21.63, 181.1
 42.28, 1623.8,  -21.50, 181.1
 42.30, 1624.6,  -21.63, 181.1
 42.32, 1625.4,  -21.63, 181.1
 42.34, 1626.2,  -21.63, 181.1
 42.36, 1627.1,  -21.63, 181.1
 42.38, 1627.9,  -21.63, 181.1
 42.40, 1628.8,  -21.50, 181.1
 42.42, 1629.7,  -21.50, 181.1
 42.44, 1630.6,  -21.50, 185.5
 42.46, 1631.4,  -21.50, 185.5
 42.48, 1632.2,  -21.50, 185.5
 42.50, 1633.0,  -21.38, 185.5
 42.52, 1633.8,  -21.38, 185.5
 42.54, 1634.6,  -21.50, 185.5
 42.56, 1635.4,  -21.38, 185.5
 42.58, 1636.2,  -21.38, 185.5
 42.60, 1637.0,  -21.50, 185.5
 42.62, 1637.8,  -21.50, 185.5
 42.64, 1638.6,  -21.50, 185.5
 42.66, 1639.4,  -21.63, 185.5
 42.68, 1640.3,  -21.63, 185.5
 42.70, 1641.1,  -21.75, 185.5
 42.72, 1642.0,  -21.88, 185.5
 42.74, 1642.9,  -21.75, 185.5
 42.76, 1643.8,  -21.88, 185.5
 42.78, 1644.6,  -21.88, 185.5
 42.80, 1645.4,  -21.88, 185.5
 42.82, 1646.2,  -21.88, 185.5
 42.84, 1647.0,  -21.88, 185.5
 42.86, 1647.8,  -21.88, 185.5
 42.88, 1648.6,  -22.00, 185.5
 42.90, 1649.4,  -21.88, 185.5
 42.92, 1650.2,  -21.88, 185.5
 42.94, 1651.0,  -21.88, 185.5
 42.96, 1651.9,  -21.75, 185.5
 42.98, 1652.7,  -21.75, 185.5
 43.00, 1653.6,  -21.88, 185.5
 43.02, 1654.5,  -21.75, 185.5
 43.04, 1655.3,  -21.88, 185.5
 43.06, 1656.2,  -21.88, 185.5
 43.08, 1657.0,  -21.88, 185.5
 43.10, 1657.8,  -22.00, 185.5
 43.12, 1658.6,  -22.00, 185.5
 43.14, 1659.4,  -22.00, 185.5
 43.16, 1660.3,  -22.13, 185.5
 43.18, 1661.1,  -22.13, 185.5
 43.20, 1662.0,  -22.13, 185.5
 43.22, 1662.9,  -22.25, 185.5
 43.24, 1663.7,  -22.13, 185.5
 43.26, 1664.6,  -22.25, 185.5
 43.28, 1665.4,  -22.38, 185.5
 43.30, 1666.2,  -22.13, 185.5
 43.32, 1667.0,  -22.13, 185.5
 43.34, 1667.8,  -22.25, 185.5
 43.36, 1668.7,  -22.13, 185.5
 43.38, 1669.6,  -22.13, 185.5
 43.40, 1670.5,  -22.13, 185.5
 43.42, 1671.3,  -22.00, 185.5
 43.44, 1672.2,  -22.13, 185.5
 43.46, 1673.0,  -22.25, 185.5
 43.48, 1673.8,  -22.13, 185.5
 43.50, 1674.6,  -22.25, 185.5
 43.52, 1675.5,  -22.38, 185.5
 43.54, 1676.3,  -22.38, 185.5
 43.56, 1677.2,  -22.38, 185.5
 43.58, 1678.1,  -22.38, 185.5
 43.60, 1678.9,  -22.38, 185.5
 43.62, 1679.8,  -22.50, 185.5
 43.64, 1680.6,  -22.38, 185.5
 43.66, 1681.4,  -22.38, 185.5
 43.68, 1682.2,  -22.38, 185.5
 43.70, 1683.0,  -22.25, 185.5
 43.72, 1683.9,  -22.25, 185.5
 43.74, 1684.8,  -22.38, 185.5
 43.76, 1685.7,  -22.25, 185.5
 43.78, 1686.5,  -22.25, 185.5
 43.80, 1687.3,  -22.25, 185.5
 43.82, 1688.2,  -22.13, 185.5
 43.84, 1689.0,  -22.25, 185.5
 43.86, 1689.8,  -22.25, 185.5
 43.88, 1690.6,  -22.25, 185.5
 43.90, 1691.4,  -22.38, 185.5
 43.92, 1692.3,  -22.38, 185.5
 43.94, 1693.1,  -22.50, 185.5
 43.96, 1694.0,  -22.50, 185.5
 43.98, 1694.8,  -22.50, 185.5
 44.00, 1695.7,  -22.50, 185.5
 44.02, 1696.5,  -22.63, 185.5
 44.04, 1697.4,  -22.50, 185.5
 44.06, 1698.2,  -22.50, 185.5
 44.08, 1699.0,  -22.63, 185.5
 44.10, 1699.8,  -22.50, 185.5
 44.12, 1700.6,  -22.50, 185.5
 44.14, 1701.5,  -22.63, 185.5
 44.16, 1702.3,  -22.50, 185.5
 44.18, 1703.2,  -22.50, 185.5
 44.20, 1704.0,  -22.50, 185.5
 44.22, 1704.8,  -22.38, 185.5
 44.24, 1705.6,  -22.50, 185.5
 44.26, 1706.5,  -22.50, 185.5
 44.28, 1707.3,  -22.38, 185.5
 44.30, 1708.1,  -22.50, 185.5
 44.32, 1708.9,  -22.50, 185.5
 44.34, 1709.8,  -22.50, 185.5
 44.36, 1710.6,  -22.63, 185.5
 44.38, 1711.4,  -22.63, 185.5
 44.40, 1712.3,  -22.63, 185.5
 44.42, 1713.1,  -22.75, 185.5
 44.44, 1714.0,  -22.63, 185.5
 44.46, 1714.8,  -22.75, 185.5
 44.48, 1715.7,  -22.88, 185.5
 44.50, 1716.5,  -22.75, 185.5
 44.52, 1717.4,  -22.88, 185.5
 44.54, 1718.2,  -22.88, 185.5
 44.56, 1719.0,  -22.88, 185.5
 44.58, 1719.8,  -22.88, 185.5
 44.60, 1720.6,  -22.88, 185.5
 44.62, 1721.4,  -22.75, 185.5
 44.64, 1722.3,  -22.88, 185.5
 44.66, 1723.2,  -22.88, 185.5
 44.68, 1724.0,  -22.75, 185.5
 44.70, 1724.8,  -22.88, 185.5
 44.72, 1725.7,  -22.88, 185.5
 44.74, 1726.5,  -22.88, 185.5
 44.76, 1727.4,  -23.00, 185.5
 44.78, 1728.3,  -23.00, 185.5
 44.80, 1729.1,  -23.00, 185.5
 44.82, 1730.0,  -23.13, 185.5
 44.84, 1730.8,  -23.00, 159.0
 44.86, 1731.6,  -23.13, 159.0
 44.88, 1732.5,  -23.13, 159.0
 44.90, 1733.4,  -23.13, 159.0
 44.92, 1734.2,  -23.13, 159.0
 44.94, 1735.0,  -23.13, 159.0
 44.96, 1735.8,  -23.00, 159.0
 44.98, 1736.7,  -23.00, 159.0
 45.00, 1737.6,  -23.13, 159.0
 45.02, 1738.4,  -23.00, 159.0
 45.04, 1739.2,  -23.13, 159.0
 45.06, 1740.1,  -23.13, 159.0
 45.08, 1741.0,  -23.00, 159.0
 45.10, 1741.8,  -23.13, 159.0
 45.12, 1742.7,  -23.25, 159.0
 45.14, 1743.6,  -23.13, 159.0
 45.16, 1744.4,  -23.25, 159.0
 45.18, 1745.2,  -23.25, 159.0
 45.20, 1746.1,  -23.25, 159.0
 45.22, 1746.9,  -23.38, 159.0
 45.24, 1747.8,  -23.25, 159.0
 45.26, 1748.6,  -23.25, 159.0
 45.28, 1749.4,  -23.25, 159.0
 45.30, 1750.2,  -23.13, 159.0
 45.32, 1751.1,  -23.13, 159.0
 45.34, 1752.0,  -23.25, 159.0
 45.36, 1752.8,  -23.13, 159.0
 45.38, 1753.6,  -23.00, 159.0
 45.40, 1754.4,  -23.13, 159.0
 45.42, 1755.3,  -23.13, 159.0
 45.44, 1756.2,  -23.13, 159.0
 45.46, 1757.0,  -23.25, 159.0
 45.48, 1757.9,  -23.13, 159.0
 45.50, 1758.8,  -23.25, 159.0
 45.52, 1759.6,  -23.25, 159.0
 45.54, 1760.4,  -23.13, 159.0
 45.56, 1761.2,  -23.38, 159.0
 45.58, 1762.0,  -23.38, 159.0
 45.60, 1762.8,  -23.25, 159.0
 45.62, 1763.7,  -23.38, 159.0
 45.64, 1764.5,  -23.38, 159.0
 45.66, 1765.4,  -23.38, 159.0
 45.68, 1766.2,  -23.50, 159.0
 45.70, 1767.0,  -23.38, 159.0
 45.72, 1767.8,  -23.25, 159.0
 45.74, 1768.7,  -23.38, 159.0
 45.76, 1769.6,  -23.38, 159.0
 45.78, 1770.4,  -23.25, 159.0
 45.80, 1771.2,  -23.38, 159.0
 45.82, 1772.0,  -23.25, 159.0
 45.84, 1772.8,  -23.25, 159.0
 45.86, 1773.7,  -23.25, 159.0
 45.88, 1774.5,  -23.25, 159.0
 45.90, 1775.4,  -23.13, 159.0
 45.92, 1776.2,  -23.38, 159.0
 45.94, 1777.0,  -23.25, 159.0
 45.96, 1777.8,  -23.38, 159.0
 45.98, 1778.6,  -23.50, 159.0
 46.00, 1779.5,  -23.38, 159.0
 46.02, 1780.4,  -23.50, 159.0
 46.04, 1781.2,  -23.63, 159.0
 46.06, 1782.0,  -23.63, 159.0
 46.08, 1782.8,  -23.75, 159.0
 46.10, 1783.6,  -23.75, 159.0
 46.12, 1784.6,  -23.75, 159.0
 46.14, 1785.4,  -23.75, 159.0
 46.16, 1786.2,  -23.75, 159.0
 46.18, 1787.0,  -23.63, 159.0
 46.20, 1788.0,  -23.75, 159.0
 46.22, 1788.8,  -23.63, 159.0
 46.24, 1789.6,  -23.50, 159.0
 46.26, 1790.4,  -23.63, 159.0
 46.28, 1791.2,  -23.63, 159.0
 46.30, 1792.0,  -23.63, 159.0
 46.32, 1792.8,  -23.75, 159.0
 46.34, 1793.7,  -23.75, 159.0
 46.36, 1794.6,  -23.75, 159.0
 46.38, 1795.4,  -23.88, 159.0
 46.40, 1796.2,  -23.88, 159.0
 46.42, 1797.2,  -24.00, 159.0
 46.44, 1798.0,  -24.00, 159.0
 46.46, 1798.8,  -24.00, 159.0
 46.48, 1799.6,  -24.00, 159.0
 46.50, 1800.6,  -24.13, 159.0
 46.52, 1801.4,  -24.00, 159.0
 46.54, 1802.2,  -24.00, 159.0
 46.56, 1803.2,  -24.00, 159.0
 46.58, 1804.0,  -23.88, 159.0
 46.60, 1804.8,  -24.00, 159.0
 46.62, 1805.6,  -24.00, 159.0
 46.64, 1806.4,  -23.88, 159.0
 46.66, 1807.2,  -24.00, 159.0
 46.68, 1808.1,  -24.00, 159.0
 46.70, 1808.9,  -23.88, 159.0
 46.72, 1809.8,  -24.00, 159.0
 46.74, 1810.6,  -24.13, 159.0
 46.76, 1811.6,  -24.13, 159.0
 46.78, 1812.4,  -24.25, 159.0
 46.80, 1813.2,  -24.25, 159.0
 46.82, 1814.0,  -24.25, 159.0
 46.84, 1815.0,  -24.38, 159.0
 46.86, 1815.8,  -24.25, 159.0
 46.88, 1816.6,  -24.13, 159.0
 46.90, 1817.5,  -24.13, 159.0
 46.92, 1818.4,  -24.13, 159.0
 46.94, 1819.2,  -24.00, 159.0
 46.96, 1820.0,  -24.13, 159.0
 46.98, 1820.8,  -24.00, 159.0
 47.00, 1821.6,  -24.00, 159.0
 47.02, 1822.4,  -24.13, 159.0
 47.04, 1823.2,  -24.00, 159.0
 47.06, 1824.1,  -24.13, 159.0
 47.08, 1825.0,  -24.13, 159.0
 47.10, 1825.8,  -24.13, 159.0
 47.12, 1826.6,  -24.13, 159.0
 47.14, 1827.6,  -24.25, 159.0
 47.16, 1828.4,  -24.25, 159.0
 47.18, 1829.2,  -24.25, 159.0
 47.20, 1830.0,  -24.38, 159.0
 47.22, 1830.8,  -24.25, 159.0
 47.24, 1831.8,  -24.38, 176.7
 47.26, 1832.6,  -24.38, 176.7
 47.28, 1833.4,  -24.38, 176.7
 47.30, 1834.2,  -24.38, 176.7
 47.32, 1835.0,  -24.38, 176.7
 47.34, 1835.8,  -24.25, 176.7
 47.36, 1836.7,  -24.38, 176.7
 47.38, 1837.5,  -24.38, 176.7
 47.40, 1838.3,  -24.13, 176.7
 47.42, 1839.1,  -24.25, 176.7
 47.44, 1839.9,  -24.38, 176.7
 47.46, 1840.7,  -24.25, 176.7
 47.48, 1841.5,  -24.25, 176.7
 47.50, 1842.4,  -24.25, 176.7
 47.52, 1843.3,  -24.25, 176.7
 47.54, 1844.1,  -24.38, 176.7
 47.56, 1844.9,  -24.38, 176.7
 47.58, 1845.7,  -24.25, 176.7
 47.60, 1846.6,  -24.38, 176.7
 47.62, 1847.5,  -24.38, 176.7
 47.64, 1848.3,  -24.38, 176.7
 47.66, 1849.1,  -24.50, 176.7
 47.68, 1849.9,  -24.50, 176.7
 47.70, 1850.7,  -24.50, 176.7
 47.72, 1851.5,  -24.63, 176.7
 47.74, 1852.4,  -24.63, 176.7
 47.76, 1853.3,  -24.63, 176.7
 47.78, 1854.1,  -24.75, 176.7
 47.80, 1854.9,  -24.63, 176.7
 47.82, 1855.7,  -24.63, 176.7
 47.84, 1856.5,  -24.63, 176.7
 47.86, 1857.4,  -24.63, 176.7
 47.88, 1858.3,  -24.63, 176.7
 47.90, 1859.1,  -24.63, 176.7
 47.92, 1859.9,  -24.50, 176.7
 47.94, 1860.9,  -24.50, 176.7
 47.96, 1861.7,  -24.63, 176.7
 47.98, 1862.5,  -24.63, 176.7
 48.00, 1863.3,  -24.63, 176.7
 48.02, 1864.1,  -24.75, 176.7
 48.04, 1865.0,  -24.88, 176.7
 48.06, 1865.9,  -24.88, 176.7
 48.08, 1866.7,  -25.00, 176.7
 48.10, 1867.5,  -24.88, 176.7
 48.12, 1868.3,  -25.00, 176.7
 48.14, 1869.2,  -25.13, 176.7
 48.16, 1870.1,  -25.00, 176.7
 48.18, 1870.9,  -25.13, 176.7
 48.20, 1871.7,  -25.00, 176.7
 48.22, 1872.5,  -24.88, 176.7
 48.24, 1873.5,  -25.00, 176.7
 48.26, 1874.3,  -25.00, 176.7
 48.28, 1875.1,  -24.88, 176.7
 48.30, 1876.0,  -24.88, 176.7
 48.32, 1876.9,  -25.00, 176.7
 48.34, 1877.7,  -24.88, 176.7
 48.36, 1878.5,  -25.00, 176.7
 48.38, 1879.3,  -25.13, 176.7
 48.40, 1880.1,  -25.13, 176.7
 48.42, 1881.1,  -25.25, 176.7
 48.44, 1881.9,  -25.25, 176.7
 48.46, 1882.7,  -25.25, 176.7
 48.48, 1883.6,  -25.38, 176.7
 48.50, 1884.5,  -25.38, 176.7
 48.52, 1885.3,  -25.25, 176.7
 48.54, 1886.1,  -25.25, 176.7
 48.56, 1886.9,  -25.13, 176.7
 48.58, 1887.8,  -25.13, 176.7
 48.60, 1888.7,  -25.13, 176.7
 48.62, 1889.5,  -25.00, 176.7
 48.64, 1890.4,  -25.00, 176.7
 48.66, 1891.3,  -25.00, 176.7
 48.68, 1892.1,  -25.00, 176.7
 48.70, 1892.8,  -25.00, 176.7
 48.72, 1893.6,  -25.13, 176.7
 48.74, 1894.4,  -25.13, 176.7
 48.76, 1895.2,  -25.25, 176.7
 48.78, 1896.1,  -25.38, 176.7
 48.80, 1897.0,  -25.38, 176.7
 48.82, 1897.9,  -25.38, 176.7
 48.84, 1898.7,  -25.50, 176.7
 48.86, 1899.5,  -25.38, 176.7
 48.88, 1900.4,  -25.38, 176.7
 48.90, 1901.2,  -25.50, 176.7
 48.92, 1902.0,  -25.38, 176.7
 48.94, 1902.8,  -25.38, 176.7
 48.96, 1903.6,  -25.38, 176.7
 48.98, 1904.6,  -25.25, 176.7
 49.00, 1905.4,  -25.25, 176.7
 49.02, 1906.2,  -25.25, 176.7
 49.04, 1907.1,  -25.13, 176.7
 49.06, 1908.0,  -25.13, 176.7
 49.08, 1908.8,  -25.13, 176.7
 49.10, 1909.6,  -25.13, 176.7
 49.12, 1910.4,  -25.25, 176.7
 49.14, 1911.2,  -25.25, 176.7
 49.16, 1912.0,  -25.25, 176.7
 49.18, 1912.8,  -25.50, 176.7
 49.20, 1913.6,  -25.50, 176.7
 49.22, 1914.4,  -25.50, 176.7
 49.24, 1915.4,  -25.63, 176.7
 49.26, 1916.3,  -25.63, 176.7
 49.28, 1917.1,  -25.50, 176.7
 49.30, 1918.0,  -25.63, 176.7
 49.32, 1918.8,  -25.63, 176.7
 49.34, 1919.6,  -25.63, 176.7
 49.36, 1920.4,  -25.75, 176.7
 49.38, 1921.2,  -25.75, 176.7
 49.40, 1922.0,  -25.63, 176.7
 49.42, 1922.8,  -25.63, 176.7
 49.44, 1923.7,  -25.50, 176.7
 49.46, 1924.6,  -25.50, 176.7
 49.48, 1925.4,  -25.63, 176.7
 49.50, 1926.3,  -25.50, 176.7
 49.52, 1927.2,  -25.50, 176.7
 49.54, 1928.0,  -25.63, 176.7
 49.56, 1928.8,  -25.75, 176.7
 49.58, 1929.6,  -25.75, 176.7
 49.60, 1930.4,  -25.88, 176.7
 49.62, 1931.2,  -25.88, 176.7
 49.64, 1932.3,  -25.88, 172.3
 49.66, 1933.1,  -26.00, 172.3
 49.68, 1934.0,  -26.00, 172.3
 49.70, 1934.8,  -25.88, 172.3
 49.72, 1935.6,  -26.00, 172.3
 49.74, 1936.4,  -25.88, 172.3
 49.76, 1937.2,  -25.75, 172.3
 49.78, 1938.0,  -25.88, 172.3
 49.80, 1939.0,  -25.75, 172.3
 49.82, 1939.8,  -25.75, 172.3
 49.84, 1940.8,  -25.88, 172.3
 49.86, 1941.6,  -25.88, 172.3
 49.88, 1942.4,  -26.00, 172.3
 49.90, 1943.2,  -26.13, 172.3
 49.92, 1944.0,  -26.13, 172.3
 49.94, 1944.9,  -26.13, 172.3
 49.96, 1945.9,  -26.25, 172.3
 49.98, 1946.8,  -26.13, 172.3
 50.00, 1947.6,  -26.13, 172.3
 50.02, 1948.4,  -26.25, 172.3
 50.04, 1949.2,  -26.00, 172.3
 50.06, 1950.0,  -26.00, 172.3
 50.08, 1950.9,  -26.00, 172.3
 50.10, 1951.8,  -25.88, 172.3
 50.12, 1952.7,  -25.88, 172.3
 50.14, 1953.6,  -26.00, 172.3
 50.16, 1954.4,  -26.00, 172.3
 50.18, 1955.2,  -26.00, 172.3
 50.20, 1956.0,  -26.25, 172.3
 50.22, 1956.8,  -26.25, 172.3
 50.24, 1957.7,  -26.25, 172.3
 50.26, 1958.6,  -26.38, 172.3
 50.28, 1959.5,  -26.25, 172.3
 50.30, 1960.4,  -26.25, 172.3
 50.32, 1961.2,  -26.38, 172.3
 50.34, 1962.0,  -26.13, 172.3
 50.36, 1962.8,  -26.13, 172.3
 50.38, 1963.7,  -26.13, 172.3
 50.40, 1964.6,  -26.00, 172.3
 50.42, 1965.5,  -26.00, 172.3
 50.44, 1966.4,  -26.13, 172.3
 50.46, 1967.2,  -26.00, 172.3
 50.48, 1968.0,  -26.00, 172.3
 50.50, 1968.8,  -26.13, 172.3
 50.52, 1969.6,  -26.13, 172.3
 50.54, 1970.4,  -26.25, 172.3
 50.56, 1971.3,  -26.38, 172.3
 50.58, 1972.2,  -26.38, 172.3
 50.60, 1973.1,  -26.38, 172.3
 50.62, 1974.0,  -26.38, 172.3
 50.64, 1974.8,  -26.38, 172.3
 50.66, 1975.6,  -26.38, 172.3
 50.68, 1976.4,  -26.38, 172.3
 50.70, 1977.2,  -26.25, 172.3
 50.72, 1978.1,  -26.25, 172.3
 50.74, 1979.0,  -26.25, 172.3
 50.76, 1979.9,  -26.13, 172.3
 50.78, 1980.8,  -26.13, 172.3
 50.80, 1981.6,  -26.25, 172.3
 50.82, 1982.4,  -26.13, 172.3
 50.84, 1983.2,  -26.25, 172.3
 50.86, 1984.0,  -26.38, 172.3
 50.88, 1984.8,  -26.38, 172.3
 50.90, 1985.6,  -26.50, 172.3
 50.92, 1986.5,  -26.50, 172.3
 50.94, 1987.4,  -26.50, 172.3
 50.96, 1988.4,  -26.63, 172.3
 50.98, 1989.2,  -26.63, 172.3
 51.00, 1989.9,  -26.50, 172.3
 51.02, 1990.7,  -26.50, 172.3
 51.04, 1991.5,  -26.50, 172.3
 51.06, 1992.3,  -26.38, 172.3
 51.08, 1993.3,  -26.38, 172.3
 51.10, 1994.2,  -26.50, 172.3
 51.12, 1995.1,  -26.38, 172.3
 51.14, 1995.9,  -26.50, 172.3
 51.16, 1996.7,  -26.63, 172.3
 51.18, 1997.5,  -26.63, 172.3
 51.20, 1998.3,  -26.75, 172.3
 51.22, 1999.2,  -26.75, 172.3
 51.24, 2000.1,  -26.75, 172.3
 51.26, 2000.9,  -26.88, 172.3
 51.28, 2001.9,  -26.88, 172.3
 51.30, 2002.7,  -26.75, 172.3
 51.32, 2003.5,  -26.75, 172.3
 51.34, 2004.3,  -26.63, 172.3
 51.36, 2005.1,  -26.63, 172.3
 51.38, 2006.1,  -26.75, 172.3
 51.40, 2007.0,  -26.88, 172.3
 51.42, 2007.9,  -26.88, 172.3
 51.44, 2008.7,  -27.00, 172.3
 51.46, 2009.5,  -27.00, 172.3
 51.48, 2010.4,  -27.00, 172.3
 51.50, 2011.3,  -27.00, 172.3
 51.52, 2012.2,  -27.00, 172.3
 51.54, 2013.1,  -27.00, 172.3
 51.56, 2013.9,  -27.00, 172.3
 51.58, 2014.7,  -26.88, 172.3
 51.60, 2015.5,  -26.88, 172.3
 51.62, 2016.4,  -26.88, 172.3
 51.64, 2017.3,  -26.88, 172.3
 51.66, 2018.2,  -26.88, 172.3
 51.68, 2019.0,  -27.13, 172.3
 51.70, 2019.9,  -27.13, 172.3
 51.72, 2020.7,  -27.13, 172.3
 51.74, 2021.6,  -27.13, 172.3
 51.76, 2022.5,  -27.13, 172.3
 51.78, 2023.4,  -27.13, 172.3
 51.80, 2024.3,  -27.13, 172.3
 51.82, 2025.1,  -27.13, 172.3
 51.84, 2025.9,  -27.00, 172.3
 51.86, 2026.8,  -27.00, 172.3
 51.88, 2027.7,  -27.00, 172.3
 51.90, 2028.6,  -26.88, 172.3
 51.92, 2029.4,  -27.00, 172.3
 51.94, 2030.3,  -27.13, 172.3
 51.96, 2031.1,  -27.00, 172.3
 51.98, 2031.9,  -27.25, 172.3
 52.00, 2032.8,  -27.25, 172.3
 52.02, 2033.7,  -27.13, 172.3
 52.04, 2034.6,  -27.25, 167.8
 52.06, 2035.5,  -27.25, 167.8
 52.08, 2036.3,  -27.13, 167.8
 52.10, 2037.1,  -27.13, 167.8
 52.12, 2038.0,  -27.00, 167.8
 52.14, 2038.9,  -27.00, 167.8
 52.16, 2039.7,  -27.00, 167.8
 52.18, 2040.6,  -27.13, 167.8
 52.20, 2041.5,  -27.00, 167.8
 52.22, 2042.3,  -27.13, 167.8
 52.24, 2043.1,  -27.13, 167.8
 52.26, 2044.0,  -27.13, 167.8
 52.28, 2044.9,  -27.25, 167.8
 52.30, 2045.7,  -27.38, 167.8
 52.32, 2046.6,  -27.25, 167.8
 52.34, 2047.5,  -27.38, 167.8
 52.36, 2048.3,  -27.25, 167.8
 52.38, 2049.1,  -27.13, 167.8
 52.40, 2049.9,  -27.25, 167.8
 52.42, 2050.8,  -27.25, 167.8
 52.44, 2051.7,  -27.00, 167.8
 52.46, 2052.5,  -27.13, 167.8
 52.48, 2053.4,  -27.25, 167.8
 52.50, 2054.2,  -27.13, 167.8
 52.52, 2055.1,  -27.38, 167.8
 52.54, 2055.9,  -27.38, 167.8
 52.56, 2056.8,  -27.38, 167.8
 52.58, 2057.7,  -27.50, 167.8
 52.60, 2058.5,  -27.50, 167.8
 52.62, 2059.4,  -27.38, 167.8
 52.64, 2060.3,  -27.50, 167.8
 52.66, 2061.1,  -27.50, 167.8
 52.68, 2061.9,  -27.38, 167.8
 52.70, 2062.7,  -27.38, 167.8
 52.72, 2063.6,  -27.38, 167.8
 52.74, 2064.5,  -27.25, 167.8
 52.76, 2065.3,  -27.50, 167.8
 52.78, 2066.2,  -27.50, 167.8
 52.80, 2067.0,  -27.50, 167.8
 52.82, 2067.9,  -27.63, 167.8
 52.84, 2068.7,  -27.75, 167.8
 52.86, 2069.7,  -27.63, 167.8
 52.88, 2070.5,  -27.75, 167.8
 52.90, 2071.4,  -27.75, 167.8
 52.92, 2072.3,  -27.63, 167.8
 52.94, 2073.1,  -27.63, 167.8
 52.96, 2073.9,  -27.63, 167.8
 52.98, 2074.8,  -27.50, 167.8
 53.00, 2075.7,  -27.63, 167.8
 53.02, 2076.5,  -27.63, 167.8
 53.04, 2077.4,  -27.63, 167.8
 53.06, 2078.2,  -27.75, 167.8
 53.08, 2079.1,  -27.88, 167.8
 53.10, 2079.9,  -27.88, 167.8
 53.12, 2080.8,  -28.00, 167.8
 53.14, 2081.7,  -28.00, 167.8
 53.16, 2082.5,  -27.88, 167.8
 53.18, 2083.5,  -27.88, 167.8
 53.20, 2084.3,  -27.88, 167.8
 53.22, 2085.2,  -27.75, 167.8
 53.24, 2086.1,  -27.75, 167.8
 53.26, 2086.9,  -27.88, 167.8
 53.28, 2087.8,  -27.75, 167.8
 53.30, 2088.7,  -28.00, 167.8
 53.32, 2089.5,  -28.00, 167.8
 53.34, 2090.4,  -28.00, 167.8
 53.36, 2091.3,  -28.13, 167.8
 53.38, 2092.1,  -28.13, 167.8
 53.40, 2093.0,  -28.00, 167.8
 53.42, 2093.9,  -28.00, 167.8
 53.44, 2094.7,  -28.00, 167.8
 53.46, 2095.5,  -27.88, 167.8
 53.48, 2096.5,  -28.00, 167.8
 53.50, 2097.3,  -28.00, 167.8
 53.52, 2098.1,  -28.00, 167.8
 53.54, 2099.0,  -28.13, 167.8
 53.56, 2099.9,  -28.25, 167.8
 53.58, 2100.9,  -28.13, 167.8
 53.60, 2101.7,  -28.13, 167.8
 53.62, 2102.5,  -28.25, 167.8
 53.64, 2103.3,  -28.25, 167.8
 53.66, 2104.2,  -28.00, 167.8
 53.68, 2105.0,  -28.00, 167.8
 53.70, 2106.0,  -28.00, 167.8
 53.72, 2106.8,  -28.00, 167.8
 53.74, 2107.6,  -28.00, 167.8
 53.76, 2108.4,  -28.00, 167.8
 53.78, 2109.3,  -28.00, 167.8
 53.80, 2110.2,  -28.13, 167.8
 53.82, 2111.0,  -28.13, 167.8
 53.84, 2112.0,  -28.25, 167.8
 53.86, 2112.8,  -28.38, 167.8
 53.88, 2113.6,  -28.25, 167.8
 53.90, 2114.4,  -28.13, 167.8
 53.92, 2115.4,  -28.25, 167.8
 53.94, 2116.2,  -28.13, 167.8
 53.96, 2117.1,  -28.13, 167.8
 53.98, 2118.0,  -28.13, 167.8
 54.00, 2118.8,  -28.00, 167.8
 54.02, 2119.6,  -28.00, 167.8
 54.04, 2120.4,  -28.00, 167.8
 54.06, 2121.2,  -28.00, 167.8
 54.08, 2122.1,  -28.00, 167.8
 54.10, 2122.9,  -28.13, 167.8
 54.12, 2123.9,  -28.25, 167.8
 54.14, 2124.7,  -28.25, 167.8
 54.16, 2125.5,  -28.38, 167.8
 54.18, 2126.3,  -28.38, 167.8
 54.20, 2127.1,  -28.38, 167.8
 54.22, 2128.0,  -28.38, 167.8
 54.24, 2128.9,  -28.38, 167.8
 54.26, 2129.7,  -28.25, 167.8
 54.28, 2130.7,  -28.38, 167.8
 54.30, 2131.5,  -28.25, 167.8
 54.32, 2132.3,  -28.25, 167.8
 54.34, 2133.1,  -28.38, 167.8
 54.36, 2134.0,  -28.38, 167.8
 54.38, 2134.9,  -28.38, 167.8
 54.40, 2135.8,  -28.50, 167.8
 54.42, 2136.7,  -28.50, 167.8
 54.44, 2137.6,  -28.50, 167.8
 54.46, 2138.4,  -28.63, 167.6
 54.48, 2139.2,  -28.63, 167.6
 54.50, 2140.1,  -28.50, 167.6
 54.52, 2141.0,  -28.63, 167.6
 54.54, 2141.8,  -28.50, 167.6
 54.56, 2142.6,  -28.50, 167.6
 54.58, 2143.6,  -28.63, 167.6
 54.60, 2144.4,  -28.63, 167.6
 54.62, 2145.2,  -28.63, 167.6
 54.64, 2146.1,  -28.75, 167.6
 54.66, 2147.0,  -28.88, 167.6
 54.68, 2148.0,  -28.88, 167.6
 54.70, 2148.8,  -28.88, 167.6
 54.72, 2149.6,  -28.88, 167.6
 54.74, 2150.4,  -28.75, 167.6
 54.76, 2151.4,  -28.88, 167.6
 54.78, 2152.2,  -28.88, 167.6
 54.80, 2153.0,  -28.75, 167.6
 54.82, 2154.0,  -28.75, 167.6
 54.84, 2155.0,  -28.75, 167.6
 54.86, 2155.8,  -28.75, 167.6
 54.88, 2156.6,  -28.88, 167.6
 54.90, 2157.5,  -28.88, 167.6
 54.92, 2158.4,  -28.88, 167.6
 54.94, 2159.3,  -29.00, 167.6
 54.96, 2160.2,  -29.13, 167.6
 54.98, 2161.0,  -29.00, 167.6
 55.00, 2161.8,  -28.88, 167.6
 55.02, 2162.8,  -29.00, 167.6
 55.04, 2163.6,  -28.88, 167.6
 55.06, 2164.6,  -28.88, 167.6
 55.08, 2165.4,  -28.88, 167.6
 55.10, 2166.2,  -28.88, 167.6
 55.12, 2167.0,  -28.88, 167.6
 55.14, 2168.0,  -29.00, 167.6
 55.16, 2168.8,  -29.00, 167.6
 55.18, 2169.8,  -29.00, 167.6
 55.20, 2170.6,  -29.13, 167.6
 55.22, 2171.4,  -29.13, 167.6
 55.24, 2172.2,  -29.13, 167.6
 55.26, 2173.0,  -29.13, 167.6
 55.28, 2174.0,  -29.13, 167.6
 55.30, 2174.8,  -29.00, 167.6
 55.32, 2175.6,  -29.13, 167.6
 55.34, 2176.6,  -29.00, 167.6
 55.36, 2177.4,  -29.00, 167.6
 55.38, 2178.1,  -29.13, 167.6
 55.40, 2179.0,  -29.13, 167.6
 55.42, 2179.9,  -29.00, 167.6
 55.44, 2180.6,  -29.25, 167.6
 55.46, 2181.6,  -29.25, 167.6
 55.48, 2182.4,  -29.13, 167.6
 55.50, 2183.2,  -29.25, 167.6
 55.52, 2184.0,  -29.25, 167.6
 55.54, 2185.0,  -29.25, 167.6
 55.56, 2185.8,  -29.25, 167.6
 55.58, 2186.6,  -29.25, 167.6
 55.60, 2187.4,  -29.13, 167.6
 55.62, 2188.2,  -29.13, 167.6
 55.64, 2189.0,  -29.13, 167.6
 55.66, 2189.8,  -29.00, 167.6
 55.68, 2190.6,  -29.13, 167.6
 55.70, 2191.4,  -29.25, 167.6
 55.72, 2192.3,  -29.13, 167.6
 55.74, 2193.2,  -29.25, 167.6
 55.76, 2194.0,  -29.38, 167.6
 55.78, 2195.0,  -29.38, 167.6
 55.80, 2195.8,  -29.50, 167.6
 55.82, 2196.6,  -29.50, 167.6
 55.84, 2197.4,  -29.38, 167.6
 55.86, 2198.4,  -29.50, 167.6
 55.88, 2199.2,  -29.50, 167.6
 55.90, 2200.0,  -29.38, 167.6
 55.92, 2200.8,  -29.38, 167.6
 55.94, 2201.7,  -29.38, 167.6
 55.96, 2202.6,  -29.38, 167.6
 55.98, 2203.4,  -29.25, 167.6
 56.00, 2204.2,  -29.38, 167.6
 56.02, 2205.0,  -29.38, 167.6
 56.04, 2205.9,  -29.50, 167.6
 56.06, 2206.8,  -29.63, 167.6
 56.08, 2207.6,  -29.63, 167.6
 56.10, 2208.5,  -29.75, 167.6
 56.12, 2209.4,  -29.75, 167.6
 56.14, 2210.2,  -29.75, 167.6
 56.16, 2211.1,  -29.63, 167.6
 56.18, 2212.0,  -29.75, 167.6
 56.20, 2212.8,  -29.63, 167.6
 56.22, 2213.6,  -29.63, 167.6
 56.24, 2214.6,  -29.63, 167.6
 56.26, 2215.4,  -29.63, 167.6
 56.28, 2216.2,  -29.50, 167.6
 56.30, 2217.1,  -29.75, 167.6
 56.32, 2218.0,  -29.75, 167.6
 56.34, 2218.8,  -29.88, 167.6
 56.36, 2219.6,  -30.00, 167.6
 56.38, 2220.5,  -30.00, 167.6
 56.40, 2221.4,  -30.00, 167.6
 56.42, 2222.2,  -30.00, 167.6
 56.44, 2223.1,  -30.00, 167.6
 56.46, 2224.0,  -29.88, 167.6
 56.48, 2224.8,  -29.88, 167.6
 56.50, 2225.6,  -29.88, 167.6
 56.52, 2226.6,  -29.75, 167.6
 56.54, 2227.4,  -29.88, 167.6
 56.56, 2228.4,  -30.00, 167.6
 56.58, 2229.2,  -30.00, 167.6
 56.60, 2230.0,  -30.00, 167.6
 56.62, 2230.8,  -30.13, 167.6
 56.64, 2231.8,  -30.13, 167.6
 56.66, 2232.6,  -30.13, 167.6
 56.68, 2233.5,  -30.13, 167.6
 56.70, 2234.4,  -30.13, 167.6
 56.72, 2235.2,  -30.00, 167.6
 56.74, 2236.0,  -30.00, 167.6
 56.76, 2236.8,  -29.88, 167.6
 56.78, 2237.8,  -29.88, 167.6
 56.80, 2238.6,  -30.00, 167.6
 56.82, 2239.4,  -30.00, 167.6
 56.84, 2240.4,  -30.13, 167.6
 56.86, 2241.2,  -30.25, 167.6
 56.88, 2242.0,  -30.25, 167.6
 56.90, 2243.0,  -30.25, 167.6
 56.92, 2243.8,  -30.38, 167.6
 56.94, 2244.7,  -30.38, 167.6
 56.96, 2245.6,  -30.25, 167.6
 56.98, 2246.4,  -30.25, 167.6
 57.00, 2247.2,  -30.13, 167.6
 57.02, 2248.0,  -30.00, 167.6
 57.04, 2249.0,  -30.13, 167.6
 57.06, 2249.8,  -30.00, 167.6
 57.08, 2250.6,  -30.00, 167.6
 57.10, 2251.6,  -30.13, 167.6
 57.12, 2252.4,  -30.25, 167.6
 57.14, 2253.2,  -30.25, 167.6
 57.16, 2254.0,  -30.38, 167.6
 57.18, 2254.8,  -30.38, 167.6
 57.20, 2255.8,  -30.38, 167.6
 57.22, 2256.7,  -30.50, 167.6
 57.24, 2257.5,  -30.50, 167.6
 57.26, 2258.4,  -30.38, 163.1
 57.28, 2259.2,  -30.38, 163.1
 57.30, 2260.0,  -30.25, 163.1
 57.32, 2260.8,  -30.13, 163.1
 57.34, 2261.8,  -30.13, 163.1
 57.36, 2262.6,  -30.13, 163.1
 57.38, 2263.5,  -30.00, 163.1
 57.40, 2264.4,  -30.00, 163.1
 57.42, 2265.2,  -30.25, 163.1
 57.44, 2266.0,  -30.25, 163.1
 57.46, 2266.8,  -30.38, 163.1
 57.48, 2267.6,  -30.50, 163.1
 57.50, 2268.4,  -30.50, 163.1
 57.52, 2269.4,  -30.50, 163.1
 57.54, 2270.3,  -30.63, 163.1
 57.56, 2271.1,  -30.63, 163.1
 57.58, 2272.0,  -30.50, 163.1
 57.60, 2272.8,  -30.50, 163.1
 57.62, 2273.6,  -30.50, 163.1
 57.64, 2274.4,  -30.38, 163.1
 57.66, 2275.4,  -30.38, 163.1
 57.68, 2276.2,  -30.38, 163.1
 57.70, 2277.2,  -30.38, 163.1
 57.72, 2278.0,  -30.50, 163.1
 57.74, 2278.8,  -30.63, 163.1
 57.76, 2279.6,  -30.50, 163.1
 57.78, 2280.4,  -30.75, 163.1
 57.80, 2281.4,  -30.75, 163.1
 57.82, 2282.3,  -30.75, 163.1
 57.84, 2283.1,  -30.88, 163.1
 57.86, 2284.0,  -30.88, 163.1
 57.88, 2284.8,  -30.75, 163.1
 57.90, 2285.6,  -30.63, 163.1
 57.92, 2286.4,  -30.63, 163.1
 57.94, 2287.2,  -30.50, 163.1
 57.96, 2288.2,  -30.63, 163.1
 57.98, 2289.1,  -30.88, 163.1
 58.00, 2290.0,  -30.88, 163.1
 58.02, 2290.8,  -31.00, 163.1
 58.04, 2291.6,  -31.00, 163.1
 58.06, 2292.5,  -31.00, 163.1
 58.08, 2293.5,  -31.00, 163.1
 58.10, 2294.4,  -31.00, 163.1
 58.12, 2295.2,  -31.00, 163.1
 58.14, 2296.0,  -30.88, 163.1
 58.16, 2296.8,  -30.88, 163.1
 58.18, 2297.6,  -30.88, 163.1
 58.20, 2298.5,  -30.75, 163.1
 58.22, 2299.3,  -31.00, 163.1
 58.24, 2300.3,  -31.13, 163.1
 58.26, 2301.1,  -31.13, 163.1
 58.28, 2301.9,  -31.25, 163.1
 58.30, 2302.7,  -31.25, 163.1
 58.32, 2303.7,  -31.25, 163.1
 58.34, 2304.6,  -31.25, 163.1
 58.36, 2305.5,  -31.13, 163.1
 58.38, 2306.3,  -31.00, 163.1
 58.40, 2307.1,  -31.00, 163.1
 58.42, 2308.0,  -31.00, 163.1
 58.44, 2308.9,  -31.00, 163.1
 58.46, 2309.9,  -31.00, 163.1
 58.48, 2310.7,  -31.25, 163.1
 58.50, 2311.5,  -31.13, 163.1
 58.52, 2312.3,  -31.25, 163.1
 58.54, 2313.2,  -31.38, 163.1
 58.56, 2314.2,  -31.25, 163.1
 58.58, 2315.1,  -31.25, 163.1
 58.60, 2315.9,  -31.25, 163.1
 58.62, 2316.7,  -31.13, 163.1
 58.64, 2317.5,  -31.00, 163.1
 58.66, 2318.3,  -31.13, 163.1
 58.68, 2319.3,  -31.25, 163.1
 58.70, 2320.3,  -31.25, 163.1
 58.72, 2321.1,  -31.38, 163.1
 58.74, 2321.9,  -31.50, 163.1
 58.76, 2322.7,  -31.38, 163.1
 58.78, 2323.6,  -31.50, 163.1
 58.80, 2324.6,  -31.50, 163.1
 58.82, 2325.5,  -31.38, 163.1
 58.84, 2326.3,  -31.50, 163.1
 58.86, 2327.1,  -31.38, 163.1
 58.88, 2327.9,  -31.25, 163.1
 58.90, 2328.7,  -31.13, 163.1
 58.92, 2329.6,  -31.13, 163.1
 58.94, 2330.5,  -31.13, 163.1
 58.96, 2331.5,  -31.13, 163.1
 58.98, 2332.3,  -31.38, 163.1
 59.00, 2333.1,  -31.38, 163.1
 59.02, 2333.9,  -31.50, 163.1
 59.04, 2334.7,  -31.50, 163.1
 59.06, 2335.6,  -31.50, 163.1
 59.08, 2336.6,  -31.50, 163.1
 59.10, 2337.5,  -31.63, 163.1
 59.12, 2338.3,  -31.50, 163.1
 59.14, 2339.1,  -31.25, 163.1
 59.16, 2339.9,  -31.38, 163.1
 59.18, 2340.8,  -31.38, 163.1
 59.20, 2341.8,  -31.25, 163.1
 59.22, 2342.7,  -31.38, 163.1
 59.24, 2343.5,  -31.50, 163.1
 59.26, 2344.3,  -31.50, 163.1
 59.28, 2345.1,  -31.63, 163.1
 59.30, 2346.0,  -31.75, 163.1
 59.32, 2346.9,  -31.63, 163.1
 59.34, 2347.9,  -31.75, 163.1
 59.36, 2348.7,  -31.63, 163.1
 59.38, 2349.5,  -31.50, 163.1
 59.40, 2350.3,  -31.50, 163.1
 59.42, 2351.1,  -31.50, 163.1
 59.44, 2352.0,  -31.50, 163.1
 59.46, 2352.9,  -31.63, 163.1
 59.48, 2353.9,  -31.88, 163.1
 59.50, 2354.7,  -31.88, 163.1
 59.52, 2355.5,  -31.88, 163.1
 59.54, 2356.4,  -31.88, 163.1
 59.56, 2357.3,  -31.88, 163.1
 59.58, 2358.3,  -31.88, 163.1
 59.60, 2359.1,  -31.75, 163.1
 59.62, 2359.9,  -31.75, 163.1
 59.64, 2360.7,  -31.63, 163.1
 59.66, 2361.6,  -31.75, 159.0
 59.68, 2362.5,  -31.75, 159.0
 59.70, 2363.4,  -31.88, 159.0
 59.72, 2364.3,  -32.00, 159.0
 59.74, 2365.1,  -32.13, 159.0
 59.76, 2365.9,  -32.00, 159.0
 59.78, 2366.8,  -32.00, 159.0
 59.80, 2367.8,  -32.00, 159.0
 59.82, 2368.7,  -31.88, 159.0
 59.84, 2369.5,  -31.88, 159.0
 59.86, 2370.3,  -32.00, 159.0
 59.88, 2371.3,  -32.00, 159.0
 59.90, 2372.2,  -32.13, 159.0
 59.92, 2373.1,  -32.25, 159.0
 59.94, 2373.9,  -32.13, 159.0
 59.96, 2374.8,  -32.13, 159.0
 59.98, 2375.7,  -32.25, 159.0
 60.00, 2376.7,  -32.13, 159.0
 60.02, 2377.5,  -32.00, 159.0
 60.04, 2378.3,  -32.00, 159.0
 60.06, 2379.2,  -32.00, 159.0
 60.08, 2380.1,  -32.00, 159.0
 60.10, 2381.0,  -32.25, 159.0
 60.12, 2381.9,  -32.38, 159.0
 60.14, 2382.7,  -32.38, 159.0
 60.16, 2383.5,  -32.38, 159.0
 60.18, 2384.5,  -32.38, 159.0
 60.20, 2385.4,  -32.13, 159.0
 60.22, 2386.3,  -32.13, 159.0
 60.24, 2387.1,  -32.13, 159.0
 60.26, 2388.0,  -32.13, 159.0
 60.28, 2388.9,  -32.25, 159.0
 60.30, 2389.8,  -32.50, 159.0
 60.32, 2390.7,  -32.38, 159.0
 60.34, 2391.6,  -32.38, 159.0
 60.36, 2392.5,  -32.50, 159.0
 60.38, 2393.4,  -32.38, 159.0
 60.40, 2394.3,  -32.25, 159.0
 60.42, 2395.1,  -32.38, 159.0
 60.44, 2395.9,  -32.25, 159.0
 60.46, 2396.8,  -32.25, 159.0
 60.48, 2397.7,  -32.38, 159.0
 60.50, 2398.6,  -32.50, 159.0
 60.52, 2399.5,  -32.50, 159.0
 60.54, 2400.3,  -32.63, 159.0
 60.56, 2401.2,  -32.63, 159.0
 60.58, 2402.1,  -32.38, 159.0
 60.60, 2403.1,  -32.50, 159.0
 60.62, 2403.9,  -32.38, 159.0
 60.64, 2404.7,  -32.25, 159.0
 60.66, 2405.7,  -32.38, 159.0
 60.68, 2406.6,  -32.50, 159.0
 60.70, 2407.4,  -32.50, 159.0
 60.72, 2408.3,  -32.50, 159.0
 60.74, 2409.1,  -32.63, 159.0
 60.76, 2410.1,  -32.63, 159.0
 60.78, 2410.9,  -32.63, 159.0
 60.80, 2411.8,  -32.50, 159.0
 60.82, 2412.7,  -32.38, 159.0
 60.84, 2413.5,  -32.38, 159.0
 60.86, 2414.4,  -32.50, 159.0
 60.88, 2415.3,  -32.50, 159.0
 60.90, 2416.2,  -32.63, 159.0
 60.92, 2417.0,  -32.75, 159.0
 60.94, 2417.9,  -32.75, 159.0
 60.96, 2418.8,  -32.75, 159.0
 60.98, 2419.7,  -32.75, 159.0
 61.00, 2420.6,  -32.75, 159.0
 61.02, 2421.5,  -32.50, 159.0
 61.04, 2422.3,  -32.50, 159.0
 61.06, 2423.2,  -32.63, 159.0
 61.08, 2424.1,  -32.50, 159.0
 61.10, 2425.0,  -32.63, 159.0
 61.12, 2425.8,  -32.88, 159.0
 61.14, 2426.7,  -32.75, 159.0
 61.16, 2427.6,  -32.88, 159.0
 61.18, 2428.5,  -32.88, 159.0
 61.20, 2429.3,  -32.88, 159.0
 61.22, 2430.2,  -32.75, 159.0
 61.24, 2431.1,  -32.88, 159.0
 61.26, 2431.9,  -32.75, 159.0
 61.28, 2432.8,  -32.75, 159.0
 61.30, 2433.7,  -32.88, 159.0
 61.32, 2434.6,  -33.00, 159.0
 61.34, 2435.4,  -33.00, 159.0
 61.36, 2436.3,  -33.13, 159.0
 61.38, 2437.3,  -33.13, 159.0
 61.40, 2438.1,  -32.88, 159.0
 61.42, 2439.0,  -32.88, 159.0
 61.44, 2439.9,  -33.00, 159.0
 61.46, 2440.8,  -32.88, 159.0
 61.48, 2441.7,  -32.88, 159.0
 61.50, 2442.5,  -33.00, 159.0
 61.52, 2443.4,  -33.00, 159.0
 61.54, 2444.3,  -33.13, 159.0
 61.56, 2445.2,  -33.25, 159.0
 61.58, 2446.1,  -33.13, 159.0
 61.60, 2446.9,  -33.13, 159.0
 61.62, 2447.8,  -33.13, 159.0
 61.64, 2448.7,  -33.00, 159.0
 61.66, 2449.6,  -33.13, 159.0
 61.68, 2450.5,  -33.25, 159.0
 61.70, 2451.3,  -33.38, 159.0
 61.72, 2452.2,  -33.38, 159.0
 61.74, 2453.1,  -33.38, 159.0
 61.76, 2454.1,  -33.38, 159.0
 61.78, 2454.9,  -33.25, 159.0
 61.80, 2455.9,  -33.13, 159.0
 61.82, 2456.7,  -33.25, 159.0
 61.84, 2457.7,  -33.13, 159.0
 61.86, 2458.5,  -33.25, 159.0
 61.88, 2459.4,  -33.38, 159.0
 61.90, 2460.3,  -33.38, 159.0
 61.92, 2461.2,  -33.38, 159.0
 61.94, 2462.1,  -33.50, 159.0
 61.96, 2462.9,  -33.38, 159.0
 61.98, 2463.7,  -33.38, 159.0
 62.00, 2464.7,  -33.38, 159.0
 62.02, 2465.5,  -33.38, 159.0
 62.04, 2466.5,  -33.38, 159.0
===============================
Changed Angle: -4.63
Elapsed Time : 10.06
Disk R.P.M   : 0
===============================
2018-04-13.  12:00:59.

