  Time  Rotation   Tilt   D-RPM
  0.00,    0.9,   -3.38, 212.0
  0.02,    1.7,   -3.38, 212.0
  0.04,    2.7,   -3.38, 212.0
  0.06,    3.5,   -3.38, 212.0
  0.08,    4.3,   -3.38, 212.0
  0.10,    5.1,   -3.38, 212.0
  0.12,    6.0,   -3.25, 212.0
  0.14,    6.9,   -3.25, 212.0
  0.16,    7.7,   -3.13, 212.0
  0.18,    8.5,   -3.13, 212.0
  0.20,    9.3,   -3.13, 212.0
  0.22,   10.2,   -3.00, 212.0
  0.24,   11.0,   -3.00, 212.0
  0.26,   11.8,   -2.88, 212.0
  0.28,   12.7,   -2.88, 212.0
  0.30,   13.5,   -2.88, 212.0
  0.32,   14.3,   -2.75, 212.0
  0.34,   15.1,   -2.88, 212.0
  0.36,   15.9,   -2.63, 212.0
  0.38,   16.7,   -2.63, 212.0
  0.40,   17.5,   -2.50, 212.0
  0.42,   18.3,   -2.38, 212.0
  0.44,   19.0,   -2.25, 212.0
  0.46,   19.7,   -2.13, 212.0
  0.48,   20.5,   -2.00, 212.0
  0.50,   21.2,   -2.00, 212.0
  0.52,   21.9,   -2.00, 212.0
  0.54,   22.7,   -2.00, 212.0
  0.56,   23.3,   -1.88, 212.0
  0.58,   24.1,   -1.88, 212.0
  0.60,   24.8,   -1.63, 212.0
  0.62,   25.5,   -1.50, 212.0
  0.64,   26.2,   -1.63, 212.0
  0.66,   26.9,   -1.63, 212.0
  0.68,   27.6,   -1.63, 212.0
  0.70,   28.3,   -1.50, 212.0
  0.72,   28.9,   -1.38, 212.0
  0.74,   29.7,   -1.25, 212.0
  0.76,   30.3,   -1.38, 212.0
  0.78,   30.9,   -1.50, 212.0
  0.80,   31.5,   -1.50, 212.0
  0.82,   32.3,   -1.50, 212.0
  0.84,   32.9,   -1.38, 212.0
  0.86,   33.5,   -1.38, 212.0
  0.88,   34.2,   -1.50, 212.0
  0.90,   34.8,   -1.38, 212.0
  0.92,   35.6,   -1.63, 212.0
  0.94,   36.2,   -1.50, 212.0
  0.96,   36.9,   -1.63, 212.0
  0.98,   37.6,   -1.63, 212.0
  1.00,   38.2,   -1.63, 212.0
  1.02,   38.9,   -1.63, 212.0
  1.04,   39.6,   -1.75, 212.0
  1.06,   40.3,   -1.88, 212.0
  1.08,   41.0,   -2.00, 212.0
  1.10,   41.7,   -2.00, 212.0
  1.12,   42.4,   -2.25, 212.0
  1.14,   43.2,   -2.38, 212.0
  1.16,   43.8,   -2.50, 212.0
  1.18,   44.6,   -2.50, 212.0
  1.20,   45.4,   -2.63, 212.0
  1.22,   46.1,   -2.75, 212.0
  1.24,   46.9,   -2.75, 212.0
  1.26,   47.6,   -3.00, 212.0
  1.28,   48.4,   -3.00, 212.0
  1.30,   49.2,   -3.00, 212.0
  1.32,   50.0,   -3.25, 212.0
  1.34,   50.8,   -3.13, 212.0
  1.36,   51.6,   -3.38, 212.0
  1.38,   52.4,   -3.38, 212.0
  1.40,   53.2,   -3.50, 212.0
  1.42,   54.0,   -3.63, 212.0
  1.44,   54.8,   -3.63, 212.0
  1.46,   55.7,   -3.88, 212.0
  1.48,   56.5,   -3.88, 212.0
  1.50,   57.4,   -4.00, 212.0
  1.52,   58.4,   -4.00, 212.0
  1.54,   59.2,   -4.00, 212.0
  1.56,   60.0,   -4.13, 212.0
  1.58,   60.8,   -4.13, 212.0
  1.60,   61.8,   -4.13, 212.0
  1.62,   62.6,   -4.13, 212.0
  1.64,   63.4,   -4.13, 212.0
  1.66,   64.4,   -4.13, 212.0
  1.68,   65.2,   -4.13, 212.0
  1.70,   66.0,   -4.25, 212.0
  1.72,   66.9,   -4.25, 212.0
  1.74,   67.8,   -4.25, 212.0
  1.76,   68.7,   -4.25, 212.0
  1.78,   69.6,   -4.25, 212.0
  1.80,   70.4,   -4.25, 212.0
  1.82,   71.2,   -4.13, 212.0
  1.84,   72.2,   -4.00, 212.0
  1.86,   73.0,   -4.00, 212.0
  1.88,   73.8,   -3.88, 212.0
  1.90,   74.7,   -3.88, 212.0
  1.92,   75.6,   -3.88, 212.0
  1.94,   76.4,   -3.88, 212.0
  1.96,   77.2,   -3.88, 212.0
  1.98,   78.0,   -3.75, 212.0
  2.00,   78.8,   -3.75, 212.0
  2.02,   79.6,   -3.50, 212.0
  2.04,   80.4,   -3.38, 212.0
  2.06,   81.2,   -3.38, 212.0
  2.08,   82.0,   -3.13, 212.0
  2.10,   82.7,   -3.13, 212.0
  2.12,   83.3,   -3.00, 212.0
  2.14,   84.0,   -3.00, 212.0
  2.16,   84.8,   -3.00, 212.0
  2.18,   85.4,   -3.00, 212.0
  2.20,   86.2,   -2.88, 212.0
  2.22,   87.0,   -2.75, 212.0
  2.24,   87.8,   -2.63, 212.0
  2.26,   88.3,   -2.63, 212.0
  2.28,   89.0,   -2.50, 212.0
  2.30,   89.8,   -2.50, 212.0
  2.32,   90.5,   -2.50, 212.0
  2.34,   91.2,   -2.50, 212.0
  2.36,   91.8,   -2.50, 212.0
  2.38,   92.6,   -2.38, 212.0
  2.40,   93.4,   -2.38, 212.0
  2.42,   94.0,   -2.25, 212.0
  2.44,   94.6,   -2.38, 212.0
  2.46,   95.4,   -2.38, 212.0
  2.48,   96.2,   -2.38, 212.0
  2.50,   96.8,   -2.50, 212.0
  2.52,   97.4,   -2.50, 212.0
  2.54,   98.2,   -2.50, 212.0
  2.56,   98.8,   -2.50, 212.0
  2.58,   99.4,   -2.50, 212.0
  2.60,  100.2,   -2.50, 212.0
  2.62,  101.0,   -2.63, 212.0
  2.64,  101.6,   -2.75, 212.0
  2.66,  102.3,   -2.75, 212.0
  2.68,  103.0,   -2.88, 212.0
  2.70,  103.8,   -3.00, 212.0
  2.72,  104.6,   -3.00, 212.0
  2.74,  105.4,   -3.13, 212.0
  2.76,  106.0,   -3.25, 212.0
  2.78,  106.7,   -3.25, 212.0
  2.80,  107.4,   -3.38, 207.6
  2.82,  108.2,   -3.50, 207.6
  2.84,  109.0,   -3.63, 207.6
  2.86,  109.8,   -3.75, 207.6
  2.88,  110.6,   -3.75, 207.6
  2.90,  111.4,   -3.88, 207.6
  2.92,  112.2,   -3.88, 207.6
  2.94,  113.0,   -4.00, 207.6
  2.96,  113.8,   -4.13, 207.6
  2.98,  114.6,   -4.13, 207.6
  3.00,  115.4,   -4.25, 207.6
  3.02,  116.2,   -4.25, 207.6
  3.04,  117.0,   -4.38, 207.6
  3.06,  117.8,   -4.38, 207.6
  3.08,  118.6,   -4.50, 207.6
  3.10,  119.5,   -4.63, 207.6
  3.12,  120.4,   -4.63, 207.6
  3.14,  121.2,   -4.88, 207.6
  3.16,  122.2,   -4.88, 207.6
  3.18,  123.0,   -4.88, 207.6
  3.20,  123.8,   -4.88, 207.6
  3.22,  124.6,   -4.88, 207.6
  3.24,  125.6,   -5.00, 207.6
  3.26,  126.4,   -4.88, 207.6
  3.28,  127.4,   -4.88, 207.6
  3.30,  128.2,   -5.00, 207.6
  3.32,  129.0,   -4.88, 207.6
  3.34,  130.0,   -5.00, 207.6
  3.36,  130.9,   -4.88, 207.6
  3.38,  131.8,   -5.00, 207.6
  3.40,  132.6,   -5.00, 207.6
  3.42,  133.4,   -5.00, 207.6
  3.44,  134.2,   -5.00, 207.6
  3.46,  135.0,   -4.88, 207.6
  3.48,  136.0,   -4.88, 207.6
  3.50,  136.8,   -4.88, 207.6
  3.52,  137.7,   -4.75, 207.6
  3.54,  138.6,   -4.75, 207.6
  3.56,  139.4,   -4.63, 207.6
  3.58,  140.2,   -4.50, 207.6
  3.60,  141.0,   -4.50, 207.6
  3.62,  141.8,   -4.38, 207.6
  3.64,  142.6,   -4.38, 207.6
  3.66,  143.4,   -4.25, 207.6
  3.68,  144.2,   -4.25, 207.6
  3.70,  145.0,   -4.13, 207.6
  3.72,  145.8,   -3.88, 207.6
  3.74,  146.6,   -3.88, 207.6
  3.76,  147.4,   -3.75, 207.6
  3.78,  148.1,   -3.75, 207.6
  3.80,  148.8,   -3.75, 207.6
  3.82,  149.6,   -3.63, 207.6
  3.84,  150.2,   -3.63, 207.6
  3.86,  151.0,   -3.63, 207.6
  3.88,  151.8,   -3.63, 207.6
  3.90,  152.6,   -3.50, 207.6
  3.92,  153.3,   -3.25, 207.6
  3.94,  154.0,   -3.25, 207.6
  3.96,  154.6,   -3.25, 207.6
  3.98,  155.4,   -3.25, 207.6
  4.00,  156.1,   -3.38, 207.6
  4.02,  156.8,   -3.25, 207.6
  4.04,  157.4,   -3.38, 207.6
  4.06,  158.2,   -3.13, 207.6
  4.08,  158.8,   -3.13, 207.6
  4.10,  159.4,   -3.13, 207.6
  4.12,  160.2,   -3.13, 207.6
  4.14,  161.0,   -3.25, 207.6
  4.16,  161.6,   -3.13, 207.6
  4.18,  162.4,   -3.38, 207.6
  4.20,  163.0,   -3.50, 207.6
  4.22,  163.8,   -3.38, 207.6
  4.24,  164.6,   -3.50, 207.6
  4.26,  165.2,   -3.38, 207.6
  4.28,  165.8,   -3.50, 207.6
  4.30,  166.5,   -3.63, 207.6
  4.32,  167.3,   -3.63, 207.6
  4.34,  168.0,   -3.75, 207.6
  4.36,  168.7,   -3.75, 207.6
  4.38,  169.4,   -3.88, 207.6
  4.40,  170.1,   -4.00, 207.6
  4.42,  170.9,   -4.00, 207.6
  4.44,  171.7,   -4.13, 207.6
  4.46,  172.5,   -4.13, 207.6
  4.48,  173.3,   -4.25, 207.6
  4.50,  174.1,   -4.38, 207.6
  4.52,  174.9,   -4.38, 207.6
  4.54,  175.7,   -4.50, 207.6
  4.56,  176.5,   -4.63, 207.6
  4.58,  177.3,   -4.88, 207.6
  4.60,  178.1,   -4.88, 207.6
  4.62,  178.9,   -5.00, 207.6
  4.64,  179.7,   -5.13, 207.6
  4.66,  180.5,   -5.13, 207.6
  4.68,  181.3,   -5.25, 207.6
  4.70,  182.1,   -5.38, 207.6
  4.72,  183.0,   -5.25, 207.6
  4.74,  183.9,   -5.38, 207.6
  4.76,  184.7,   -5.38, 207.6
  4.78,  185.6,   -5.50, 207.6
  4.80,  186.5,   -5.63, 207.6
  4.82,  187.3,   -5.50, 207.6
  4.84,  188.3,   -5.75, 207.6
  4.86,  189.1,   -5.75, 207.6
  4.88,  189.9,   -5.88, 207.6
  4.90,  190.8,   -5.88, 207.6
  4.92,  191.6,   -5.88, 207.6
  4.94,  192.5,   -5.88, 207.6
  4.96,  193.4,   -5.75, 207.6
  4.98,  194.2,   -5.63, 207.6
  5.00,  195.0,   -5.63, 207.6
  5.02,  196.0,   -5.50, 207.6
  5.04,  196.8,   -5.63, 207.6
  5.06,  197.6,   -5.50, 207.6
  5.08,  198.6,   -5.38, 207.6
  5.10,  199.4,   -5.63, 207.6
  5.12,  200.4,   -5.88, 207.6
  5.14,  201.2,   -6.00, 207.6
  5.16,  202.0,   -5.63, 207.6
  5.18,  202.9,   -5.25, 207.6
  5.20,  203.7,   -4.88, 212.0
  5.22,  204.5,   -4.63, 212.0
  5.24,  205.3,   -4.75, 212.0
  5.26,  206.1,   -4.88, 212.0
  5.28,  206.9,   -5.00, 212.0
  5.30,  207.7,   -5.13, 212.0
  5.32,  208.5,   -4.88, 212.0
  5.34,  209.3,   -4.75, 212.0
  5.36,  210.1,   -4.63, 212.0
  5.38,  210.9,   -4.63, 212.0
  5.40,  211.7,   -4.63, 212.0
  5.42,  212.4,   -4.63, 212.0
  5.44,  213.2,   -4.63, 212.0
  5.46,  214.0,   -4.50, 212.0
  5.48,  214.7,   -4.38, 212.0
  5.50,  215.4,   -4.38, 212.0
  5.52,  216.2,   -4.13, 212.0
  5.54,  216.8,   -4.13, 212.0
  5.56,  217.6,   -4.00, 212.0
  5.58,  218.2,   -4.00, 212.0
  5.60,  219.0,   -4.13, 212.0
  5.62,  219.7,   -4.13, 212.0
  5.64,  220.5,   -4.13, 212.0
  5.66,  221.2,   -4.13, 212.0
  5.68,  221.8,   -4.00, 212.0
  5.70,  222.6,   -4.00, 212.0
  5.72,  223.3,   -3.88, 212.0
  5.74,  224.0,   -4.00, 212.0
  5.76,  224.7,   -4.00, 212.0
  5.78,  225.4,   -4.00, 212.0
  5.80,  226.2,   -4.13, 212.0
  5.82,  226.9,   -4.13, 212.0
  5.84,  227.5,   -4.25, 212.0
  5.86,  228.2,   -4.25, 212.0
  5.88,  229.0,   -4.25, 212.0
  5.90,  229.6,   -4.38, 212.0
  5.92,  230.4,   -4.25, 212.0
  5.94,  231.0,   -4.38, 212.0
  5.96,  231.8,   -4.38, 212.0
  5.98,  232.6,   -4.38, 212.0
  6.00,  233.4,   -4.50, 212.0
  6.02,  234.1,   -4.50, 212.0
  6.04,  234.9,   -4.63, 212.0
  6.06,  235.7,   -4.88, 212.0
  6.08,  236.4,   -4.88, 212.0
  6.10,  237.2,   -5.00, 212.0
  6.12,  237.8,   -5.00, 212.0
  6.14,  238.6,   -5.00, 212.0
  6.16,  239.4,   -5.25, 212.0
  6.18,  240.2,   -5.25, 212.0
  6.20,  241.0,   -5.50, 212.0
  6.22,  241.8,   -5.63, 212.0
  6.24,  242.6,   -5.75, 212.0
  6.26,  243.4,   -6.00, 212.0
  6.28,  244.3,   -5.88, 212.0
  6.30,  245.2,   -6.00, 212.0
  6.32,  246.1,   -6.00, 212.0
  6.34,  246.9,   -6.13, 212.0
  6.36,  247.8,   -6.25, 212.0
  6.38,  248.6,   -6.13, 212.0
  6.40,  249.4,   -6.13, 212.0
  6.42,  250.2,   -6.13, 212.0
  6.44,  251.1,   -6.13, 212.0
  6.46,  252.0,   -6.38, 212.0
  6.48,  252.9,   -6.38, 212.0
  6.50,  253.8,   -6.63, 212.0
  6.52,  254.6,   -6.75, 212.0
  6.54,  255.4,   -6.63, 212.0
  6.56,  256.4,   -6.75, 212.0
  6.58,  257.3,   -6.63, 212.0
  6.60,  258.2,   -6.50, 212.0
  6.62,  259.0,   -6.38, 212.0
  6.64,  259.8,   -6.25, 212.0
  6.66,  260.8,   -6.38, 212.0
  6.68,  261.7,   -6.13, 212.0
  6.70,  262.6,   -6.38, 212.0
  6.72,  263.4,   -6.38, 212.0
  6.74,  264.2,   -6.25, 212.0
  6.76,  265.0,   -6.38, 212.0
  6.78,  265.8,   -6.38, 212.0
  6.80,  266.8,   -6.38, 212.0
  6.82,  267.7,   -6.38, 212.0
  6.84,  268.5,   -6.25, 212.0
  6.86,  269.3,   -6.25, 212.0
  6.88,  270.2,   -6.13, 212.0
  6.90,  271.0,   -6.00, 212.0
  6.92,  271.8,   -5.88, 212.0
  6.94,  272.6,   -5.75, 212.0
  6.96,  273.4,   -5.63, 212.0
  6.98,  274.2,   -5.50, 212.0
  7.00,  275.0,   -5.38, 212.0
  7.02,  275.8,   -5.38, 212.0
  7.04,  276.6,   -5.25, 212.0
  7.06,  277.4,   -5.38, 212.0
  7.08,  278.1,   -5.25, 212.0
  7.10,  278.9,   -5.25, 212.0
  7.12,  279.6,   -5.38, 212.0
  7.14,  280.2,   -5.25, 212.0
  7.16,  281.0,   -5.25, 212.0
  7.18,  281.8,   -5.13, 212.0
  7.20,  282.6,   -5.13, 212.0
  7.22,  283.4,   -5.00, 212.0
  7.24,  284.1,   -4.75, 212.0
  7.26,  284.8,   -4.88, 212.0
  7.28,  285.4,   -4.88, 212.0
  7.30,  286.2,   -4.88, 212.0
  7.32,  287.0,   -4.88, 212.0
  7.34,  287.7,   -4.88, 212.0
  7.36,  288.3,   -4.88, 212.0
  7.38,  289.0,   -4.88, 212.0
  7.40,  289.8,   -4.75, 212.0
  7.42,  290.5,   -4.88, 212.0
  7.44,  291.1,   -4.63, 212.0
  7.46,  291.8,   -4.75, 212.0
  7.48,  292.6,   -4.88, 212.0
  7.50,  293.4,   -5.00, 212.0
  7.52,  294.1,   -5.13, 212.0
  7.54,  294.9,   -5.13, 212.0
  7.56,  295.4,   -5.13, 212.0
  7.58,  296.2,   -5.25, 212.0
  7.60,  297.0,   -5.25, 212.0
  7.62,  297.8,   -5.38, 209.3
  7.64,  298.5,   -5.50, 209.3
  7.66,  299.2,   -5.50, 209.3
  7.68,  299.8,   -5.63, 209.3
  7.70,  300.6,   -5.63, 209.3
  7.72,  301.4,   -5.88, 209.3
  7.74,  302.2,   -5.88, 209.3
  7.76,  303.0,   -6.00, 209.3
  7.78,  303.8,   -6.00, 209.3
  7.80,  304.6,   -6.13, 209.3
  7.82,  305.4,   -6.25, 209.3
  7.84,  306.2,   -6.38, 209.3
  7.86,  307.0,   -6.38, 209.3
  7.88,  307.8,   -6.50, 209.3
  7.90,  308.6,   -6.50, 209.3
  7.92,  309.4,   -6.63, 209.3
  7.94,  310.2,   -6.63, 209.3
  7.96,  311.0,   -6.63, 209.3
  7.98,  311.9,   -6.63, 209.3
  8.00,  312.8,   -6.63, 209.3
  8.02,  313.6,   -6.88, 209.3
  8.04,  314.6,   -7.00, 209.3
  8.06,  315.4,   -7.13, 209.3
  8.08,  316.2,   -7.25, 209.3
  8.10,  317.0,   -7.25, 209.3
  8.12,  318.0,   -7.25, 209.3
  8.14,  319.0,   -7.25, 209.3
  8.16,  319.8,   -7.13, 209.3
  8.18,  320.6,   -7.13, 209.3
  8.20,  321.4,   -7.13, 209.3
  8.22,  322.4,   -7.13, 209.3
  8.24,  323.4,   -7.25, 209.3
  8.26,  324.2,   -7.38, 209.3
  8.28,  325.0,   -7.38, 209.3
  8.30,  325.8,   -7.38, 209.3
  8.32,  326.8,   -7.38, 209.3
  8.34,  327.6,   -7.38, 209.3
  8.36,  328.6,   -7.25, 209.3
  8.38,  329.4,   -7.13, 209.3
  8.40,  330.2,   -7.13, 209.3
  8.42,  331.0,   -7.00, 209.3
  8.44,  332.0,   -7.00, 209.3
  8.46,  332.8,   -6.88, 209.3
  8.48,  333.8,   -6.88, 209.3
  8.50,  334.6,   -6.88, 209.3
  8.52,  335.4,   -6.75, 209.3
  8.54,  336.2,   -6.75, 209.3
  8.56,  337.0,   -6.63, 209.3
  8.58,  337.8,   -6.50, 209.3
  8.60,  338.6,   -6.50, 209.3
  8.62,  339.4,   -6.38, 209.3
  8.64,  340.2,   -6.50, 209.3
  8.66,  341.0,   -6.38, 209.3
  8.68,  341.8,   -6.25, 209.3
  8.70,  342.6,   -6.38, 209.3
  8.72,  343.4,   -6.25, 209.3
  8.74,  344.2,   -6.25, 209.3
  8.76,  345.0,   -6.13, 209.3
  8.78,  345.8,   -6.00, 209.3
  8.80,  346.6,   -6.00, 209.3
  8.82,  347.4,   -5.75, 209.3
  8.84,  348.1,   -5.75, 209.3
  8.86,  348.8,   -5.75, 209.3
  8.88,  349.5,   -5.63, 209.3
  8.90,  350.3,   -5.75, 209.3
  8.92,  351.1,   -5.75, 209.3
  8.94,  351.7,   -5.75, 209.3
  8.96,  352.4,   -5.75, 209.3
  8.98,  353.0,   -5.63, 209.3
  9.00,  353.8,   -5.63, 209.3
  9.02,  354.5,   -5.50, 209.3
  9.04,  355.2,   -5.50, 209.3
  9.06,  356.0,   -5.50, 209.3
  9.08,  356.6,   -5.50, 209.3
  9.10,  357.4,   -5.75, 209.3
  9.12,  358.2,   -5.75, 209.3
  9.14,  358.8,   -5.88, 209.3
  9.16,  359.6,   -5.88, 209.3
  9.18,  360.2,   -5.88, 209.3
  9.20,  360.8,   -5.88, 209.3
  9.22,  361.5,   -6.00, 209.3
  9.24,  362.2,   -6.00, 209.3
  9.26,  363.0,   -6.13, 209.3
  9.28,  363.8,   -6.13, 209.3
  9.30,  364.4,   -6.13, 209.3
  9.32,  365.2,   -6.25, 209.3
  9.34,  366.0,   -6.38, 209.3
  9.36,  366.8,   -6.50, 209.3
  9.38,  367.6,   -6.50, 209.3
  9.40,  368.4,   -6.50, 209.3
  9.42,  369.2,   -6.75, 209.3
  9.44,  370.0,   -6.75, 209.3
  9.46,  370.8,   -6.88, 209.3
  9.48,  371.6,   -7.00, 209.3
  9.50,  372.4,   -7.00, 209.3
  9.52,  373.2,   -7.13, 209.3
  9.54,  374.0,   -7.13, 209.3
  9.56,  374.8,   -7.38, 209.3
  9.58,  375.6,   -7.38, 209.3
  9.60,  376.4,   -7.38, 209.3
  9.62,  377.3,   -7.38, 209.3
  9.64,  378.2,   -7.38, 209.3
  9.66,  379.0,   -7.50, 209.3
  9.68,  379.9,   -7.63, 209.3
  9.70,  380.8,   -7.75, 209.3
  9.72,  381.6,   -7.88, 209.3
  9.74,  382.5,   -7.88, 209.3
  9.76,  383.4,   -7.88, 209.3
  9.78,  384.2,   -8.00, 209.3
  9.80,  385.2,   -7.88, 209.3
  9.82,  386.0,   -7.88, 209.3
  9.84,  386.8,   -7.88, 209.3
  9.86,  387.8,   -7.88, 209.3
  9.88,  388.6,   -8.13, 209.3
  9.90,  389.5,   -8.00, 209.3
  9.92,  390.4,   -8.13, 209.3
  9.94,  391.3,   -8.13, 209.3
  9.96,  392.2,   -8.00, 209.3
  9.98,  393.0,   -8.00, 209.3
 10.00,  394.0,   -7.88, 209.3
 10.02,  394.8,   -7.88, 198.2
 10.04,  395.8,   -7.88, 198.2
 10.06,  396.6,   -7.75, 198.2
 10.08,  397.4,   -7.75, 198.2
 10.10,  398.2,   -7.63, 198.2
 10.12,  399.1,   -7.63, 198.2
 10.14,  399.9,   -7.63, 198.2
 10.16,  400.8,   -7.50, 198.2
 10.18,  401.6,   -7.50, 198.2
 10.20,  402.4,   -7.50, 198.2
 10.22,  403.3,   -7.38, 198.2
 10.24,  404.2,   -7.38, 198.2
 10.26,  405.0,   -7.25, 198.2
 10.28,  405.8,   -7.13, 198.2
 10.30,  406.6,   -7.13, 198.2
 10.32,  407.4,   -7.00, 198.2
 10.34,  408.2,   -7.00, 198.2
 10.36,  409.0,   -7.00, 198.2
 10.38,  409.8,   -6.88, 198.2
 10.40,  410.6,   -7.00, 198.2
 10.42,  411.4,   -6.88, 198.2
 10.44,  412.0,   -6.88, 198.2
 10.46,  412.8,   -6.88, 198.2
 10.48,  413.5,   -6.75, 198.2
 10.50,  414.2,   -6.75, 198.2
 10.52,  415.0,   -6.50, 198.2
 10.54,  415.8,   -6.50, 198.2
 10.56,  416.6,   -6.50, 198.2
 10.58,  417.3,   -6.38, 198.2
 10.60,  418.0,   -6.38, 198.2
 10.62,  418.8,   -6.38, 198.2
 10.64,  419.5,   -6.50, 198.2
 10.66,  420.2,   -6.50, 198.2
 10.68,  421.0,   -6.38, 198.2
 10.70,  421.8,   -6.50, 198.2
 10.72,  422.4,   -6.38, 198.2
 10.74,  423.1,   -6.38, 198.2
 10.76,  423.8,   -6.50, 198.2
 10.78,  424.6,   -6.38, 198.2
 10.80,  425.3,   -6.50, 198.2
 10.82,  426.0,   -6.50, 198.2
 10.84,  426.8,   -6.50, 198.2
 10.86,  427.4,   -6.63, 198.2
 10.88,  428.2,   -6.63, 198.2
 10.90,  429.0,   -6.75, 198.2
 10.92,  429.8,   -6.88, 198.2
 10.94,  430.6,   -6.88, 198.2
 10.96,  431.4,   -7.00, 198.2
 10.98,  432.1,   -7.00, 198.2
 11.00,  432.8,   -7.00, 198.2
 11.02,  433.6,   -7.13, 198.2
 11.04,  434.3,   -7.25, 198.2
 11.06,  435.1,   -7.38, 198.2
 11.08,  435.8,   -7.50, 198.2
 11.10,  436.6,   -7.50, 198.2
 11.12,  437.4,   -7.63, 198.2
 11.14,  438.2,   -7.63, 198.2
 11.16,  439.1,   -7.75, 198.2
 11.18,  439.9,   -7.88, 198.2
 11.20,  440.8,   -7.88, 198.2
 11.22,  441.6,   -8.00, 198.2
 11.24,  442.6,   -8.13, 198.2
 11.26,  443.4,   -8.25, 198.2
 11.28,  444.2,   -8.38, 198.2
 11.30,  445.0,   -8.25, 198.2
 11.32,  445.8,   -8.38, 198.2
 11.34,  446.8,   -8.38, 198.2
 11.36,  447.6,   -8.38, 198.2
 11.38,  448.4,   -8.50, 198.2
 11.40,  449.4,   -8.50, 198.2
 11.42,  450.2,   -8.75, 198.2
 11.44,  451.0,   -8.88, 198.2
 11.46,  451.9,   -8.75, 198.2
 11.48,  453.0,   -8.88, 198.2
 11.50,  453.8,   -8.75, 198.2
 11.52,  454.6,   -8.75, 198.2
 11.54,  455.6,   -8.75, 198.2
 11.56,  456.4,   -8.75, 198.2
 11.58,  457.4,   -8.75, 198.2
 11.60,  458.2,   -8.75, 198.2
 11.62,  459.0,   -8.63, 198.2
 11.64,  459.9,   -8.75, 198.2
 11.66,  460.8,   -8.75, 198.2
 11.68,  461.8,   -8.75, 198.2
 11.70,  462.6,   -8.75, 198.2
 11.72,  463.4,   -8.75, 198.2
 11.74,  464.2,   -8.75, 198.2
 11.76,  465.2,   -8.63, 198.2
 11.78,  466.0,   -8.50, 198.2
 11.80,  466.9,   -8.50, 198.2
 11.82,  467.8,   -8.38, 198.2
 11.84,  468.6,   -8.38, 198.2
 11.86,  469.4,   -8.38, 198.2
 11.88,  470.2,   -8.13, 198.2
 11.90,  471.0,   -8.25, 198.2
 11.92,  471.8,   -8.00, 198.2
 11.94,  472.6,   -8.00, 198.2
 11.96,  473.4,   -8.00, 198.2
 11.98,  474.2,   -7.88, 198.2
 12.00,  475.0,   -8.00, 198.2
 12.02,  475.8,   -7.88, 198.2
 12.04,  476.6,   -7.88, 198.2
 12.06,  477.4,   -7.88, 198.2
 12.08,  478.2,   -7.63, 198.2
 12.10,  479.0,   -7.63, 198.2
 12.12,  479.8,   -7.50, 198.2
 12.14,  480.6,   -7.50, 198.2
 12.16,  481.4,   -7.50, 198.2
 12.18,  482.2,   -7.25, 198.2
 12.20,  482.8,   -7.38, 198.2
 12.22,  483.6,   -7.38, 198.2
 12.24,  484.3,   -7.25, 198.2
 12.26,  485.0,   -7.38, 198.2
 12.28,  485.8,   -7.38, 198.2
 12.30,  486.6,   -7.38, 198.2
 12.32,  487.2,   -7.38, 198.2
 12.34,  487.9,   -7.25, 198.2
 12.36,  488.6,   -7.25, 198.2
 12.38,  489.4,   -7.25, 198.2
 12.40,  490.2,   -7.25, 198.2
 12.42,  491.0,   -7.38, 194.3
 12.44,  491.7,   -7.25, 194.3
 12.46,  492.4,   -7.25, 194.3
 12.48,  493.2,   -7.38, 194.3
 12.50,  493.9,   -7.38, 194.3
 12.52,  494.6,   -7.50, 194.3
 12.54,  495.4,   -7.50, 194.3
 12.56,  496.2,   -7.50, 194.3
 12.58,  497.0,   -7.63, 194.3
 12.60,  497.7,   -7.63, 194.3
 12.62,  498.4,   -7.75, 194.3
 12.64,  499.1,   -7.88, 194.3
 12.66,  499.8,   -7.88, 194.3
 12.68,  500.6,   -8.00, 194.3
 12.70,  501.4,   -8.00, 194.3
 12.72,  502.2,   -8.13, 194.3
 12.74,  503.0,   -8.25, 194.3
 12.76,  503.8,   -8.25, 194.3
 12.78,  504.6,   -8.38, 194.3
 12.80,  505.4,   -8.38, 194.3
 12.82,  506.3,   -8.38, 194.3
 12.84,  507.2,   -8.63, 194.3
 12.86,  508.0,   -8.63, 194.3
 12.88,  508.9,   -8.75, 194.3
 12.90,  509.8,   -9.00, 194.3
 12.92,  510.6,   -9.00, 194.3
 12.94,  511.4,   -9.13, 194.3
 12.96,  512.2,   -9.13, 194.3
 12.98,  513.0,   -9.00, 194.3
 13.00,  513.8,   -9.13, 194.3
 13.02,  514.8,   -9.13, 194.3
 13.04,  515.6,   -9.13, 194.3
 13.06,  516.6,   -9.38, 194.3
 13.08,  517.4,   -9.50, 194.3
 13.10,  518.2,   -9.63, 194.3
 13.12,  519.2,   -9.63, 194.3
 13.14,  520.2,   -9.63, 194.3
 13.16,  521.0,   -9.63, 194.3
 13.18,  521.8,   -9.50, 194.3
 13.20,  522.8,   -9.50, 194.3
 13.22,  523.6,   -9.63, 194.3
 13.24,  524.6,   -9.50, 194.3
 13.26,  525.4,   -9.50, 194.3
 13.28,  526.2,   -9.50, 194.3
 13.30,  527.0,   -9.63, 194.3
 13.32,  528.0,   -9.63, 194.3
 13.34,  529.0,   -9.50, 194.3
 13.36,  529.8,   -9.50, 194.3
 13.38,  530.6,   -9.50, 194.3
 13.40,  531.6,   -9.38, 194.3
 13.42,  532.4,   -9.38, 194.3
 13.44,  533.3,   -9.25, 194.3
 13.46,  534.2,   -9.25, 194.3
 13.48,  535.0,   -9.25, 194.3
 13.50,  535.8,   -9.13, 194.3
 13.52,  536.6,   -9.13, 194.3
 13.54,  537.4,   -9.00, 194.3
 13.56,  538.3,   -8.88, 194.3
 13.58,  539.2,   -8.88, 194.3
 13.60,  540.0,   -8.88, 194.3
 13.62,  540.8,   -8.88, 194.3
 13.64,  541.6,   -8.75, 194.3
 13.66,  542.4,   -8.63, 194.3
 13.68,  543.2,   -8.63, 194.3
 13.70,  544.0,   -8.63, 194.3
 13.72,  544.8,   -8.63, 194.3
 13.74,  545.6,   -8.63, 194.3
 13.76,  546.4,   -8.50, 194.3
 13.78,  547.2,   -8.50, 194.3
 13.80,  548.0,   -8.38, 194.3
 13.82,  548.6,   -8.38, 194.3
 13.84,  549.4,   -8.25, 194.3
 13.86,  550.2,   -8.13, 194.3
 13.88,  551.0,   -8.13, 194.3
 13.90,  551.7,   -8.13, 194.3
 13.92,  552.4,   -8.00, 194.3
 13.94,  553.2,   -8.13, 194.3
 13.96,  553.9,   -8.13, 194.3
 13.98,  554.7,   -8.00, 194.3
 14.00,  555.4,   -8.13, 194.3
 14.02,  556.2,   -8.13, 194.3
 14.04,  557.0,   -8.13, 194.3
 14.06,  557.7,   -8.25, 194.3
 14.08,  558.4,   -8.25, 194.3
 14.10,  559.2,   -8.25, 194.3
 14.12,  560.0,   -8.25, 194.3
 14.14,  560.6,   -8.25, 194.3
 14.16,  561.4,   -8.38, 194.3
 14.18,  562.2,   -8.25, 194.3
 14.20,  562.9,   -8.38, 194.3
 14.22,  563.6,   -8.38, 194.3
 14.24,  564.4,   -8.38, 194.3
 14.26,  565.2,   -8.50, 194.3
 14.28,  565.9,   -8.63, 194.3
 14.30,  566.7,   -8.63, 194.3
 14.32,  567.5,   -8.75, 194.3
 14.34,  568.3,   -8.75, 194.3
 14.36,  569.1,   -8.88, 194.3
 14.38,  569.9,   -9.00, 194.3
 14.40,  570.7,   -9.00, 194.3
 14.42,  571.5,   -9.13, 194.3
 14.44,  572.3,   -9.25, 194.3
 14.46,  573.1,   -9.38, 194.3
 14.48,  573.9,   -9.50, 194.3
 14.50,  574.7,   -9.50, 194.3
 14.52,  575.6,   -9.63, 194.3
 14.54,  576.4,   -9.63, 194.3
 14.56,  577.2,   -9.63, 194.3
 14.58,  578.0,   -9.75, 194.3
 14.60,  578.8,   -9.75, 194.3
 14.62,  579.7,   -9.75, 194.3
 14.64,  580.6,  -10.00, 194.3
 14.66,  581.5,  -10.00, 194.3
 14.68,  582.4,  -10.13, 194.3
 14.70,  583.2,  -10.25, 194.3
 14.72,  584.2,  -10.25, 194.3
 14.74,  585.0,  -10.25, 194.3
 14.76,  585.9,  -10.13, 194.3
 14.78,  586.8,  -10.13, 194.3
 14.80,  587.6,  -10.13, 194.3
 14.82,  588.4,  -10.25, 189.9
 14.84,  589.4,  -10.38, 189.9
 14.86,  590.3,  -10.50, 189.9
 14.88,  591.2,  -10.50, 189.9
 14.90,  592.0,  -10.50, 189.9
 14.92,  593.0,  -10.50, 189.9
 14.94,  593.9,  -10.38, 189.9
 14.96,  594.8,  -10.38, 189.9
 14.98,  595.6,  -10.13, 189.9
 15.00,  596.4,  -10.25, 189.9
 15.02,  597.4,  -10.25, 189.9
 15.04,  598.3,  -10.13, 189.9
 15.06,  599.2,  -10.25, 189.9
 15.08,  600.0,  -10.13, 189.9
 15.10,  600.9,  -10.25, 189.9
 15.12,  601.8,  -10.25, 189.9
 15.14,  602.7,  -10.13, 189.9
 15.16,  603.5,  -10.13, 189.9
 15.18,  604.3,  -10.13, 189.9
 15.20,  605.2,  -10.00, 189.9
 15.22,  606.0,  -10.00, 189.9
 15.24,  606.8,   -9.88, 189.9
 15.26,  607.6,   -9.88, 189.9
 15.28,  608.4,   -9.88, 189.9
 15.30,  609.2,   -9.75, 189.9
 15.32,  610.1,   -9.75, 189.9
 15.34,  611.0,   -9.63, 189.9
 15.36,  611.8,   -9.50, 189.9
 15.38,  612.6,   -9.50, 189.9
 15.40,  613.4,   -9.38, 189.9
 15.42,  614.1,   -9.38, 189.9
 15.44,  614.8,   -9.38, 189.9
 15.46,  615.6,   -9.13, 189.9
 15.48,  616.4,   -9.13, 189.9
 15.50,  617.2,   -9.13, 189.9
 15.52,  618.0,   -9.00, 189.9
 15.54,  618.8,   -9.00, 189.9
 15.56,  619.6,   -8.88, 189.9
 15.58,  620.3,   -8.88, 189.9
 15.60,  621.1,   -9.00, 189.9
 15.62,  621.9,   -9.00, 189.9
 15.64,  622.7,   -9.00, 189.9
 15.66,  623.3,   -9.00, 189.9
 15.68,  624.0,   -9.00, 189.9
 15.70,  624.8,   -9.00, 189.9
 15.72,  625.6,   -9.00, 189.9
 15.74,  626.4,   -9.00, 189.9
 15.76,  627.1,   -9.00, 189.9
 15.78,  627.8,   -9.00, 189.9
 15.80,  628.4,   -9.13, 189.9
 15.82,  629.1,   -9.13, 189.9
 15.84,  629.9,   -9.00, 189.9
 15.86,  630.7,   -9.13, 189.9
 15.88,  631.5,   -9.13, 189.9
 15.90,  632.3,   -9.13, 189.9
 15.92,  633.0,   -9.25, 189.9
 15.94,  633.8,   -9.25, 189.9
 15.96,  634.6,   -9.38, 189.9
 15.98,  635.4,   -9.38, 189.9
 16.00,  636.2,   -9.38, 189.9
 16.02,  637.0,   -9.50, 189.9
 16.04,  637.8,   -9.63, 189.9
 16.06,  638.6,   -9.63, 189.9
 16.08,  639.3,   -9.88, 189.9
 16.10,  640.1,   -9.88, 189.9
 16.12,  640.9,  -10.13, 189.9
 16.14,  641.8,  -10.13, 189.9
 16.16,  642.6,  -10.25, 189.9
 16.18,  643.4,  -10.38, 189.9
 16.20,  644.2,  -10.38, 189.9
 16.22,  645.1,  -10.50, 189.9
 16.24,  645.9,  -10.50, 189.9
 16.26,  646.7,  -10.50, 189.9
 16.28,  647.5,  -10.50, 189.9
 16.30,  648.4,  -10.50, 189.9
 16.32,  649.3,  -10.63, 189.9
 16.34,  650.3,  -10.88, 189.9
 16.36,  651.1,  -10.88, 189.9
 16.38,  651.9,  -11.00, 189.9
 16.40,  652.7,  -11.13, 189.9
 16.42,  653.7,  -11.00, 189.9
 16.44,  654.6,  -11.13, 189.9
 16.46,  655.5,  -11.00, 189.9
 16.48,  656.3,  -11.00, 189.9
 16.50,  657.1,  -11.13, 189.9
 16.52,  658.1,  -11.25, 189.9
 16.54,  659.1,  -11.25, 189.9
 16.56,  659.9,  -11.38, 189.9
 16.58,  660.7,  -11.25, 189.9
 16.60,  661.8,  -11.25, 189.9
 16.62,  662.7,  -11.13, 189.9
 16.64,  663.5,  -11.00, 189.9
 16.66,  664.3,  -11.00, 189.9
 16.68,  665.3,  -11.00, 189.9
 16.70,  666.2,  -11.00, 189.9
 16.72,  667.1,  -11.13, 189.9
 16.74,  667.9,  -11.13, 189.9
 16.76,  668.7,  -11.13, 189.9
 16.78,  669.7,  -11.13, 189.9
 16.80,  670.6,  -11.00, 189.9
 16.82,  671.5,  -11.13, 189.9
 16.84,  672.3,  -11.00, 189.9
 16.86,  673.1,  -10.88, 189.9
 16.88,  673.9,  -10.88, 189.9
 16.90,  674.8,  -10.75, 189.9
 16.92,  675.7,  -10.75, 189.9
 16.94,  676.5,  -10.63, 189.9
 16.96,  677.5,  -10.50, 189.9
 16.98,  678.3,  -10.50, 189.9
 17.00,  679.1,  -10.38, 189.9
 17.02,  679.9,  -10.38, 189.9
 17.04,  680.7,  -10.50, 189.9
 17.06,  681.5,  -10.38, 189.9
 17.08,  682.3,  -10.38, 189.9
 17.10,  683.1,  -10.38, 189.9
 17.12,  683.9,  -10.13, 189.9
 17.14,  684.7,  -10.25, 189.9
 17.16,  685.5,  -10.13, 189.9
 17.18,  686.3,  -10.00, 189.9
 17.20,  687.0,  -10.00, 189.9
 17.22,  687.8,   -9.88, 189.9
 17.24,  688.5,  -10.00, 189.9
 17.26,  689.3,  -10.00, 189.9
 17.28,  690.1,   -9.88, 189.9
 17.30,  690.9,   -9.88, 189.9
 17.32,  691.5,   -9.75, 189.9
 17.34,  692.3,   -9.75, 189.9
 17.36,  693.1,   -9.75, 189.9
 17.38,  693.9,   -9.63, 189.9
 17.40,  694.7,   -9.63, 189.9
 17.42,  695.4,   -9.75, 189.9
 17.44,  696.1,   -9.75, 189.9
 17.46,  696.9,   -9.88, 189.9
 17.48,  697.6,   -9.88, 189.9
 17.50,  698.3,   -9.88, 189.9
 17.52,  699.1,  -10.00, 189.9
 17.54,  699.9,  -10.00, 189.9
 17.56,  700.7,  -10.00, 189.9
 17.58,  701.5,  -10.25, 189.9
 17.60,  702.3,  -10.25, 189.9
 17.62,  703.1,  -10.38, 185.5
 17.64,  703.9,  -10.38, 185.5
 17.66,  704.7,  -10.38, 185.5
 17.68,  705.4,  -10.50, 185.5
 17.70,  706.2,  -10.50, 185.5
 17.72,  707.0,  -10.50, 185.5
 17.74,  707.8,  -10.63, 185.5
 17.76,  708.5,  -10.50, 185.5
 17.78,  709.3,  -10.63, 185.5
 17.80,  710.1,  -10.75, 185.5
 17.82,  710.9,  -10.75, 185.5
 17.84,  711.8,  -11.00, 185.5
 17.86,  712.6,  -11.00, 185.5
 17.88,  713.4,  -11.13, 185.5
 17.90,  714.2,  -11.25, 185.5
 17.92,  715.2,  -11.38, 185.5
 17.94,  716.0,  -11.50, 185.5
 17.96,  716.9,  -11.50, 185.5
 17.98,  717.8,  -11.38, 185.5
 18.00,  718.6,  -11.50, 185.5
 18.02,  719.4,  -11.50, 185.5
 18.04,  720.3,  -11.50, 185.5
 18.06,  721.2,  -11.75, 185.5
 18.08,  722.1,  -11.75, 185.5
 18.10,  723.0,  -11.88, 185.5
 18.12,  723.8,  -12.00, 185.5
 18.14,  724.8,  -11.88, 185.5
 18.16,  725.6,  -11.88, 185.5
 18.18,  726.6,  -11.88, 185.5
 18.20,  727.4,  -11.88, 185.5
 18.22,  728.4,  -12.00, 185.5
 18.24,  729.2,  -12.00, 185.5
 18.26,  730.2,  -12.00, 185.5
 18.28,  731.0,  -12.13, 185.5
 18.30,  732.0,  -12.00, 185.5
 18.32,  732.8,  -12.00, 185.5
 18.34,  733.8,  -11.88, 185.5
 18.36,  734.6,  -11.75, 185.5
 18.38,  735.5,  -11.88, 185.5
 18.40,  736.4,  -11.88, 185.5
 18.42,  737.2,  -11.88, 185.5
 18.44,  738.1,  -12.00, 185.5
 18.46,  739.0,  -11.88, 185.5
 18.48,  740.0,  -11.88, 185.5
 18.50,  740.8,  -11.88, 185.5
 18.52,  741.7,  -11.75, 185.5
 18.54,  742.6,  -11.75, 185.5
 18.56,  743.4,  -11.63, 185.5
 18.58,  744.3,  -11.50, 185.5
 18.60,  745.2,  -11.50, 185.5
 18.62,  746.0,  -11.38, 185.5
 18.64,  746.8,  -11.38, 185.5
 18.66,  747.6,  -11.38, 185.5
 18.68,  748.5,  -11.13, 185.5
 18.70,  749.3,  -11.25, 185.5
 18.72,  750.1,  -11.13, 185.5
 18.74,  750.9,  -11.13, 185.5
 18.76,  751.7,  -11.13, 185.5
 18.78,  752.5,  -11.00, 185.5
 18.80,  753.3,  -11.00, 185.5
 18.82,  754.1,  -11.00, 185.5
 18.84,  754.9,  -10.88, 185.5
 18.86,  755.7,  -11.00, 185.5
 18.88,  756.5,  -11.00, 185.5
 18.90,  757.3,  -10.88, 185.5
 18.92,  758.1,  -10.88, 185.5
 18.94,  758.9,  -10.75, 185.5
 18.96,  759.6,  -10.75, 185.5
 18.98,  760.4,  -10.75, 185.5
 19.00,  761.2,  -10.63, 185.5
 19.02,  762.0,  -10.63, 185.5
 19.04,  762.8,  -10.75, 185.5
 19.06,  763.4,  -10.50, 185.5
 19.08,  764.2,  -10.63, 185.5
 19.10,  765.0,  -10.63, 185.5
 19.12,  765.8,  -10.63, 185.5
 19.14,  766.6,  -10.75, 185.5
 19.16,  767.3,  -10.63, 185.5
 19.18,  768.1,  -10.63, 185.5
 19.20,  768.8,  -10.75, 185.5
 19.22,  769.6,  -10.75, 185.5
 19.24,  770.4,  -10.75, 185.5
 19.26,  771.2,  -10.88, 185.5
 19.28,  772.0,  -10.88, 185.5
 19.30,  772.8,  -11.00, 185.5
 19.32,  773.6,  -11.00, 185.5
 19.34,  774.4,  -11.00, 185.5
 19.36,  775.2,  -11.13, 185.5
 19.38,  776.0,  -11.13, 185.5
 19.40,  776.8,  -11.25, 185.5
 19.42,  777.6,  -11.38, 185.5
 19.44,  778.4,  -11.50, 185.5
 19.46,  779.2,  -11.63, 185.5
 19.48,  780.0,  -11.75, 185.5
 19.50,  780.8,  -11.75, 185.5
 19.52,  781.6,  -11.88, 185.5
 19.54,  782.4,  -11.88, 185.5
 19.56,  783.4,  -11.88, 185.5
 19.58,  784.2,  -12.00, 185.5
 19.60,  785.0,  -11.88, 185.5
 19.62,  786.0,  -12.00, 185.5
 19.64,  786.8,  -12.13, 185.5
 19.66,  787.6,  -12.13, 185.5
 19.68,  788.4,  -12.38, 185.5
 19.70,  789.3,  -12.50, 185.5
 19.72,  790.2,  -12.50, 185.5
 19.74,  791.2,  -12.50, 185.5
 19.76,  792.0,  -12.38, 185.5
 19.78,  792.8,  -12.50, 185.5
 19.80,  793.8,  -12.63, 185.5
 19.82,  794.8,  -12.50, 185.5
 19.84,  795.6,  -12.75, 185.5
 19.86,  796.4,  -12.88, 185.5
 19.88,  797.4,  -12.75, 185.5
 19.90,  798.4,  -12.88, 185.5
 19.92,  799.2,  -12.75, 185.5
 19.94,  800.0,  -12.63, 185.5
 19.96,  801.0,  -12.75, 185.5
 19.98,  802.0,  -12.63, 185.5
 20.00,  802.8,  -12.75, 185.5
 20.02,  803.6,  -12.88, 185.5
 20.04,  804.5,  -12.88, 185.5
 20.06,  805.5,  -12.88, 185.5
 20.08,  806.4,  -12.75, 185.5
 20.10,  807.2,  -12.63, 185.5
 20.12,  808.2,  -12.75, 185.5
 20.14,  809.0,  -12.63, 185.5
 20.16,  810.0,  -12.50, 185.5
 20.18,  810.8,  -12.50, 185.5
 20.20,  811.6,  -12.38, 185.5
 20.22,  812.5,  -12.38, 185.5
 20.24,  813.4,  -12.38, 185.5
 20.26,  814.4,  -12.25, 185.5
 20.28,  815.2,  -12.25, 185.5
 20.30,  816.0,  -12.25, 185.5
 20.32,  816.8,  -12.13, 185.5
 20.34,  817.6,  -12.25, 185.5
 20.36,  818.4,  -12.13, 185.5
 20.38,  819.2,  -12.13, 185.5
 20.40,  820.1,  -12.13, 185.5
 20.42,  821.0,  -12.00, 185.5
 20.44,  821.8,  -12.13, 185.5
 20.46,  822.6,  -12.00, 185.5
 20.48,  823.4,  -11.88, 185.5
 20.50,  824.2,  -11.88, 185.5
 20.52,  825.1,  -11.75, 185.5
 20.54,  825.9,  -11.50, 185.5
 20.56,  826.7,  -11.63, 185.5
 20.58,  827.4,  -11.50, 185.5
 20.60,  828.2,  -11.50, 185.5
 20.62,  829.0,  -11.50, 185.5
 20.64,  829.8,  -11.38, 185.5
 20.66,  830.4,  -11.50, 185.5
 20.68,  831.2,  -11.50, 185.5
 20.70,  832.0,  -11.50, 185.5
 20.72,  832.8,  -11.50, 185.5
 20.74,  833.6,  -11.50, 185.5
 20.76,  834.4,  -11.50, 185.5
 20.78,  835.2,  -11.50, 185.5
 20.80,  836.0,  -11.50, 185.5
 20.82,  836.8,  -11.50, 185.5
 20.84,  837.6,  -11.50, 185.5
 20.86,  838.4,  -11.50, 185.5
 20.88,  839.1,  -11.63, 185.5
 20.90,  839.8,  -11.63, 185.5
 20.92,  840.6,  -11.63, 185.5
 20.94,  841.4,  -11.75, 185.5
 20.96,  842.1,  -11.75, 185.5
 20.98,  842.8,  -11.75, 185.5
 21.00,  843.6,  -11.88, 185.5
 21.02,  844.4,  -11.88, 185.5
 21.04,  845.2,  -12.00, 185.5
 21.06,  846.0,  -12.00, 185.5
 21.08,  846.8,  -12.00, 185.5
 21.10,  847.6,  -12.13, 185.5
 21.12,  848.4,  -12.25, 185.5
 21.14,  849.4,  -12.25, 185.5
 21.16,  850.2,  -12.38, 185.5
 21.18,  851.1,  -12.38, 185.5
 21.20,  852.0,  -12.50, 185.5
 21.22,  852.8,  -12.63, 185.5
 21.24,  853.6,  -12.63, 185.5
 21.26,  854.4,  -12.75, 185.5
 21.28,  855.2,  -12.88, 185.5
 21.30,  856.0,  -12.88, 185.5
 21.32,  856.9,  -13.00, 185.5
 21.34,  857.8,  -13.00, 185.5
 21.36,  858.7,  -13.00, 185.5
 21.38,  859.6,  -13.13, 185.5
 21.40,  860.4,  -13.25, 185.5
 21.42,  861.2,  -13.38, 185.5
 21.44,  862.2,  -13.50, 185.5
 21.46,  863.2,  -13.38, 185.5
 21.48,  864.0,  -13.38, 185.5
 21.50,  864.8,  -13.50, 185.5
 21.52,  865.8,  -13.38, 185.5
 21.54,  866.8,  -13.50, 185.5
 21.56,  867.6,  -13.50, 185.5
 21.58,  868.4,  -13.63, 185.5
 21.60,  869.4,  -13.75, 185.5
 21.62,  870.4,  -13.63, 185.5
 21.64,  871.2,  -13.50, 185.5
 21.66,  872.0,  -13.50, 185.5
 21.68,  873.0,  -13.50, 185.5
 21.70,  873.9,  -13.50, 185.5
 21.72,  874.8,  -13.63, 185.5
 21.74,  875.6,  -13.63, 185.5
 21.76,  876.6,  -13.75, 185.5
 21.78,  877.6,  -13.63, 185.5
 21.80,  878.4,  -13.50, 185.5
 21.82,  879.2,  -13.50, 185.5
 21.84,  880.2,  -13.50, 185.5
 21.86,  881.1,  -13.38, 185.5
 21.88,  882.0,  -13.38, 185.5
 21.90,  882.8,  -13.25, 185.5
 21.92,  883.6,  -13.13, 185.5
 21.94,  884.5,  -13.13, 185.5
 21.96,  885.4,  -13.00, 185.5
 21.98,  886.2,  -13.00, 185.5
 22.00,  887.2,  -13.00, 185.5
 22.02,  888.0,  -13.00, 185.5
 22.04,  888.8,  -13.13, 185.5
 22.06,  889.6,  -13.00, 185.5
 22.08,  890.4,  -13.00, 185.5
 22.10,  891.2,  -13.00, 185.5
 22.12,  892.1,  -12.88, 185.5
 22.14,  893.0,  -12.88, 185.5
 22.16,  893.8,  -12.88, 185.5
 22.18,  894.6,  -12.63, 185.5
 22.20,  895.4,  -12.63, 185.5
 22.22,  896.2,  -12.50, 185.5
 22.24,  897.0,  -12.38, 185.5
 22.26,  897.8,  -12.38, 185.5
 22.28,  898.6,  -12.38, 185.5
 22.30,  899.4,  -12.38, 185.5
 22.32,  900.2,  -12.38, 185.5
 22.34,  900.9,  -12.25, 185.5
 22.36,  901.6,  -12.25, 185.5
 22.38,  902.4,  -12.38, 185.5
 22.40,  903.2,  -12.25, 185.5
 22.42,  904.0,  -12.25, 181.1
 22.44,  904.8,  -12.25, 181.1
 22.46,  905.6,  -12.25, 181.1
 22.48,  906.4,  -12.38, 181.1
 22.50,  907.2,  -12.38, 181.1
 22.52,  908.0,  -12.38, 181.1
 22.54,  908.8,  -12.38, 181.1
 22.56,  909.6,  -12.38, 181.1
 22.58,  910.3,  -12.38, 181.1
 22.60,  911.0,  -12.50, 181.1
 22.62,  911.8,  -12.38, 181.1
 22.64,  912.6,  -12.50, 181.1
 22.66,  913.4,  -12.63, 181.1
 22.68,  914.2,  -12.50, 181.1
 22.70,  915.0,  -12.63, 181.1
 22.72,  915.8,  -12.75, 181.1
 22.74,  916.6,  -12.75, 181.1
 22.76,  917.4,  -12.88, 181.1
 22.78,  918.2,  -12.88, 181.1
 22.80,  919.0,  -13.00, 181.1
 22.82,  919.8,  -13.13, 181.1
 22.84,  920.6,  -13.13, 181.1
 22.86,  921.5,  -13.25, 181.1
 22.88,  922.4,  -13.38, 181.1
 22.90,  923.2,  -13.50, 181.1
 22.92,  924.0,  -13.63, 181.1
 22.94,  924.8,  -13.75, 181.1
 22.96,  925.7,  -13.63, 181.1
 22.98,  926.5,  -13.75, 181.1
 23.00,  927.4,  -13.75, 181.1
 23.02,  928.2,  -13.63, 181.1
 23.04,  929.0,  -13.88, 181.1
 23.06,  930.0,  -14.00, 181.1
 23.08,  930.8,  -14.00, 181.1
 23.10,  931.8,  -14.25, 181.1
 23.12,  932.6,  -14.13, 181.1
 23.14,  933.6,  -14.25, 181.1
 23.16,  934.4,  -14.13, 181.1
 23.18,  935.3,  -14.13, 181.1
 23.20,  936.2,  -14.25, 181.1
 23.22,  937.1,  -14.38, 181.1
 23.24,  938.0,  -14.38, 181.1
 23.26,  938.9,  -14.50, 181.1
 23.28,  939.8,  -14.50, 181.1
 23.30,  940.6,  -14.50, 181.1
 23.32,  941.6,  -14.38, 181.1
 23.34,  942.5,  -14.38, 181.1
 23.36,  943.4,  -14.38, 181.1
 23.38,  944.2,  -14.50, 181.1
 23.40,  945.2,  -14.50, 181.1
 23.42,  946.1,  -14.50, 181.1
 23.44,  947.0,  -14.63, 181.1
 23.46,  947.9,  -14.50, 181.1
 23.48,  948.9,  -14.38, 181.1
 23.50,  949.7,  -14.38, 181.1
 23.52,  950.5,  -14.25, 181.1
 23.54,  951.3,  -14.25, 181.1
 23.56,  952.3,  -14.13, 181.1
 23.58,  953.2,  -14.13, 181.1
 23.60,  954.1,  -14.25, 181.1
 23.62,  954.9,  -14.13, 181.1
 23.64,  955.7,  -14.13, 181.1
 23.66,  956.6,  -14.25, 181.1
 23.68,  957.4,  -14.13, 181.1
 23.70,  958.3,  -14.13, 181.1
 23.72,  959.1,  -14.13, 181.1
 23.74,  960.0,  -14.00, 181.1
 23.76,  960.8,  -14.00, 181.1
 23.78,  961.6,  -14.00, 181.1
 23.80,  962.4,  -13.88, 181.1
 23.82,  963.3,  -13.88, 181.1
 23.84,  964.2,  -13.88, 181.1
 23.86,  965.0,  -13.75, 181.1
 23.88,  965.8,  -13.75, 181.1
 23.90,  966.6,  -13.50, 181.1
 23.92,  967.5,  -13.50, 181.1
 23.94,  968.2,  -13.50, 181.1
 23.96,  969.1,  -13.50, 181.1
 23.98,  969.8,  -13.50, 181.1
 24.00,  970.6,  -13.50, 181.1
 24.02,  971.4,  -13.50, 181.1
 24.04,  972.2,  -13.50, 181.1
 24.06,  973.0,  -13.50, 181.1
 24.08,  973.8,  -13.38, 181.1
 24.10,  974.6,  -13.38, 181.1
 24.12,  975.4,  -13.38, 181.1
 24.14,  976.1,  -13.25, 181.1
 24.16,  976.9,  -13.38, 181.1
 24.18,  977.7,  -13.38, 181.1
 24.20,  978.4,  -13.38, 181.1
 24.22,  979.2,  -13.50, 181.1
 24.24,  980.0,  -13.38, 181.1
 24.26,  980.8,  -13.50, 181.1
 24.28,  981.6,  -13.50, 181.1
 24.30,  982.4,  -13.50, 181.1
 24.32,  983.2,  -13.63, 181.1
 24.34,  984.0,  -13.63, 181.1
 24.36,  984.8,  -13.63, 181.1
 24.38,  985.6,  -13.75, 181.1
 24.40,  986.4,  -13.75, 181.1
 24.42,  987.2,  -13.75, 181.1
 24.44,  988.0,  -14.00, 181.1
 24.46,  988.8,  -14.00, 181.1
 24.48,  989.6,  -14.00, 181.1
 24.50,  990.4,  -14.13, 181.1
 24.52,  991.2,  -14.00, 181.1
 24.54,  992.0,  -14.13, 181.1
 24.56,  992.8,  -14.13, 181.1
 24.58,  993.8,  -14.13, 181.1
 24.60,  994.6,  -14.13, 181.1
 24.62,  995.5,  -14.13, 181.1
 24.64,  996.3,  -14.25, 181.1
 24.66,  997.2,  -14.50, 181.1
 24.68,  998.0,  -14.63, 181.1
 24.70,  998.8,  -14.75, 181.1
 24.72,  999.6,  -14.88, 181.1
 24.74, 1000.5,  -14.88, 181.1
 24.76, 1001.5,  -14.75, 181.1
 24.78, 1002.4,  -14.88, 181.1
 24.80, 1003.2,  -14.88, 181.1
 24.82, 1004.0,  -15.00, 181.1
 24.84, 1005.0,  -15.13, 181.1
 24.86, 1006.0,  -15.13, 181.1
 24.88, 1006.8,  -15.25, 181.1
 24.90, 1007.6,  -15.25, 181.1
 24.92, 1008.7,  -15.13, 181.1
 24.94, 1009.6,  -15.13, 181.1
 24.96, 1010.4,  -15.13, 181.1
 24.98, 1011.2,  -15.25, 181.1
 25.00, 1012.2,  -15.50, 181.1
 25.02, 1013.1,  -15.38, 181.1
 25.04, 1014.0,  -15.38, 181.1
 25.06, 1014.8,  -15.38, 181.1
 25.08, 1015.9,  -15.13, 181.1
 25.10, 1016.8,  -15.25, 181.1
 25.12, 1017.6,  -15.38, 181.1
 25.14, 1018.5,  -15.38, 181.1
 25.16, 1019.5,  -15.50, 181.1
 25.18, 1020.4,  -15.50, 181.1
 25.20, 1021.2,  -15.38, 181.1
 25.22, 1022.2,  -15.38, 181.1
 25.24, 1023.2,  -15.25, 181.1
 25.26, 1024.0,  -15.13, 181.1
 25.28, 1024.8,  -15.00, 181.1
 25.30, 1025.6,  -14.88, 181.1
 25.32, 1026.6,  -15.00, 181.1
 25.34, 1027.6,  -15.13, 181.1
 25.36, 1028.4,  -15.00, 181.1
 25.38, 1029.2,  -15.00, 181.1
 25.40, 1030.0,  -15.00, 181.1
 25.42, 1031.0,  -15.00, 181.1
 25.44, 1031.9,  -15.00, 181.1
 25.46, 1032.8,  -15.00, 181.1
 25.48, 1033.6,  -14.88, 181.1
 25.50, 1034.4,  -14.88, 181.1
 25.52, 1035.2,  -14.75, 181.1
 25.54, 1036.0,  -14.63, 181.1
 25.56, 1036.8,  -14.75, 181.1
 25.58, 1037.8,  -14.63, 181.1
 25.60, 1038.6,  -14.50, 181.1
 25.62, 1039.4,  -14.63, 181.1
 25.64, 1040.2,  -14.50, 181.1
 25.66, 1041.0,  -14.38, 181.1
 25.68, 1041.8,  -14.50, 181.1
 25.70, 1042.6,  -14.38, 181.1
 25.72, 1043.4,  -14.38, 181.1
 25.74, 1044.2,  -14.38, 181.1
 25.76, 1045.0,  -14.38, 181.1
 25.78, 1045.8,  -14.38, 181.1
 25.80, 1046.6,  -14.38, 181.1
 25.82, 1047.4,  -14.38, 181.1
 25.84, 1048.2,  -14.38, 181.1
 25.86, 1049.0,  -14.38, 181.1
 25.88, 1049.8,  -14.25, 181.1
 25.90, 1050.6,  -14.38, 181.1
 25.92, 1051.4,  -14.38, 181.1
 25.94, 1052.2,  -14.25, 181.1
 25.96, 1053.0,  -14.38, 181.1
 25.98, 1053.8,  -14.38, 181.1
 26.00, 1054.5,  -14.38, 181.1
 26.02, 1055.2,  -14.50, 181.1
 26.04, 1056.0,  -14.50, 181.1
 26.06, 1056.8,  -14.63, 181.1
 26.08, 1057.6,  -14.63, 181.1
 26.10, 1058.5,  -14.63, 181.1
 26.12, 1059.3,  -14.75, 181.1
 26.14, 1060.2,  -14.75, 181.1
 26.16, 1061.0,  -14.63, 181.1
 26.18, 1061.8,  -14.75, 181.1
 26.20, 1062.6,  -14.75, 181.1
 26.22, 1063.4,  -14.75, 181.1
 26.24, 1064.3,  -14.88, 181.1
 26.26, 1065.1,  -14.88, 181.1
 26.28, 1065.9,  -15.00, 181.1
 26.30, 1066.7,  -15.13, 181.1
 26.32, 1067.5,  -15.25, 181.1
 26.34, 1068.3,  -15.38, 181.1
 26.36, 1069.3,  -15.50, 181.1
 26.38, 1070.1,  -15.38, 181.1
 26.40, 1071.0,  -15.38, 181.1
 26.42, 1071.9,  -15.50, 181.1
 26.44, 1072.7,  -15.50, 181.1
 26.46, 1073.6,  -15.75, 181.1
 26.48, 1074.5,  -15.88, 181.1
 26.50, 1075.4,  -15.88, 181.1
 26.52, 1076.2,  -16.00, 181.1
 26.54, 1077.2,  -15.88, 181.1
 26.56, 1078.0,  -15.88, 181.1
 26.58, 1079.0,  -15.88, 181.1
 26.60, 1079.8,  -15.88, 181.1
 26.62, 1080.8,  -16.00, 181.1
 26.64, 1081.6,  -16.13, 181.1
 26.66, 1082.6,  -16.13, 181.1
 26.68, 1083.4,  -16.13, 181.1
 26.70, 1084.4,  -16.13, 181.1
 26.72, 1085.2,  -16.00, 181.1
 26.74, 1086.2,  -16.13, 181.1
 26.76, 1087.0,  -16.38, 181.1
 26.78, 1088.0,  -16.25, 181.1
 26.80, 1088.9,  -16.38, 181.1
 26.82, 1089.8,  -16.25, 181.1
 26.84, 1090.8,  -16.13, 181.1
 26.86, 1091.7,  -16.13, 181.1
 26.88, 1092.6,  -16.00, 181.1
 26.90, 1093.5,  -16.00, 181.1
 26.92, 1094.4,  -16.13, 181.1
 26.94, 1095.3,  -16.13, 181.1
 26.96, 1096.2,  -16.13, 181.1
 26.98, 1097.1,  -16.13, 181.1
 27.00, 1098.0,  -16.00, 181.1
 27.02, 1098.9,  -15.88, 181.1
 27.04, 1099.8,  -15.88, 181.1
 27.06, 1100.6,  -15.75, 181.1
 27.08, 1101.5,  -15.75, 181.1
 27.10, 1102.4,  -15.75, 181.1
 27.12, 1103.2,  -15.75, 181.1
 27.14, 1104.1,  -15.75, 181.1
 27.16, 1105.0,  -15.75, 181.1
 27.18, 1105.8,  -15.63, 181.1
 27.20, 1106.7,  -15.63, 181.1
 27.22, 1107.5,  -15.50, 185.5
 27.24, 1108.3,  -15.50, 185.5
 27.26, 1109.2,  -15.50, 185.5
 27.28, 1110.1,  -15.38, 185.5
 27.30, 1110.9,  -15.38, 185.5
 27.32, 1111.7,  -15.50, 185.5
 27.34, 1112.5,  -15.25, 185.5
 27.36, 1113.3,  -15.25, 185.5
 27.38, 1114.1,  -15.38, 185.5
 27.40, 1114.9,  -15.25, 185.5
 27.42, 1115.7,  -15.25, 185.5
 27.44, 1116.5,  -15.38, 185.5
 27.46, 1117.3,  -15.25, 185.5
 27.48, 1118.1,  -15.25, 185.5
 27.50, 1119.0,  -15.25, 185.5
 27.52, 1119.8,  -15.13, 185.5
 27.54, 1120.6,  -15.25, 185.5
 27.56, 1121.4,  -15.25, 185.5
 27.58, 1122.2,  -15.13, 185.5
 27.60, 1123.0,  -15.13, 185.5
 27.62, 1123.8,  -15.13, 185.5
 27.64, 1124.6,  -15.13, 185.5
 27.66, 1125.4,  -15.25, 185.5
 27.68, 1126.2,  -15.13, 185.5
 27.70, 1126.9,  -15.25, 185.5
 27.72, 1127.7,  -15.38, 185.5
 27.74, 1128.5,  -15.38, 185.5
 27.76, 1129.4,  -15.38, 185.5
 27.78, 1130.2,  -15.50, 185.5
 27.80, 1131.1,  -15.50, 185.5
 27.82, 1131.9,  -15.50, 185.5
 27.84, 1132.7,  -15.50, 185.5
 27.86, 1133.5,  -15.50, 185.5
 27.88, 1134.3,  -15.50, 185.5
 27.90, 1135.1,  -15.63, 185.5
 27.92, 1136.0,  -15.50, 185.5
 27.94, 1136.8,  -15.63, 185.5
 27.96, 1137.7,  -15.75, 185.5
 27.98, 1138.5,  -15.88, 185.5
 28.00, 1139.4,  -16.00, 185.5
 28.02, 1140.3,  -16.00, 185.5
 28.04, 1141.1,  -16.13, 185.5
 28.06, 1141.9,  -16.25, 185.5
 28.08, 1142.7,  -16.13, 185.5
 28.10, 1143.7,  -16.13, 185.5
 28.12, 1144.5,  -16.38, 185.5
 28.14, 1145.4,  -16.38, 185.5
 28.16, 1146.3,  -16.50, 185.5
 28.18, 1147.1,  -16.75, 185.5
 28.20, 1148.1,  -16.75, 185.5
 28.22, 1149.1,  -16.63, 185.5
 28.24, 1149.9,  -16.75, 185.5
 28.26, 1150.8,  -16.63, 185.5
 28.28, 1151.7,  -16.75, 185.5
 28.30, 1152.7,  -16.75, 185.5
 28.32, 1153.5,  -16.88, 185.5
 28.34, 1154.4,  -17.00, 185.5
 28.36, 1155.3,  -16.88, 185.5
 28.38, 1156.3,  -16.88, 185.5
 28.40, 1157.1,  -16.88, 185.5
 28.42, 1158.1,  -17.00, 185.5
 28.44, 1158.9,  -17.00, 185.5
 28.46, 1159.9,  -17.13, 185.5
 28.48, 1160.7,  -17.13, 185.5
 28.50, 1161.7,  -17.00, 185.5
 28.52, 1162.7,  -17.00, 185.5
 28.54, 1163.5,  -16.88, 185.5
 28.56, 1164.5,  -16.88, 185.5
 28.58, 1165.5,  -17.00, 185.5
 28.60, 1166.3,  -17.00, 185.5
 28.62, 1167.2,  -17.00, 185.5
 28.64, 1168.1,  -17.00, 185.5
 28.66, 1169.1,  -17.00, 185.5
 28.68, 1169.9,  -16.88, 185.5
 28.70, 1170.8,  -16.88, 185.5
 28.72, 1171.7,  -16.75, 185.5
 28.74, 1172.7,  -16.75, 185.5
 28.76, 1173.5,  -16.75, 185.5
 28.78, 1174.3,  -16.63, 185.5
 28.80, 1175.2,  -16.75, 185.5
 28.82, 1176.1,  -16.75, 185.5
 28.84, 1177.1,  -16.75, 185.5
 28.86, 1177.9,  -16.75, 185.5
 28.88, 1178.7,  -16.63, 185.5
 28.90, 1179.5,  -16.50, 185.5
 28.92, 1180.5,  -16.63, 185.5
 28.94, 1181.3,  -16.50, 185.5
 28.96, 1182.2,  -16.38, 185.5
 28.98, 1183.1,  -16.38, 185.5
 29.00, 1183.9,  -16.25, 185.5
 29.02, 1184.7,  -16.25, 185.5
 29.04, 1185.5,  -16.25, 185.5
 29.06, 1186.3,  -16.13, 185.5
 29.08, 1187.1,  -16.13, 185.5
 29.10, 1187.9,  -16.13, 185.5
 29.12, 1188.7,  -16.00, 185.5
 29.14, 1189.5,  -16.00, 185.5
 29.16, 1190.3,  -16.00, 185.5
 29.18, 1191.1,  -16.00, 185.5
 29.20, 1191.9,  -16.00, 185.5
 29.22, 1192.7,  -16.00, 185.5
 29.24, 1193.5,  -15.88, 185.5
 29.26, 1194.3,  -16.00, 185.5
 29.28, 1195.1,  -16.00, 185.5
 29.30, 1195.9,  -15.88, 185.5
 29.32, 1196.7,  -16.00, 185.5
 29.34, 1197.5,  -16.00, 185.5
 29.36, 1198.3,  -16.00, 185.5
 29.38, 1199.1,  -16.00, 185.5
 29.40, 1199.9,  -16.00, 185.5
 29.42, 1200.7,  -16.00, 185.5
 29.44, 1201.5,  -16.13, 185.5
 29.46, 1202.3,  -16.13, 185.5
 29.48, 1203.1,  -16.13, 185.5
 29.50, 1203.9,  -16.25, 185.5
 29.52, 1204.8,  -16.25, 185.5
 29.54, 1205.6,  -16.38, 185.5
 29.56, 1206.5,  -16.50, 185.5
 29.58, 1207.4,  -16.38, 185.5
 29.60, 1208.2,  -16.63, 185.5
 29.62, 1209.0,  -16.63, 185.5
 29.64, 1209.8,  -16.75, 185.5
 29.66, 1210.6,  -16.88, 185.5
 29.68, 1211.4,  -16.88, 185.5
 29.70, 1212.4,  -16.88, 185.5
 29.72, 1213.2,  -16.88, 185.5
 29.74, 1214.1,  -17.00, 185.5
 29.76, 1215.0,  -16.88, 185.5
 29.78, 1215.8,  -17.13, 185.5
 29.80, 1216.6,  -17.13, 185.5
 29.82, 1217.4,  -17.25, 185.5
 29.84, 1218.3,  -17.50, 185.5
 29.86, 1219.3,  -17.50, 185.5
 29.88, 1220.2,  -17.38, 185.5
 29.90, 1221.0,  -17.50, 185.5
 29.92, 1222.0,  -17.50, 185.5
 29.94, 1222.9,  -17.50, 185.5
 29.96, 1223.8,  -17.75, 185.5
 29.98, 1224.6,  -17.75, 185.5
 30.00, 1225.6,  -17.75, 185.5
 30.02, 1226.6,  -17.75, 185.5
 30.04, 1227.4,  -17.75, 161.7
 30.06, 1228.2,  -17.75, 161.7
 30.08, 1229.2,  -17.88, 161.7
 30.10, 1230.2,  -17.88, 161.7
 30.12, 1231.0,  -18.00, 161.7
 30.14, 1231.8,  -18.00, 161.7
 30.16, 1232.8,  -17.88, 161.7
 30.18, 1233.8,  -17.88, 161.7
 30.20, 1234.6,  -17.88, 161.7
 30.22, 1235.6,  -17.88, 161.7
 30.24, 1236.5,  -18.13, 161.7
 30.26, 1237.3,  -18.13, 161.7
 30.28, 1238.2,  -18.00, 161.7
 30.30, 1239.2,  -18.00, 161.7
 30.32, 1240.1,  -17.88, 161.7
 30.34, 1240.9,  -17.88, 161.7
 30.36, 1241.9,  -17.88, 161.7
 30.38, 1242.8,  -17.75, 161.7
 30.40, 1243.7,  -17.75, 161.7
 30.42, 1244.6,  -17.75, 161.7
 30.44, 1245.5,  -17.75, 161.7
 30.46, 1246.4,  -17.75, 161.7
 30.48, 1247.3,  -17.88, 161.7
 30.50, 1248.2,  -17.75, 161.7
 30.52, 1249.0,  -17.63, 161.7
 30.54, 1249.9,  -17.63, 161.7
 30.56, 1250.8,  -17.50, 161.7
 30.58, 1251.6,  -17.50, 161.7
 30.60, 1252.6,  -17.50, 161.7
 30.62, 1253.4,  -17.25, 161.7
 30.64, 1254.2,  -17.25, 161.7
 30.66, 1255.1,  -17.25, 161.7
 30.68, 1256.0,  -17.13, 161.7
 30.70, 1256.8,  -17.13, 161.7
 30.72, 1257.6,  -17.13, 161.7
 30.74, 1258.5,  -17.00, 161.7
 30.76, 1259.4,  -17.13, 161.7
 30.78, 1260.2,  -17.13, 161.7
 30.80, 1261.0,  -17.00, 161.7
 30.82, 1261.8,  -17.00, 161.7
 30.84, 1262.6,  -17.00, 161.7
 30.86, 1263.4,  -16.88, 161.7
 30.88, 1264.2,  -17.00, 161.7
 30.90, 1265.0,  -17.00, 161.7
 30.92, 1265.8,  -17.00, 161.7
 30.94, 1266.6,  -17.00, 161.7
 30.96, 1267.4,  -17.00, 161.7
 30.98, 1268.2,  -16.88, 161.7
 31.00, 1269.1,  -17.00, 161.7
 31.02, 1269.9,  -17.00, 161.7
 31.04, 1270.8,  -17.00, 161.7
 31.06, 1271.5,  -17.13, 161.7
 31.08, 1272.4,  -17.00, 161.7
 31.10, 1273.1,  -17.13, 161.7
 31.12, 1274.0,  -17.25, 161.7
 31.14, 1274.8,  -17.13, 161.7
 31.16, 1275.6,  -17.25, 161.7
 31.18, 1276.4,  -17.38, 161.7
 31.20, 1277.2,  -17.38, 161.7
 31.22, 1278.0,  -17.38, 161.7
 31.24, 1278.8,  -17.50, 161.7
 31.26, 1279.6,  -17.38, 161.7
 31.28, 1280.4,  -17.50, 161.7
 31.30, 1281.2,  -17.50, 161.7
 31.32, 1282.1,  -17.50, 161.7
 31.34, 1283.0,  -17.50, 161.7
 31.36, 1283.8,  -17.63, 161.7
 31.38, 1284.6,  -17.63, 161.7
 31.40, 1285.5,  -17.75, 161.7
 31.42, 1286.4,  -17.88, 161.7
 31.44, 1287.2,  -17.88, 161.7
 31.46, 1288.0,  -18.13, 161.7
 31.48, 1289.0,  -18.13, 161.7
 31.50, 1289.8,  -18.13, 161.7
 31.52, 1290.7,  -18.25, 161.7
 31.54, 1291.6,  -18.25, 161.7
 31.56, 1292.4,  -18.13, 161.7
 31.58, 1293.2,  -18.38, 161.7
 31.60, 1294.2,  -18.50, 161.7
 31.62, 1295.0,  -18.50, 161.7
 31.64, 1296.0,  -18.63, 161.7
 31.66, 1296.8,  -18.63, 161.7
 31.68, 1297.8,  -18.50, 161.7
 31.70, 1298.7,  -18.50, 161.7
 31.72, 1299.6,  -18.63, 161.7
 31.74, 1300.4,  -18.75, 161.7
 31.76, 1301.4,  -18.88, 161.7
 31.78, 1302.4,  -18.88, 161.7
 31.80, 1303.2,  -18.88, 161.7
 31.82, 1304.2,  -18.88, 161.7
 31.84, 1305.1,  -18.75, 161.7
 31.86, 1306.0,  -18.75, 161.7
 31.88, 1306.8,  -19.00, 161.7
 31.90, 1307.8,  -19.00, 161.7
 31.92, 1308.7,  -19.00, 161.7
 31.94, 1309.6,  -19.00, 161.7
 31.96, 1310.4,  -18.88, 161.7
 31.98, 1311.5,  -18.75, 161.7
 32.00, 1312.4,  -18.88, 161.7
 32.02, 1313.2,  -18.88, 161.7
 32.04, 1314.2,  -19.00, 161.7
 32.06, 1315.2,  -19.00, 161.7
 32.08, 1316.0,  -19.00, 161.7
 32.10, 1317.0,  -18.88, 161.7
 32.12, 1317.9,  -18.88, 161.7
 32.14, 1318.8,  -18.63, 161.7
 32.16, 1319.6,  -18.63, 161.7
 32.18, 1320.4,  -18.63, 161.7
 32.20, 1321.4,  -18.50, 161.7
 32.22, 1322.3,  -18.63, 161.7
 32.24, 1323.2,  -18.75, 161.7
 32.26, 1324.0,  -18.63, 161.7
 32.28, 1324.8,  -18.63, 161.7
 32.30, 1325.8,  -18.63, 161.7
 32.32, 1326.7,  -18.50, 161.7
 32.34, 1327.6,  -18.50, 161.7
 32.36, 1328.4,  -18.50, 161.7
 32.38, 1329.2,  -18.38, 161.7
 32.40, 1330.0,  -18.38, 161.7
 32.42, 1330.9,  -18.25, 161.7
 32.44, 1331.8,  -18.13, 175.2
 32.46, 1332.6,  -18.13, 175.2
 32.48, 1333.5,  -18.00, 175.2
 32.50, 1334.4,  -18.00, 175.2
 32.52, 1335.2,  -18.00, 175.2
 32.54, 1336.0,  -18.00, 175.2
 32.56, 1336.8,  -17.88, 175.2
 32.58, 1337.6,  -18.00, 175.2
 32.60, 1338.4,  -17.88, 175.2
 32.62, 1339.2,  -17.88, 175.2
 32.64, 1340.0,  -17.88, 175.2
 32.66, 1340.8,  -17.75, 175.2
 32.68, 1341.6,  -17.88, 175.2
 32.70, 1342.4,  -17.88, 175.2
 32.72, 1343.2,  -17.88, 175.2
 32.74, 1344.0,  -17.88, 175.2
 32.76, 1345.0,  -18.00, 175.2
 32.78, 1345.8,  -17.88, 175.2
 32.80, 1346.6,  -17.88, 175.2
 32.82, 1347.5,  -18.00, 175.2
 32.84, 1348.3,  -17.88, 175.2
 32.86, 1349.1,  -18.00, 175.2
 32.88, 1349.9,  -18.13, 175.2
 32.90, 1350.7,  -18.13, 175.2
 32.92, 1351.5,  -18.25, 175.2
 32.94, 1352.3,  -18.38, 175.2
 32.96, 1353.1,  -18.38, 175.2
 32.98, 1354.0,  -18.50, 175.2
 33.00, 1354.8,  -18.63, 175.2
 33.02, 1355.6,  -18.63, 175.2
 33.04, 1356.4,  -18.50, 175.2
 33.06, 1357.2,  -18.63, 175.2
 33.08, 1358.0,  -18.38, 175.2
 33.10, 1359.0,  -18.50, 175.2
 33.12, 1359.8,  -18.63, 175.2
 33.14, 1360.8,  -18.63, 175.2
 33.16, 1361.6,  -18.88, 175.2
 33.18, 1362.4,  -19.00, 175.2
 33.20, 1363.2,  -19.00, 175.2
 33.22, 1364.1,  -19.13, 175.2
 33.24, 1365.1,  -19.25, 175.2
 33.26, 1366.0,  -19.13, 175.2
 33.28, 1366.8,  -19.13, 175.2
 33.30, 1367.6,  -19.25, 175.2
 33.32, 1368.4,  -19.38, 175.2
 33.34, 1369.4,  -19.50, 175.2
 33.36, 1370.4,  -19.63, 175.2
 33.38, 1371.2,  -19.50, 175.2
 33.40, 1372.0,  -19.50, 175.2
 33.42, 1373.1,  -19.50, 175.2
 33.44, 1374.0,  -19.50, 175.2
 33.46, 1374.8,  -19.88, 175.2
 33.48, 1375.8,  -19.88, 175.2
 33.50, 1376.8,  -19.88, 175.2
 33.52, 1377.6,  -19.88, 175.2
 33.54, 1378.6,  -19.63, 175.2
 33.56, 1379.6,  -19.63, 175.2
 33.58, 1380.4,  -19.88, 175.2
 33.60, 1381.2,  -20.00, 175.2
 33.62, 1382.2,  -19.88, 175.2
 33.64, 1383.2,  -20.00, 175.2
 33.66, 1384.0,  -19.75, 175.2
 33.68, 1385.0,  -19.75, 175.2
 33.70, 1386.0,  -19.88, 175.2
 33.72, 1386.8,  -20.00, 175.2
 33.74, 1387.8,  -20.00, 175.2
 33.76, 1388.8,  -20.00, 175.2
 33.78, 1389.6,  -19.88, 175.2
 33.80, 1390.6,  -19.75, 175.2
 33.82, 1391.6,  -19.75, 175.2
 33.84, 1392.4,  -19.63, 175.2
 33.86, 1393.2,  -19.63, 175.2
 33.88, 1394.2,  -19.75, 175.2
 33.90, 1395.2,  -19.75, 175.2
 33.92, 1396.0,  -19.75, 175.2
 33.94, 1396.8,  -19.75, 175.2
 33.96, 1397.8,  -19.63, 175.2
 33.98, 1398.8,  -19.50, 175.2
 34.00, 1399.6,  -19.50, 175.2
 34.02, 1400.4,  -19.25, 175.2
 34.04, 1401.2,  -19.25, 175.2
 34.06, 1402.1,  -19.25, 175.2
 34.08, 1403.0,  -19.25, 175.2
 34.10, 1404.0,  -19.25, 175.2
 34.12, 1404.8,  -19.38, 175.2
 34.14, 1405.6,  -19.25, 175.2
 34.16, 1406.5,  -19.25, 175.2
 34.18, 1407.4,  -19.25, 175.2
 34.20, 1408.2,  -19.13, 175.2
 34.22, 1409.2,  -19.13, 175.2
 34.24, 1410.0,  -19.13, 175.2
 34.26, 1410.8,  -19.13, 175.2
 34.28, 1411.6,  -19.13, 175.2
 34.30, 1412.4,  -19.13, 175.2
 34.32, 1413.2,  -19.00, 175.2
 34.34, 1414.0,  -19.00, 175.2
 34.36, 1414.8,  -19.13, 175.2
 34.38, 1415.6,  -19.00, 175.2
 34.40, 1416.5,  -19.00, 175.2
 34.42, 1417.3,  -19.00, 175.2
 34.44, 1418.2,  -18.88, 175.2
 34.46, 1419.0,  -18.88, 175.2
 34.48, 1419.9,  -19.00, 175.2
 34.50, 1420.7,  -18.75, 175.2
 34.52, 1421.5,  -18.88, 175.2
 34.54, 1422.4,  -18.88, 175.2
 34.56, 1423.2,  -18.88, 175.2
 34.58, 1424.0,  -18.88, 175.2
 34.60, 1424.8,  -19.00, 175.2
 34.62, 1425.6,  -19.00, 175.2
 34.64, 1426.4,  -19.13, 175.2
 34.66, 1427.3,  -19.13, 175.2
 34.68, 1428.1,  -19.25, 175.2
 34.70, 1429.0,  -19.38, 175.2
 34.72, 1429.8,  -19.50, 175.2
 34.74, 1430.6,  -19.38, 175.2
 34.76, 1431.5,  -19.50, 175.2
 34.78, 1432.4,  -19.50, 175.2
 34.80, 1433.2,  -19.38, 175.2
 34.82, 1434.0,  -19.50, 175.2
 34.84, 1434.9,  -19.50, 167.8
 34.86, 1435.8,  -19.63, 167.8
 34.88, 1436.7,  -19.75, 167.8
 34.90, 1437.5,  -19.88, 167.8
 34.92, 1438.4,  -19.88, 167.8
 34.94, 1439.3,  -20.00, 167.8
 34.96, 1440.2,  -20.00, 167.8
 34.98, 1441.1,  -20.00, 167.8
 35.00, 1442.0,  -20.00, 167.8
 35.02, 1442.8,  -20.00, 167.8
 35.04, 1443.7,  -20.13, 167.8
 35.06, 1444.6,  -20.38, 167.8
 35.08, 1445.5,  -20.38, 167.8
 35.10, 1446.4,  -20.25, 167.8
 35.12, 1447.3,  -20.38, 167.8
 35.14, 1448.2,  -20.38, 167.8
 35.16, 1449.2,  -20.50, 167.8
 35.18, 1450.1,  -20.63, 167.8
 35.20, 1451.0,  -20.75, 167.8
 35.22, 1451.9,  -20.63, 167.8
 35.24, 1452.9,  -20.63, 167.8
 35.26, 1453.8,  -20.50, 167.8
 35.28, 1454.8,  -20.63, 167.8
 35.30, 1455.6,  -20.88, 167.8
 35.32, 1456.6,  -20.88, 167.8
 35.34, 1457.5,  -20.75, 167.8
 35.36, 1458.4,  -20.75, 167.8
 35.38, 1459.4,  -20.63, 167.8
 35.40, 1460.3,  -20.63, 167.8
 35.42, 1461.2,  -20.88, 167.8
 35.44, 1462.2,  -20.88, 167.8
 35.46, 1463.1,  -20.88, 167.8
 35.48, 1464.0,  -20.75, 167.8
 35.50, 1465.0,  -20.63, 167.8
 35.52, 1465.9,  -20.63, 167.8
 35.54, 1466.8,  -20.75, 167.8
 35.56, 1467.7,  -20.75, 167.8
 35.58, 1468.6,  -20.75, 167.8
 35.60, 1469.5,  -20.75, 167.8
 35.62, 1470.4,  -20.63, 167.8
 35.64, 1471.3,  -20.50, 167.8
 35.66, 1472.2,  -20.50, 167.8
 35.68, 1473.1,  -20.38, 167.8
 35.70, 1474.0,  -20.25, 167.8
 35.72, 1474.9,  -20.38, 167.8
 35.74, 1475.7,  -20.25, 167.8
 35.76, 1476.6,  -20.38, 167.8
 35.78, 1477.5,  -20.38, 167.8
 35.80, 1478.4,  -20.38, 167.8
 35.82, 1479.3,  -20.38, 167.8
 35.84, 1480.1,  -20.38, 167.8
 35.86, 1481.0,  -20.13, 167.8
 35.88, 1481.9,  -20.13, 167.8
 35.90, 1482.7,  -20.13, 167.8
 35.92, 1483.6,  -20.00, 167.8
 35.94, 1484.5,  -19.88, 167.8
 35.96, 1485.3,  -20.00, 167.8
 35.98, 1486.2,  -19.88, 167.8
 36.00, 1487.0,  -19.75, 167.8
 36.02, 1487.9,  -19.88, 167.8
 36.04, 1488.7,  -19.75, 167.8
 36.06, 1489.5,  -19.75, 167.8
 36.08, 1490.4,  -19.88, 167.8
 36.10, 1491.3,  -19.75, 167.8
 36.12, 1492.1,  -19.75, 167.8
 36.14, 1492.9,  -19.88, 167.8
 36.16, 1493.7,  -19.88, 167.8
 36.18, 1494.5,  -19.88, 167.8
 36.20, 1495.3,  -20.00, 167.8
 36.22, 1496.1,  -20.00, 167.8
 36.24, 1497.0,  -20.00, 167.8
 36.26, 1497.9,  -20.13, 167.8
 36.28, 1498.7,  -20.00, 167.8
 36.30, 1499.5,  -20.00, 167.8
 36.32, 1500.4,  -20.00, 167.8
 36.34, 1501.3,  -20.00, 167.8
 36.36, 1502.1,  -20.00, 167.8
 36.38, 1502.9,  -20.00, 167.8
 36.40, 1503.7,  -20.00, 167.8
 36.42, 1504.5,  -20.00, 167.8
 36.44, 1505.4,  -20.13, 167.8
 36.46, 1506.2,  -20.13, 167.8
 36.48, 1507.0,  -20.25, 167.8
 36.50, 1507.9,  -20.50, 167.8
 36.52, 1508.8,  -20.50, 167.8
 36.54, 1509.7,  -20.50, 167.8
 36.56, 1510.5,  -20.63, 167.8
 36.58, 1511.3,  -20.63, 167.8
 36.60, 1512.2,  -20.50, 167.8
 36.62, 1513.1,  -20.75, 167.8
 36.64, 1514.1,  -20.75, 167.8
 36.66, 1514.9,  -20.88, 167.8
 36.68, 1515.7,  -21.00, 167.8
 36.70, 1516.7,  -21.00, 167.8
 36.72, 1517.7,  -21.00, 167.8
 36.74, 1518.5,  -21.00, 167.8
 36.76, 1519.3,  -21.00, 167.8
 36.78, 1520.3,  -21.00, 167.8
 36.80, 1521.2,  -21.13, 167.8
 36.82, 1522.1,  -21.38, 167.8
 36.84, 1522.9,  -21.38, 167.8
 36.86, 1523.9,  -21.38, 167.8
 36.88, 1524.9,  -21.38, 167.8
 36.90, 1525.7,  -21.38, 167.8
 36.92, 1526.6,  -21.50, 167.8
 36.94, 1527.6,  -21.63, 167.8
 36.96, 1528.5,  -21.63, 167.8
 36.98, 1529.4,  -21.63, 167.8
 37.00, 1530.5,  -21.63, 167.8
 37.02, 1531.3,  -21.50, 167.8
 37.04, 1532.3,  -21.63, 167.8
 37.06, 1533.3,  -21.75, 167.8
 37.08, 1534.1,  -21.75, 167.8
 37.10, 1535.0,  -21.75, 167.8
 37.12, 1536.1,  -21.63, 167.8
 37.14, 1536.9,  -21.63, 167.8
 37.16, 1537.8,  -21.63, 167.8
 37.18, 1538.7,  -21.63, 167.8
 37.20, 1539.7,  -21.75, 167.8
 37.22, 1540.5,  -21.75, 167.8
 37.24, 1541.5,  -21.63, 172.3
 37.26, 1542.5,  -21.50, 172.3
 37.28, 1543.3,  -21.63, 172.3
 37.30, 1544.3,  -21.50, 172.3
 37.32, 1545.3,  -21.50, 172.3
 37.34, 1546.1,  -21.63, 172.3
 37.36, 1546.9,  -21.63, 172.3
 37.38, 1547.9,  -21.63, 172.3
 37.40, 1548.9,  -21.50, 172.3
 37.42, 1549.7,  -21.50, 172.3
 37.44, 1550.7,  -21.38, 172.3
 37.46, 1551.5,  -21.38, 172.3
 37.48, 1552.5,  -21.25, 172.3
 37.50, 1553.3,  -21.13, 172.3
 37.52, 1554.1,  -21.25, 172.3
 37.54, 1555.0,  -21.13, 172.3
 37.56, 1555.9,  -21.13, 172.3
 37.58, 1556.9,  -21.25, 172.3
 37.60, 1557.7,  -21.25, 172.3
 37.62, 1558.5,  -21.13, 172.3
 37.64, 1559.3,  -21.25, 172.3
 37.66, 1560.1,  -21.13, 172.3
 37.68, 1561.1,  -21.00, 172.3
 37.70, 1561.9,  -21.00, 172.3
 37.72, 1562.8,  -21.00, 172.3
 37.74, 1563.7,  -20.88, 172.3
 37.76, 1564.5,  -20.88, 172.3
 37.78, 1565.3,  -20.88, 172.3
 37.80, 1566.1,  -20.88, 172.3
 37.82, 1566.9,  -20.88, 172.3
 37.84, 1567.8,  -20.88, 172.3
 37.86, 1568.6,  -20.75, 172.3
 37.88, 1569.5,  -20.88, 172.3
 37.90, 1570.3,  -20.88, 172.3
 37.92, 1571.1,  -20.75, 172.3
 37.94, 1572.0,  -20.88, 172.3
 37.96, 1572.9,  -20.88, 172.3
 37.98, 1573.7,  -20.88, 172.3
 38.00, 1574.5,  -21.00, 172.3
 38.02, 1575.3,  -21.13, 172.3
 38.04, 1576.1,  -21.13, 172.3
 38.06, 1576.9,  -21.25, 172.3
 38.08, 1577.7,  -21.25, 172.3
 38.10, 1578.7,  -21.13, 172.3
 38.12, 1579.5,  -21.13, 172.3
 38.14, 1580.3,  -21.13, 172.3
 38.16, 1581.3,  -21.13, 172.3
 38.18, 1582.1,  -21.25, 172.3
 38.20, 1582.9,  -21.25, 172.3
 38.22, 1583.7,  -21.25, 172.3
 38.24, 1584.5,  -21.50, 172.3
 38.26, 1585.4,  -21.50, 172.3
 38.28, 1586.3,  -21.63, 172.3
 38.30, 1587.1,  -21.75, 172.3
 38.32, 1588.1,  -21.75, 172.3
 38.34, 1588.9,  -21.63, 172.3
 38.36, 1589.7,  -21.75, 172.3
 38.38, 1590.7,  -21.75, 172.3
 38.40, 1591.5,  -21.75, 172.3
 38.42, 1592.5,  -22.00, 172.3
 38.44, 1593.3,  -22.13, 172.3
 38.46, 1594.2,  -22.13, 172.3
 38.48, 1595.1,  -22.13, 172.3
 38.50, 1596.1,  -22.25, 172.3
 38.52, 1596.9,  -22.13, 172.3
 38.54, 1597.9,  -22.25, 172.3
 38.56, 1598.8,  -22.38, 172.3
 38.58, 1599.7,  -22.38, 172.3
 38.60, 1600.5,  -22.50, 172.3
 38.62, 1601.5,  -22.50, 172.3
 38.64, 1602.5,  -22.38, 172.3
 38.66, 1603.3,  -22.38, 172.3
 38.68, 1604.3,  -22.50, 172.3
 38.70, 1605.1,  -22.63, 172.3
 38.72, 1606.1,  -22.75, 172.3
 38.74, 1606.8,  -22.75, 172.3
 38.76, 1607.8,  -22.63, 172.3
 38.78, 1608.8,  -22.63, 172.3
 38.80, 1609.7,  -22.75, 172.3
 38.82, 1610.6,  -22.75, 172.3
 38.84, 1611.6,  -22.88, 172.3
 38.86, 1612.4,  -22.88, 172.3
 38.88, 1613.3,  -22.75, 172.3
 38.90, 1614.3,  -22.63, 172.3
 38.92, 1615.2,  -22.63, 172.3
 38.94, 1616.1,  -22.63, 172.3
 38.96, 1617.1,  -22.63, 172.3
 38.98, 1617.9,  -22.88, 172.3
 39.00, 1618.9,  -22.75, 172.3
 39.02, 1619.7,  -22.63, 172.3
 39.04, 1620.7,  -22.63, 172.3
 39.06, 1621.5,  -22.50, 172.3
 39.08, 1622.5,  -22.50, 172.3
 39.10, 1623.3,  -22.50, 172.3
 39.12, 1624.3,  -22.63, 172.3
 39.14, 1625.1,  -22.50, 172.3
 39.16, 1626.1,  -22.63, 172.3
 39.18, 1627.0,  -22.63, 172.3
 39.20, 1627.9,  -22.50, 172.3
 39.22, 1628.8,  -22.38, 172.3
 39.24, 1629.7,  -22.38, 172.3
 39.26, 1630.5,  -22.25, 172.3
 39.28, 1631.5,  -22.25, 172.3
 39.30, 1632.3,  -22.13, 172.3
 39.32, 1633.1,  -22.00, 172.3
 39.34, 1634.0,  -22.13, 172.3
 39.36, 1634.9,  -22.13, 172.3
 39.38, 1635.7,  -22.00, 172.3
 39.40, 1636.5,  -22.13, 172.3
 39.42, 1637.5,  -22.13, 172.3
 39.44, 1638.3,  -22.13, 172.3
 39.46, 1639.1,  -22.13, 172.3
 39.48, 1639.9,  -22.13, 172.3
 39.50, 1640.8,  -22.13, 172.3
 39.52, 1641.7,  -22.13, 172.3
 39.54, 1642.5,  -22.13, 172.3
 39.56, 1643.3,  -22.00, 172.3
 39.58, 1644.1,  -22.00, 172.3
 39.60, 1645.0,  -22.13, 172.3
 39.62, 1645.9,  -22.00, 172.3
 39.64, 1646.7,  -21.88, 167.8
 39.66, 1647.5,  -22.00, 167.8
 39.68, 1648.3,  -21.88, 167.8
 39.70, 1649.1,  -21.88, 167.8
 39.72, 1650.0,  -22.00, 167.8
 39.74, 1650.9,  -21.88, 167.8
 39.76, 1651.7,  -22.00, 167.8
 39.78, 1652.5,  -22.13, 167.8
 39.80, 1653.3,  -22.13, 167.8
 39.82, 1654.1,  -22.25, 167.8
 39.84, 1655.0,  -22.38, 167.8
 39.86, 1655.9,  -22.38, 167.8
 39.88, 1656.7,  -22.38, 167.8
 39.90, 1657.6,  -22.50, 167.8
 39.92, 1658.5,  -22.50, 167.8
 39.94, 1659.3,  -22.38, 167.8
 39.96, 1660.1,  -22.50, 167.8
 39.98, 1660.9,  -22.38, 167.8
 40.00, 1661.9,  -22.50, 167.8
 40.02, 1662.7,  -22.63, 167.8
 40.04, 1663.7,  -22.75, 167.8
 40.06, 1664.5,  -22.88, 167.8
 40.08, 1665.3,  -23.00, 167.8
 40.10, 1666.1,  -23.00, 167.8
 40.12, 1667.1,  -22.88, 167.8
 40.14, 1668.0,  -23.00, 167.8
 40.16, 1668.9,  -23.00, 167.8
 40.18, 1669.7,  -23.00, 167.8
 40.20, 1670.5,  -23.25, 167.8
 40.22, 1671.5,  -23.38, 167.8
 40.24, 1672.5,  -23.38, 167.8
 40.26, 1673.3,  -23.38, 167.8
 40.28, 1674.3,  -23.25, 167.8
 40.30, 1675.2,  -23.25, 167.8
 40.32, 1676.1,  -23.50, 167.8
 40.34, 1676.9,  -23.63, 167.8
 40.36, 1678.0,  -23.50, 167.8
 40.38, 1678.9,  -23.63, 167.8
 40.40, 1679.7,  -23.50, 167.8
 40.42, 1680.8,  -23.38, 167.8
 40.44, 1681.7,  -23.50, 167.8
 40.46, 1682.5,  -23.75, 167.8
 40.48, 1683.5,  -23.75, 167.8
 40.50, 1684.5,  -23.75, 167.8
 40.52, 1685.3,  -23.75, 167.8
 40.54, 1686.3,  -23.50, 167.8
 40.56, 1687.2,  -23.75, 167.8
 40.58, 1688.1,  -24.00, 167.8
 40.60, 1689.0,  -23.88, 167.8
 40.62, 1690.1,  -23.88, 167.8
 40.64, 1690.9,  -23.75, 167.8
 40.66, 1691.9,  -23.50, 167.8
 40.68, 1692.9,  -23.63, 167.8
 40.70, 1693.7,  -23.75, 167.8
 40.72, 1694.7,  -23.75, 167.8
 40.74, 1695.7,  -23.75, 167.8
 40.76, 1696.5,  -23.75, 167.8
 40.78, 1697.3,  -23.63, 167.8
 40.80, 1698.4,  -23.50, 167.8
 40.82, 1699.3,  -23.50, 167.8
 40.84, 1700.1,  -23.50, 167.8
 40.86, 1700.9,  -23.50, 167.8
 40.88, 1701.9,  -23.63, 167.8
 40.90, 1702.9,  -23.63, 167.8
 40.92, 1703.7,  -23.50, 167.8
 40.94, 1704.5,  -23.63, 167.8
 40.96, 1705.6,  -23.50, 167.8
 40.98, 1706.5,  -23.25, 167.8
 41.00, 1707.3,  -23.25, 167.8
 41.02, 1708.1,  -23.13, 167.8
 41.04, 1709.1,  -23.00, 167.8
 41.06, 1710.0,  -23.13, 167.8
 41.08, 1710.9,  -23.13, 167.8
 41.10, 1711.7,  -23.13, 167.8
 41.12, 1712.5,  -23.13, 167.8
 41.14, 1713.3,  -23.25, 167.8
 41.16, 1714.3,  -23.13, 167.8
 41.18, 1715.2,  -23.13, 167.8
 41.20, 1716.0,  -23.13, 167.8
 41.22, 1716.9,  -23.13, 167.8
 41.24, 1717.7,  -23.13, 167.8
 41.26, 1718.5,  -23.13, 167.8
 41.28, 1719.3,  -23.00, 167.8
 41.30, 1720.1,  -23.00, 167.8
 41.32, 1720.9,  -23.00, 167.8
 41.34, 1721.8,  -22.88, 167.8
 41.36, 1722.7,  -22.88, 167.8
 41.38, 1723.6,  -22.88, 167.8
 41.40, 1724.5,  -22.88, 167.8
 41.42, 1725.3,  -22.88, 167.8
 41.44, 1726.1,  -23.00, 167.8
 41.46, 1726.9,  -23.00, 167.8
 41.48, 1727.7,  -23.00, 167.8
 41.50, 1728.6,  -23.25, 167.8
 41.52, 1729.5,  -23.13, 167.8
 41.54, 1730.4,  -23.13, 167.8
 41.56, 1731.2,  -23.38, 167.8
 41.58, 1732.1,  -23.38, 167.8
 41.60, 1732.9,  -23.38, 167.8
 41.62, 1733.7,  -23.38, 167.8
 41.64, 1734.5,  -23.25, 167.8
 41.66, 1735.3,  -23.13, 167.8
 41.68, 1736.2,  -23.38, 167.8
 41.70, 1737.1,  -23.50, 167.8
 41.72, 1738.1,  -23.63, 167.8
 41.74, 1738.9,  -23.75, 167.8
 41.76, 1739.7,  -23.88, 167.8
 41.78, 1740.6,  -23.75, 167.8
 41.80, 1741.6,  -23.75, 167.8
 41.82, 1742.5,  -23.75, 167.8
 41.84, 1743.3,  -23.63, 167.8
 41.86, 1744.1,  -23.75, 167.8
 41.88, 1745.1,  -24.00, 167.8
 41.90, 1746.1,  -24.00, 167.8
 41.92, 1746.9,  -24.13, 167.8
 41.94, 1747.7,  -24.25, 167.8
 41.96, 1748.6,  -24.00, 167.8
 41.98, 1749.6,  -24.00, 167.8
 42.00, 1750.5,  -24.25, 167.8
 42.02, 1751.3,  -24.38, 167.8
 42.04, 1752.3,  -24.38, 163.4
 42.06, 1753.3,  -24.50, 163.4
 42.08, 1754.1,  -24.25, 163.4
 42.10, 1755.1,  -24.38, 163.4
 42.12, 1756.1,  -24.63, 163.4
 42.14, 1756.9,  -24.75, 163.4
 42.16, 1757.9,  -24.63, 163.4
 42.18, 1758.9,  -24.63, 163.4
 42.20, 1759.7,  -24.50, 163.4
 42.22, 1760.9,  -24.50, 163.4
 42.24, 1761.7,  -24.88, 163.4
 42.26, 1762.6,  -24.88, 163.4
 42.28, 1763.6,  -24.88, 163.4
 42.30, 1764.5,  -24.75, 163.4
 42.32, 1765.4,  -24.63, 163.4
 42.34, 1766.5,  -24.63, 163.4
 42.36, 1767.2,  -24.88, 163.4
 42.38, 1768.1,  -24.88, 163.4
 42.40, 1769.1,  -24.75, 163.4
 42.42, 1770.0,  -24.63, 163.4
 42.44, 1770.9,  -24.50, 163.4
 42.46, 1772.0,  -24.50, 163.4
 42.48, 1772.8,  -24.75, 163.4
 42.50, 1773.7,  -24.88, 163.4
 42.52, 1774.7,  -24.75, 163.4
 42.54, 1775.6,  -24.63, 163.4
 42.56, 1776.6,  -24.63, 163.4
 42.58, 1777.6,  -24.38, 163.4
 42.60, 1778.4,  -24.38, 163.4
 42.62, 1779.3,  -24.50, 163.4
 42.64, 1780.2,  -24.50, 163.4
 42.66, 1781.2,  -24.50, 163.4
 42.68, 1782.0,  -24.50, 163.4
 42.70, 1782.9,  -24.50, 163.4
 42.72, 1783.8,  -24.25, 163.4
 42.74, 1784.8,  -24.25, 163.4
 42.76, 1785.6,  -24.13, 163.4
 42.78, 1786.4,  -24.13, 163.4
 42.80, 1787.4,  -24.25, 163.4
 42.82, 1788.3,  -24.25, 163.4
 42.84, 1789.2,  -24.25, 163.4
 42.86, 1790.0,  -24.38, 163.4
 42.88, 1790.9,  -24.25, 163.4
 42.90, 1791.8,  -24.13, 163.4
 42.92, 1792.7,  -24.13, 163.4
 42.94, 1793.6,  -24.13, 163.4
 42.96, 1794.4,  -24.00, 163.4
 42.98, 1795.2,  -24.00, 163.4
 43.00, 1796.1,  -24.00, 163.4
 43.02, 1797.0,  -23.75, 163.4
 43.04, 1797.8,  -23.75, 163.4
 43.06, 1798.6,  -23.88, 163.4
 43.08, 1799.4,  -23.88, 163.4
 43.10, 1800.3,  -23.88, 163.4
 43.12, 1801.1,  -24.00, 163.4
 43.14, 1801.9,  -24.00, 163.4
 43.16, 1802.8,  -24.13, 163.4
 43.18, 1803.7,  -24.13, 163.4
 43.20, 1804.6,  -24.13, 163.4
 43.22, 1805.4,  -24.13, 163.4
 43.24, 1806.3,  -24.13, 163.4
 43.26, 1807.1,  -24.13, 163.4
 43.28, 1807.9,  -24.00, 163.4
 43.30, 1808.9,  -24.00, 163.4
 43.32, 1809.7,  -24.13, 163.4
 43.34, 1810.6,  -24.13, 163.4
 43.36, 1811.4,  -24.25, 163.4
 43.38, 1812.3,  -24.38, 163.4
 43.40, 1813.1,  -24.38, 163.4
 43.42, 1814.0,  -24.50, 163.4
 43.44, 1814.9,  -24.50, 163.4
 43.46, 1815.8,  -24.38, 163.4
 43.48, 1816.7,  -24.38, 163.4
 43.50, 1817.5,  -24.50, 163.4
 43.52, 1818.3,  -24.50, 163.4
 43.54, 1819.3,  -24.75, 163.4
 43.56, 1820.2,  -24.88, 163.4
 43.58, 1821.0,  -24.88, 163.4
 43.60, 1822.0,  -24.88, 163.4
 43.62, 1822.9,  -24.88, 163.4
 43.64, 1823.8,  -24.88, 163.4
 43.66, 1824.7,  -25.00, 163.4
 43.68, 1825.7,  -25.25, 163.4
 43.70, 1826.6,  -25.25, 163.4
 43.72, 1827.5,  -25.13, 163.4
 43.74, 1828.4,  -25.13, 163.4
 43.76, 1829.3,  -25.13, 163.4
 43.78, 1830.3,  -25.13, 163.4
 43.80, 1831.2,  -25.50, 163.4
 43.82, 1832.1,  -25.50, 163.4
 43.84, 1833.0,  -25.38, 163.4
 43.86, 1834.0,  -25.38, 163.4
 43.88, 1834.9,  -25.50, 163.4
 43.90, 1835.9,  -25.63, 163.4
 43.92, 1836.7,  -25.75, 163.4
 43.94, 1837.7,  -25.63, 163.4
 43.96, 1838.6,  -25.50, 163.4
 43.98, 1839.7,  -25.50, 163.4
 44.00, 1840.6,  -25.75, 163.4
 44.02, 1841.5,  -25.75, 163.4
 44.04, 1842.5,  -25.75, 163.4
 44.06, 1843.4,  -25.75, 163.4
 44.08, 1844.4,  -25.50, 163.4
 44.10, 1845.3,  -25.50, 163.4
 44.12, 1846.3,  -25.75, 163.4
 44.14, 1847.3,  -25.75, 163.4
 44.16, 1848.1,  -25.75, 163.4
 44.18, 1849.1,  -25.75, 163.4
 44.20, 1850.1,  -25.63, 163.4
 44.22, 1850.9,  -25.50, 163.4
 44.24, 1851.9,  -25.63, 163.4
 44.26, 1852.9,  -25.75, 163.4
 44.28, 1853.7,  -25.63, 163.4
 44.30, 1854.6,  -25.63, 163.4
 44.32, 1855.7,  -25.50, 163.4
 44.34, 1856.5,  -25.38, 163.4
 44.36, 1857.5,  -25.50, 163.4
 44.38, 1858.4,  -25.50, 163.4
 44.40, 1859.3,  -25.50, 163.4
 44.42, 1860.2,  -25.50, 163.4
 44.44, 1861.2,  -25.50, 159.0
 44.46, 1862.1,  -25.38, 159.0
 44.48, 1862.9,  -25.25, 159.0
 44.50, 1863.9,  -25.25, 159.0
 44.52, 1864.7,  -25.13, 159.0
 44.54, 1865.7,  -25.00, 159.0
 44.56, 1866.5,  -25.13, 159.0
 44.58, 1867.3,  -25.00, 159.0
 44.60, 1868.2,  -25.13, 159.0
 44.62, 1869.1,  -25.25, 159.0
 44.64, 1870.1,  -25.25, 159.0
 44.66, 1870.9,  -25.13, 159.0
 44.68, 1871.7,  -25.13, 159.0
 44.70, 1872.6,  -25.13, 159.0
 44.72, 1873.5,  -25.00, 159.0
 44.74, 1874.4,  -25.00, 159.0
 44.76, 1875.3,  -25.00, 159.0
 44.78, 1876.1,  -24.88, 159.0
 44.80, 1876.9,  -24.88, 159.0
 44.82, 1877.8,  -24.88, 159.0
 44.84, 1878.7,  -24.88, 159.0
 44.86, 1879.6,  -24.88, 159.0
 44.88, 1880.5,  -25.00, 159.0
 44.90, 1881.3,  -25.00, 159.0
 44.92, 1882.1,  -25.00, 159.0
 44.94, 1882.9,  -25.13, 159.0
 44.96, 1883.7,  -25.00, 159.0
 44.98, 1884.7,  -25.00, 159.0
 45.00, 1885.5,  -25.13, 159.0
 45.02, 1886.4,  -25.13, 159.0
 45.04, 1887.3,  -25.00, 159.0
 45.06, 1888.1,  -25.13, 159.0
 45.08, 1888.9,  -25.25, 159.0
 45.10, 1889.8,  -25.25, 159.0
 45.12, 1890.7,  -25.50, 159.0
 45.14, 1891.7,  -25.50, 159.0
 45.16, 1892.5,  -25.50, 159.0
 45.18, 1893.3,  -25.50, 159.0
 45.20, 1894.2,  -25.50, 159.0
 45.22, 1895.1,  -25.50, 159.0
 45.24, 1896.1,  -25.50, 159.0
 45.26, 1896.9,  -25.63, 159.0
 45.28, 1897.7,  -25.63, 159.0
 45.30, 1898.6,  -25.75, 159.0
 45.32, 1899.5,  -25.88, 159.0
 45.34, 1900.5,  -25.75, 159.0
 45.36, 1901.3,  -25.88, 159.0
 45.38, 1902.2,  -26.00, 159.0
 45.40, 1903.1,  -26.00, 159.0
 45.42, 1904.1,  -26.13, 159.0
 45.44, 1904.9,  -26.25, 159.0
 45.46, 1905.8,  -26.13, 159.0
 45.48, 1906.9,  -26.13, 159.0
 45.50, 1907.7,  -26.38, 159.0
 45.52, 1908.7,  -26.50, 159.0
 45.54, 1909.7,  -26.50, 159.0
 45.56, 1910.5,  -26.50, 159.0
 45.58, 1911.5,  -26.38, 159.0
 45.60, 1912.5,  -26.38, 159.0
 45.62, 1913.3,  -26.50, 159.0
 45.64, 1914.3,  -26.63, 159.0
 45.66, 1915.3,  -26.63, 159.0
 45.68, 1916.1,  -26.63, 159.0
 45.70, 1917.1,  -26.63, 159.0
 45.72, 1918.1,  -26.50, 159.0
 45.74, 1918.9,  -26.50, 159.0
 45.76, 1919.9,  -26.88, 159.0
 45.78, 1920.9,  -26.75, 159.0
 45.80, 1921.7,  -26.63, 159.0
 45.82, 1922.7,  -26.75, 159.0
 45.84, 1923.7,  -26.75, 159.0
 45.86, 1924.6,  -26.75, 159.0
 45.88, 1925.7,  -27.00, 159.0
 45.90, 1926.5,  -26.88, 159.0
 45.92, 1927.5,  -26.63, 159.0
 45.94, 1928.5,  -26.63, 159.0
 45.96, 1929.3,  -26.63, 159.0
 45.98, 1930.3,  -26.63, 159.0
 46.00, 1931.3,  -26.63, 159.0
 46.02, 1932.1,  -26.75, 159.0
 46.04, 1933.1,  -26.63, 159.0
 46.06, 1934.1,  -26.50, 159.0
 46.08, 1934.9,  -26.50, 159.0
 46.10, 1935.7,  -26.38, 159.0
 46.12, 1936.7,  -26.38, 159.0
 46.14, 1937.7,  -26.50, 159.0
 46.16, 1938.5,  -26.50, 159.0
 46.18, 1939.3,  -26.50, 159.0
 46.20, 1940.3,  -26.63, 159.0
 46.22, 1941.3,  -26.50, 159.0
 46.24, 1942.1,  -26.25, 159.0
 46.26, 1943.0,  -26.38, 159.0
 46.28, 1943.9,  -26.25, 159.0
 46.30, 1944.9,  -26.13, 159.0
 46.32, 1945.7,  -26.13, 159.0
 46.34, 1946.5,  -26.25, 159.0
 46.36, 1947.5,  -26.13, 159.0
 46.38, 1948.3,  -26.13, 159.0
 46.40, 1949.3,  -26.25, 159.0
 46.42, 1950.1,  -26.13, 159.0
 46.44, 1950.9,  -26.13, 159.0
 46.46, 1951.7,  -26.25, 159.0
 46.48, 1952.7,  -26.13, 159.0
 46.50, 1953.4,  -26.00, 159.0
 46.52, 1954.2,  -26.13, 159.0
 46.54, 1955.1,  -26.13, 159.0
 46.56, 1956.0,  -26.00, 159.0
 46.58, 1956.8,  -26.00, 159.0
 46.60, 1957.6,  -26.13, 159.0
 46.62, 1958.4,  -26.00, 159.0
 46.64, 1959.4,  -26.13, 159.0
 46.66, 1960.2,  -26.25, 159.0
 46.68, 1961.1,  -26.25, 159.0
 46.70, 1962.0,  -26.25, 159.0
 46.72, 1962.8,  -26.38, 159.0
 46.74, 1963.6,  -26.25, 159.0
 46.76, 1964.6,  -26.25, 159.0
 46.78, 1965.4,  -26.25, 159.0
 46.80, 1966.2,  -26.25, 159.0
 46.82, 1967.2,  -26.25, 159.0
 46.84, 1968.0,  -26.25, 159.0
 46.86, 1968.8,  -26.38, 159.0
 46.88, 1969.6,  -26.38, 159.0
 46.90, 1970.5,  -26.63, 159.0
 46.92, 1971.4,  -26.75, 159.0
 46.94, 1972.2,  -26.63, 159.0
 46.96, 1973.2,  -26.75, 159.0
 46.98, 1974.0,  -26.75, 159.0
 47.00, 1974.9,  -26.63, 159.0
 47.02, 1975.8,  -26.75, 159.0
 47.04, 1976.7,  -27.00, 159.0
 47.06, 1977.6,  -27.00, 159.0
 47.08, 1978.5,  -27.00, 159.0
 47.10, 1979.4,  -27.13, 159.0
 47.12, 1980.4,  -27.00, 159.0
 47.14, 1981.2,  -27.00, 159.0
 47.16, 1982.2,  -27.13, 159.0
 47.18, 1983.0,  -27.25, 159.0
 47.20, 1984.0,  -27.38, 159.0
 47.22, 1984.8,  -27.50, 159.0
 47.24, 1985.8,  -27.50, 159.0
 47.26, 1986.7,  -27.38, 159.0
 47.28, 1987.6,  -27.38, 159.0
 47.30, 1988.6,  -27.50, 159.0
 47.32, 1989.4,  -27.63, 159.0
 47.34, 1990.4,  -27.63, 159.0
 47.36, 1991.3,  -27.63, 159.0
 47.38, 1992.2,  -27.50, 159.0
 47.40, 1993.2,  -27.63, 159.0
 47.42, 1994.2,  -27.88, 159.0
 47.44, 1995.0,  -27.88, 159.0
 47.46, 1996.0,  -27.88, 159.0
 47.48, 1997.0,  -27.88, 159.0
 47.50, 1998.0,  -27.75, 159.0
 47.52, 1998.9,  -27.75, 159.0
 47.54, 1999.8,  -28.00, 159.0
 47.56, 2000.8,  -28.00, 159.0
 47.58, 2001.6,  -27.88, 159.0
 47.60, 2002.6,  -27.88, 159.0
 47.62, 2003.6,  -27.75, 159.0
 47.64, 2004.5,  -27.75, 159.0
 47.66, 2005.4,  -27.88, 159.0
 47.68, 2006.3,  -28.00, 159.0
 47.70, 2007.2,  -27.88, 159.0
 47.72, 2008.2,  -27.75, 159.0
 47.74, 2009.1,  -27.75, 159.0
 47.76, 2010.1,  -27.63, 159.0
 47.78, 2011.0,  -27.75, 159.0
 47.80, 2011.8,  -27.88, 159.0
 47.82, 2012.8,  -27.88, 159.0
 47.84, 2013.8,  -27.75, 159.0
 47.86, 2014.6,  -27.75, 159.0
 47.88, 2015.6,  -27.63, 159.0
 47.90, 2016.6,  -27.50, 159.0
 47.92, 2017.4,  -27.38, 159.0
 47.94, 2018.2,  -27.50, 159.0
 47.96, 2019.2,  -27.38, 159.0
 47.98, 2020.1,  -27.50, 159.0
 48.00, 2021.0,  -27.63, 159.0
 48.02, 2021.8,  -27.50, 159.0
 48.04, 2022.6,  -27.50, 159.0
 48.06, 2023.6,  -27.50, 159.0
 48.08, 2024.5,  -27.50, 159.0
 48.10, 2025.4,  -27.25, 159.0
 48.12, 2026.2,  -27.25, 159.0
 48.14, 2027.0,  -27.25, 159.0
 48.16, 2028.0,  -27.13, 159.0
 48.18, 2028.8,  -27.25, 159.0
 48.20, 2029.8,  -27.38, 159.0
 48.22, 2030.6,  -27.25, 159.0
 48.24, 2031.4,  -27.38, 159.0
 48.26, 2032.3,  -27.38, 159.0
 48.28, 2033.3,  -27.38, 159.0
 48.30, 2034.1,  -27.38, 159.0
 48.32, 2035.0,  -27.38, 159.0
 48.34, 2035.8,  -27.38, 159.0
 48.36, 2036.6,  -27.25, 159.0
 48.38, 2037.4,  -27.25, 159.0
 48.40, 2038.2,  -27.25, 159.0
 48.42, 2039.2,  -27.13, 159.0
 48.44, 2040.0,  -27.25, 159.0
 48.46, 2040.8,  -27.25, 159.0
 48.48, 2041.7,  -27.38, 159.0
 48.50, 2042.5,  -27.50, 159.0
 48.52, 2043.3,  -27.63, 159.0
 48.54, 2044.1,  -27.50, 159.0
 48.56, 2045.1,  -27.63, 159.0
 48.58, 2046.0,  -27.63, 159.0
 48.60, 2046.9,  -27.50, 159.0
 48.62, 2047.7,  -27.50, 159.0
 48.64, 2048.5,  -27.50, 159.0
 48.66, 2049.5,  -27.63, 159.0
 48.68, 2050.4,  -27.75, 159.0
 48.70, 2051.3,  -27.88, 159.0
 48.72, 2052.1,  -28.00, 159.0
 48.74, 2052.9,  -28.00, 159.0
 48.76, 2053.9,  -28.00, 159.0
 48.78, 2054.8,  -28.00, 159.0
 48.80, 2055.7,  -27.75, 159.0
 48.82, 2056.5,  -28.00, 159.0
 48.84, 2057.3,  -28.25, 159.0
 48.86, 2058.3,  -28.25, 159.0
 48.88, 2059.3,  -28.38, 159.0
 48.90, 2060.1,  -28.25, 159.0
 48.92, 2061.0,  -28.25, 159.0
 48.94, 2062.0,  -28.25, 159.0
 48.96, 2062.9,  -28.63, 159.0
 48.98, 2063.7,  -28.63, 159.0
 49.00, 2064.8,  -28.63, 159.0
 49.02, 2065.7,  -28.50, 159.0
 49.04, 2066.6,  -28.50, 159.0
 49.06, 2067.6,  -28.50, 159.0
 49.08, 2068.5,  -28.75, 159.0
 49.10, 2069.3,  -28.88, 159.0
 49.12, 2070.5,  -28.75, 159.0
 49.14, 2071.3,  -28.63, 159.0
 49.16, 2072.2,  -28.63, 159.0
 49.18, 2073.2,  -28.75, 159.0
 49.20, 2074.1,  -28.88, 159.0
 49.22, 2074.9,  -29.00, 159.0
 49.24, 2076.1,  -28.88, 159.0
 49.26, 2076.9,  -28.63, 159.0
 49.28, 2077.9,  -28.88, 159.0
 49.30, 2078.9,  -29.00, 159.0
 49.32, 2079.7,  -29.00, 159.0
 49.34, 2080.7,  -29.00, 159.0
 49.36, 2081.7,  -28.88, 159.0
 49.38, 2082.6,  -28.75, 159.0
 49.40, 2083.7,  -28.88, 159.0
 49.42, 2084.5,  -29.00, 159.0
 49.44, 2085.4,  -29.00, 159.0
 49.46, 2086.5,  -29.00, 159.0
 49.48, 2087.3,  -29.00, 159.0
 49.50, 2088.3,  -28.75, 159.0
 49.52, 2089.3,  -28.63, 159.0
 49.54, 2090.1,  -28.75, 159.0
 49.56, 2090.9,  -28.88, 159.0
 49.58, 2092.0,  -28.75, 159.0
 49.60, 2092.9,  -28.75, 159.0
 49.62, 2093.7,  -28.75, 159.0
 49.64, 2094.7,  -28.50, 159.0
 49.66, 2095.7,  -28.38, 159.0
 49.68, 2096.5,  -28.63, 159.0
 49.70, 2097.3,  -28.75, 159.0
 49.72, 2098.3,  -28.75, 159.0
 49.74, 2099.3,  -28.88, 159.0
 49.76, 2100.1,  -28.75, 159.0
 49.78, 2101.0,  -28.63, 159.0
 49.80, 2102.1,  -28.50, 159.0
 49.82, 2102.9,  -28.50, 159.0
 49.84, 2103.7,  -28.25, 159.0
 49.86, 2104.6,  -28.25, 159.0
 49.88, 2105.5,  -28.38, 159.0
 49.90, 2106.5,  -28.25, 159.0
 49.92, 2107.3,  -28.38, 159.0
 49.94, 2108.1,  -28.50, 159.0
 49.96, 2109.0,  -28.50, 159.0
 49.98, 2109.9,  -28.50, 159.0
 50.00, 2110.9,  -28.50, 159.0
 50.02, 2111.7,  -28.38, 159.0
 50.04, 2112.5,  -28.13, 159.0
 50.06, 2113.3,  -28.25, 159.0
 50.08, 2114.2,  -28.25, 159.0
 50.10, 2115.1,  -28.25, 159.0
 50.12, 2116.1,  -28.38, 159.0
 50.14, 2116.9,  -28.50, 159.0
 50.16, 2117.7,  -28.38, 159.0
 50.18, 2118.6,  -28.50, 159.0
 50.20, 2119.5,  -28.63, 159.0
 50.22, 2120.5,  -28.50, 159.0
 50.24, 2121.3,  -28.38, 159.0
 50.26, 2122.1,  -28.38, 159.0
 50.28, 2122.9,  -28.38, 159.0
 50.30, 2123.9,  -28.38, 159.0
 50.32, 2124.7,  -28.50, 159.0
 50.34, 2125.7,  -28.75, 159.0
 50.36, 2126.5,  -28.75, 159.0
 50.38, 2127.3,  -28.75, 159.0
 50.40, 2128.2,  -28.88, 159.0
 50.42, 2129.1,  -28.63, 159.0
 50.44, 2130.1,  -28.63, 159.0
 50.46, 2130.9,  -28.75, 159.0
 50.48, 2131.7,  -29.00, 159.0
 50.50, 2132.7,  -29.00, 159.0
 50.52, 2133.6,  -29.13, 159.0
 50.54, 2134.5,  -29.13, 159.0
 50.56, 2135.4,  -29.00, 159.0
 50.58, 2136.3,  -29.00, 159.0
 50.60, 2137.3,  -29.13, 159.0
 50.62, 2138.1,  -29.25, 159.0
 50.64, 2139.1,  -29.38, 159.0
 50.66, 2140.0,  -29.50, 159.0
 50.68, 2140.9,  -29.25, 159.0
 50.70, 2141.8,  -29.13, 159.0
 50.72, 2142.7,  -29.38, 159.0
 50.74, 2143.6,  -29.50, 159.0
 50.76, 2144.5,  -29.50, 159.0
 50.78, 2145.4,  -29.63, 159.0
 50.80, 2146.4,  -29.50, 159.0
 50.82, 2147.3,  -29.50, 159.0
 50.84, 2148.3,  -29.63, 159.0
 50.86, 2149.2,  -29.88, 159.0
 50.88, 2150.2,  -29.75, 159.0
 50.90, 2151.1,  -29.63, 159.0
 50.92, 2152.0,  -29.75, 159.0
 50.94, 2153.0,  -29.75, 159.0
 50.96, 2154.0,  -29.88, 159.0
 50.98, 2154.9,  -30.00, 159.0
 51.00, 2155.9,  -29.88, 159.0
 51.02, 2156.8,  -29.63, 159.0
 51.04, 2157.8,  -29.88, 159.0
 51.06, 2158.8,  -30.00, 159.0
 51.08, 2159.7,  -29.88, 159.0
 51.10, 2160.7,  -29.88, 159.0
 51.12, 2161.6,  -29.88, 159.0
 51.14, 2162.5,  -29.63, 159.0
 51.16, 2163.5,  -29.75, 159.0
 51.18, 2164.4,  -30.00, 159.0
 51.20, 2165.4,  -29.88, 159.0
 51.22, 2166.3,  -29.75, 159.0
 51.24, 2167.2,  -29.75, 159.0
 51.26, 2168.2,  -29.75, 159.0
 51.28, 2169.2,  -29.75, 159.0
 51.30, 2170.0,  -30.00, 159.0
 51.32, 2171.0,  -29.88, 159.0
 51.34, 2172.0,  -29.75, 159.0
 51.36, 2172.9,  -29.63, 159.0
 51.38, 2173.8,  -29.50, 159.0
 51.40, 2174.8,  -29.50, 159.0
 51.42, 2175.7,  -29.63, 159.0
 51.44, 2176.6,  -29.75, 159.0
 51.46, 2177.5,  -29.75, 159.0
 51.48, 2178.4,  -29.63, 159.0
 51.50, 2179.3,  -29.63, 159.0
 51.52, 2180.2,  -29.50, 159.0
 51.54, 2181.2,  -29.38, 159.0
 51.56, 2182.0,  -29.38, 159.0
 51.58, 2182.9,  -29.50, 159.0
 51.60, 2183.8,  -29.50, 159.0
 51.62, 2184.7,  -29.50, 159.0
 51.64, 2185.6,  -29.63, 159.0
 51.66, 2186.5,  -29.50, 159.0
 51.68, 2187.4,  -29.38, 159.0
 51.70, 2188.3,  -29.38, 159.0
 51.72, 2189.2,  -29.38, 159.0
 51.74, 2190.0,  -29.25, 159.0
 51.76, 2191.0,  -29.38, 159.0
 51.78, 2191.8,  -29.38, 159.0
 51.80, 2192.7,  -29.38, 159.0
 51.82, 2193.6,  -29.50, 159.0
 51.84, 2194.5,  -29.50, 159.0
 51.86, 2195.4,  -29.50, 159.0
 51.88, 2196.2,  -29.38, 159.0
 51.90, 2197.1,  -29.50, 159.0
 51.92, 2198.0,  -29.38, 159.0
 51.94, 2198.9,  -29.38, 159.0
 51.96, 2199.8,  -29.50, 159.0
 51.98, 2200.6,  -29.63, 159.0
 52.00, 2201.5,  -29.63, 159.0
 52.02, 2202.3,  -29.75, 159.0
 52.04, 2203.3,  -29.75, 154.6
 52.06, 2204.2,  -29.63, 154.6
 52.08, 2205.0,  -29.63, 154.6
 52.10, 2206.0,  -29.75, 154.6
 52.12, 2206.8,  -29.63, 154.6
 52.14, 2207.8,  -29.88, 154.6
 52.16, 2208.6,  -30.00, 154.6
 52.18, 2209.5,  -30.00, 154.6
 52.20, 2210.5,  -29.88, 154.6
 52.22, 2211.4,  -29.88, 154.6
 52.24, 2212.3,  -30.00, 154.6
 52.26, 2213.2,  -29.88, 154.6
 52.28, 2214.1,  -30.00, 154.6
 52.30, 2215.0,  -30.25, 154.6
 52.32, 2215.9,  -30.25, 154.6
 52.34, 2216.8,  -30.13, 154.6
 52.36, 2217.8,  -30.25, 154.6
 52.38, 2218.6,  -30.25, 154.6
 52.40, 2219.6,  -30.38, 154.6
 52.42, 2220.5,  -30.50, 154.6
 52.44, 2221.4,  -30.50, 154.6
 52.46, 2222.3,  -30.38, 154.6
 52.48, 2223.4,  -30.50, 154.6
 52.50, 2224.2,  -30.63, 154.6
 52.52, 2225.2,  -30.63, 154.6
 52.54, 2226.2,  -30.63, 154.6
 52.56, 2227.1,  -30.63, 154.6
 52.58, 2228.1,  -30.63, 154.6
 52.60, 2229.0,  -30.50, 154.6
 52.62, 2230.0,  -30.88, 154.6
 52.64, 2231.0,  -30.88, 154.6
 52.66, 2231.8,  -30.75, 154.6
 52.68, 2232.7,  -30.75, 154.6
 52.70, 2233.8,  -30.75, 154.6
 52.72, 2234.6,  -30.75, 154.6
 52.74, 2235.6,  -30.88, 154.6
 52.76, 2236.6,  -31.00, 154.6
 52.78, 2237.5,  -30.88, 154.6
 52.80, 2238.5,  -30.75, 154.6
 52.82, 2239.4,  -30.88, 154.6
 52.84, 2240.3,  -30.88, 154.6
 52.86, 2241.3,  -31.00, 154.6
 52.88, 2242.1,  -31.00, 154.6
 52.90, 2243.1,  -30.88, 154.6
 52.92, 2244.1,  -30.75, 154.6
 52.94, 2245.0,  -30.88, 154.6
 52.96, 2246.0,  -31.00, 154.6
 52.98, 2246.9,  -31.00, 154.6
 53.00, 2247.8,  -30.88, 154.6
 53.02, 2248.9,  -30.88, 154.6
 53.04, 2249.7,  -30.75, 154.6
 53.06, 2250.7,  -30.75, 154.6
 53.08, 2251.6,  -30.88, 154.6
 53.10, 2252.5,  -31.00, 154.6
 53.12, 2253.3,  -30.88, 154.6
 53.14, 2254.3,  -30.75, 154.6
 53.16, 2255.3,  -30.75, 154.6
 53.18, 2256.1,  -30.63, 154.6
 53.20, 2257.1,  -30.63, 154.6
 53.22, 2258.0,  -30.75, 154.6
 53.24, 2258.9,  -30.75, 154.6
 53.26, 2259.7,  -30.75, 154.6
 53.28, 2260.7,  -30.75, 154.6
 53.30, 2261.7,  -30.75, 154.6
 53.32, 2262.5,  -30.50, 154.6
 53.34, 2263.5,  -30.50, 154.6
 53.36, 2264.3,  -30.50, 154.6
 53.38, 2265.3,  -30.50, 154.6
 53.40, 2266.1,  -30.50, 154.6
 53.42, 2267.0,  -30.63, 154.6
 53.44, 2267.9,  -30.63, 154.6
 53.46, 2268.9,  -30.63, 154.6
 53.48, 2269.7,  -30.63, 154.6
 53.50, 2270.5,  -30.63, 154.6
 53.52, 2271.4,  -30.50, 154.6
 53.54, 2272.3,  -30.50, 154.6
 53.56, 2273.3,  -30.50, 154.6
 53.58, 2274.1,  -30.50, 154.6
 53.60, 2274.9,  -30.63, 154.6
 53.62, 2275.8,  -30.88, 154.6
 53.64, 2276.7,  -30.88, 154.6
 53.66, 2277.7,  -30.75, 154.6
 53.68, 2278.5,  -30.75, 154.6
 53.70, 2279.3,  -30.75, 154.6
 53.72, 2280.3,  -30.63, 154.6
 53.74, 2281.1,  -30.63, 154.6
 53.76, 2282.1,  -30.75, 154.6
 53.78, 2282.9,  -30.75, 154.6
 53.80, 2283.8,  -30.88, 154.6
 53.82, 2284.7,  -31.00, 154.6
 53.84, 2285.7,  -31.00, 154.6
 53.86, 2286.5,  -30.88, 154.6
 53.88, 2287.3,  -31.00, 154.6
 53.90, 2288.3,  -31.00, 154.6
 53.92, 2289.1,  -31.00, 154.6
 53.94, 2290.1,  -31.13, 154.6
 53.96, 2290.9,  -31.25, 154.6
 53.98, 2291.8,  -31.25, 154.6
 54.00, 2292.7,  -31.13, 154.6
 54.02, 2293.7,  -31.25, 154.6
 54.04, 2294.7,  -31.25, 154.6
 54.06, 2295.7,  -31.38, 154.6
 54.08, 2296.7,  -31.50, 154.6
 54.10, 2297.5,  -31.63, 154.6
 54.12, 2298.4,  -31.50, 154.6
 54.14, 2299.4,  -31.50, 154.6
 54.16, 2300.3,  -31.50, 154.6
 54.18, 2301.3,  -31.50, 154.6
 54.20, 2302.2,  -31.63, 154.6
 54.22, 2303.1,  -31.88, 154.6
 54.24, 2303.9,  -31.75, 154.6
 54.26, 2304.9,  -31.63, 154.6
 54.28, 2305.9,  -31.75, 154.6
 54.30, 2306.7,  -31.75, 154.6
 54.32, 2307.7,  -31.88, 154.6
 54.34, 2308.7,  -31.88, 154.6
 54.36, 2309.5,  -31.88, 154.6
 54.38, 2310.5,  -31.75, 154.6
 54.40, 2311.5,  -31.88, 154.6
 54.42, 2312.3,  -32.13, 154.6
 54.44, 2313.1,  -32.13, 154.6
 54.46, 2314.1,  -32.00, 142.9
 54.48, 2315.0,  -32.00, 142.9
 54.50, 2316.1,  -32.00, 142.9
 54.52, 2316.9,  -32.00, 142.9
 54.54, 2317.9,  -32.13, 142.9
 54.56, 2318.9,  -32.25, 142.9
 54.58, 2319.7,  -32.00, 142.9
 54.60, 2320.7,  -32.00, 142.9
 54.62, 2321.7,  -32.00, 142.9
 54.64, 2322.5,  -32.00, 142.9
 54.66, 2323.5,  -32.00, 142.9
 54.68, 2324.5,  -32.13, 142.9
 54.70, 2325.3,  -32.13, 142.9
 54.72, 2326.3,  -32.00, 142.9
 54.74, 2327.3,  -31.88, 142.9
 54.76, 2328.1,  -32.00, 142.9
 54.78, 2329.1,  -31.88, 142.9
 54.80, 2329.9,  -32.00, 142.9
 54.82, 2330.9,  -32.13, 142.9
 54.84, 2331.9,  -32.13, 142.9
 54.86, 2332.9,  -32.00, 142.9
 54.88, 2333.9,  -32.00, 142.9
 54.90, 2334.7,  -31.88, 142.9
 54.92, 2335.7,  -31.75, 142.9
 54.94, 2336.6,  -31.88, 142.9
 54.96, 2337.5,  -32.00, 142.9
 54.98, 2338.4,  -32.00, 142.9
 55.00, 2339.3,  -32.00, 142.9
 55.02, 2340.3,  -32.00, 142.9
 55.04, 2341.1,  -31.88, 142.9
 55.06, 2342.0,  -31.75, 142.9
 55.08, 2342.9,  -31.75, 142.9
 55.10, 2343.7,  -31.75, 142.9
 55.12, 2344.7,  -31.63, 142.9
 55.14, 2345.5,  -31.75, 142.9
 55.16, 2346.5,  -31.88, 142.9
 55.18, 2347.3,  -31.88, 142.9
 55.20, 2348.2,  -31.88, 142.9
 55.22, 2349.1,  -31.88, 142.9
 55.24, 2350.0,  -31.88, 142.9
 55.26, 2351.0,  -31.75, 142.9
 55.28, 2351.8,  -31.63, 142.9
 55.30, 2352.7,  -31.88, 142.9
 55.32, 2353.6,  -31.88, 142.9
 55.34, 2354.4,  -31.88, 142.9
 55.36, 2355.4,  -32.00, 142.9
 55.38, 2356.2,  -32.13, 142.9
 55.40, 2357.2,  -32.00, 142.9
 55.42, 2358.0,  -32.00, 142.9
 55.44, 2359.0,  -32.00, 142.9
 55.46, 2359.8,  -31.88, 142.9
 55.48, 2360.6,  -31.88, 142.9
 55.50, 2361.6,  -32.00, 142.9
 55.52, 2362.4,  -32.00, 142.9
 55.54, 2363.3,  -32.13, 142.9
 55.56, 2364.2,  -32.38, 142.9
 55.58, 2365.0,  -32.25, 142.9
 55.60, 2366.0,  -32.13, 142.9
 55.62, 2366.9,  -32.13, 142.9
 55.64, 2367.8,  -32.25, 142.9
 55.66, 2368.6,  -32.25, 142.9
 55.68, 2369.6,  -32.38, 142.9
 55.70, 2370.4,  -32.63, 142.9
 55.72, 2371.4,  -32.50, 142.9
 55.74, 2372.2,  -32.38, 142.9
 55.76, 2373.2,  -32.50, 142.9
 55.78, 2374.2,  -32.38, 142.9
 55.80, 2375.0,  -32.38, 142.9
 55.82, 2375.9,  -32.63, 142.9
 55.84, 2376.8,  -32.75, 142.9
 55.86, 2377.8,  -32.75, 142.9
 55.88, 2378.6,  -32.63, 142.9
 55.90, 2379.6,  -32.63, 142.9
 55.92, 2380.5,  -32.63, 142.9
 55.94, 2381.4,  -32.88, 142.9
 55.96, 2382.2,  -33.00, 142.9
 55.98, 2383.2,  -33.00, 142.9
 56.00, 2384.2,  -32.88, 142.9
 56.02, 2385.0,  -32.75, 142.9
 56.04, 2386.1,  -33.00, 142.9
 56.06, 2387.0,  -33.13, 142.9
 56.08, 2387.8,  -33.13, 142.9
 56.10, 2388.9,  -33.25, 142.9
 56.12, 2389.8,  -33.00, 142.9
 56.14, 2390.8,  -33.00, 142.9
 56.16, 2391.7,  -33.13, 142.9
 56.18, 2392.6,  -33.25, 142.9
 56.20, 2393.6,  -33.25, 142.9
 56.22, 2394.6,  -33.13, 142.9
 56.24, 2395.4,  -33.13, 142.9
 56.26, 2396.4,  -33.00, 142.9
 56.28, 2397.4,  -33.13, 142.9
 56.30, 2398.2,  -33.38, 142.9
 56.32, 2399.2,  -33.38, 142.9
 56.34, 2400.2,  -33.25, 142.9
 56.36, 2401.0,  -33.13, 142.9
 56.38, 2402.0,  -33.13, 142.9
 56.40, 2403.0,  -33.13, 142.9
 56.42, 2403.8,  -33.38, 142.9
 56.44, 2404.8,  -33.38, 142.9
 56.46, 2405.8,  -33.38, 142.9
 56.48, 2406.6,  -33.13, 142.9
 56.50, 2407.6,  -33.13, 142.9
 56.52, 2408.6,  -33.13, 142.9
 56.54, 2409.4,  -33.25, 142.9
 56.56, 2410.4,  -33.25, 142.9
 56.58, 2411.4,  -33.38, 142.9
 56.60, 2412.2,  -33.25, 142.9
 56.62, 2413.2,  -33.00, 142.9
 56.64, 2414.1,  -33.00, 142.9
 56.66, 2415.0,  -33.00, 142.9
 56.68, 2415.8,  -33.00, 142.9
 56.70, 2416.8,  -33.25, 142.9
 56.72, 2417.8,  -33.25, 142.9
 56.74, 2418.6,  -33.13, 142.9
 56.76, 2419.4,  -33.13, 142.9
 56.78, 2420.5,  -33.00, 142.9
 56.80, 2421.4,  -33.00, 142.9
 56.82, 2422.2,  -33.00, 142.9
 56.84, 2423.0,  -33.13, 142.9
 56.86, 2424.0,  -33.25, 134.7
 56.88, 2425.0,  -33.13, 134.7
 56.90, 2425.8,  -33.13, 134.7
 56.92, 2426.6,  -33.25, 134.7
 56.94, 2427.7,  -33.00, 134.7
 56.96, 2428.6,  -32.88, 134.7
 56.98, 2429.4,  -32.88, 134.7
 57.00, 2430.2,  -33.00, 134.7
 57.02, 2431.2,  -33.00, 134.7
 57.04, 2432.2,  -33.13, 134.7
 57.06, 2433.0,  -33.13, 134.7
 57.08, 2433.8,  -33.13, 134.7
 57.10, 2434.7,  -33.13, 134.7
 57.12, 2435.7,  -33.13, 134.7
 57.14, 2436.6,  -33.00, 134.7
 57.16, 2437.4,  -32.88, 134.7
 57.18, 2438.2,  -33.13, 134.7
 57.20, 2439.1,  -33.25, 134.7
 57.22, 2440.1,  -33.38, 134.7
 57.24, 2441.0,  -33.38, 134.7
 57.26, 2441.8,  -33.50, 134.7
 57.28, 2442.7,  -33.25, 134.7
 57.30, 2443.7,  -33.13, 134.7
 57.32, 2444.6,  -33.25, 134.7
 57.34, 2445.4,  -33.50, 134.7
 57.36, 2446.3,  -33.50, 134.7
 57.38, 2447.4,  -33.63, 134.7
 57.40, 2448.2,  -33.63, 134.7
 57.42, 2449.0,  -33.50, 134.7
 57.44, 2450.1,  -33.38, 134.7
 57.46, 2451.0,  -33.50, 134.7
 57.48, 2451.8,  -33.50, 134.7
 57.50, 2452.6,  -33.75, 134.7
 57.52, 2453.6,  -33.88, 134.7
 57.54, 2454.6,  -33.88, 134.7
 57.56, 2455.4,  -33.63, 134.7
 57.58, 2456.4,  -33.63, 134.7
 57.60, 2457.4,  -33.88, 134.7
 57.62, 2458.2,  -34.00, 134.7
 57.64, 2459.1,  -34.00, 134.7
 57.66, 2460.2,  -34.00, 134.7
 57.68, 2461.0,  -33.88, 134.7
 57.70, 2462.0,  -33.88, 134.7
 57.72, 2463.0,  -34.25, 134.7
 57.74, 2463.8,  -34.25, 134.7
 57.76, 2464.8,  -34.25, 134.7
 57.78, 2465.8,  -34.00, 134.7
 57.80, 2466.6,  -34.00, 134.7
 57.82, 2467.8,  -34.13, 134.7
 57.84, 2468.6,  -34.38, 134.7
 57.86, 2469.5,  -34.38, 134.7
 57.88, 2470.6,  -34.25, 134.7
 57.90, 2471.4,  -34.00, 134.7
 57.92, 2472.4,  -34.13, 134.7
 57.94, 2473.4,  -34.50, 134.7
 57.96, 2474.2,  -34.38, 134.7
 57.98, 2475.2,  -34.38, 134.7
 58.00, 2476.2,  -34.25, 134.7
 58.02, 2477.0,  -34.38, 134.7
 58.04, 2478.2,  -34.50, 134.7
 58.06, 2479.0,  -34.63, 134.7
 58.08, 2480.0,  -34.50, 134.7
 58.10, 2481.0,  -34.25, 134.7
 58.12, 2481.8,  -34.25, 134.7
 58.14, 2483.0,  -34.63, 134.7
 58.16, 2483.8,  -34.63, 134.7
 58.18, 2484.8,  -34.50, 134.7
 58.20, 2485.8,  -34.38, 134.7
 58.22, 2486.6,  -34.25, 134.7
 58.24, 2487.7,  -34.25, 134.7
 58.26, 2488.6,  -34.38, 134.7
 58.28, 2489.5,  -34.50, 134.7
 58.30, 2490.5,  -34.50, 134.7
 58.32, 2491.4,  -34.38, 134.7
 58.34, 2492.3,  -34.25, 134.7
 58.36, 2493.3,  -34.25, 134.7
 58.38, 2494.2,  -34.38, 134.7
 58.40, 2495.0,  -34.50, 134.7
 58.42, 2496.0,  -34.50, 134.7
 58.44, 2497.0,  -34.25, 134.7
 58.46, 2497.8,  -34.13, 134.7
 58.48, 2498.8,  -34.13, 134.7
 58.50, 2499.8,  -34.25, 134.7
 58.52, 2500.6,  -34.38, 134.7
 58.54, 2501.6,  -34.50, 134.7
 58.56, 2502.6,  -34.38, 134.7
 58.58, 2503.4,  -34.25, 134.7
 58.60, 2504.4,  -34.13, 134.7
 58.62, 2505.4,  -34.13, 134.7
 58.64, 2506.2,  -34.13, 134.7
 58.66, 2507.1,  -34.13, 134.7
 58.68, 2508.0,  -34.38, 134.7
 58.70, 2509.0,  -34.38, 134.7
 58.72, 2509.8,  -34.25, 134.7
 58.74, 2510.8,  -34.13, 134.7
 58.76, 2511.7,  -34.13, 134.7
 58.78, 2512.6,  -34.00, 134.7
 58.80, 2513.4,  -34.13, 134.7
 58.82, 2514.3,  -34.25, 134.7
 58.84, 2515.2,  -34.38, 134.7
 58.86, 2516.1,  -34.38, 134.7
 58.88, 2517.0,  -34.25, 134.7
 58.90, 2518.0,  -34.25, 134.7
 58.92, 2518.9,  -34.13, 134.7
 58.94, 2519.8,  -34.25, 134.7
 58.96, 2520.7,  -34.50, 134.7
 58.98, 2521.6,  -34.50, 134.7
 59.00, 2522.5,  -34.50, 134.7
 59.02, 2523.4,  -34.38, 134.7
 59.04, 2524.4,  -34.38, 134.7
 59.06, 2525.3,  -34.25, 134.7
 59.08, 2526.2,  -34.38, 134.7
 59.10, 2527.1,  -34.63, 134.7
 59.12, 2528.0,  -34.63, 134.7
 59.14, 2528.9,  -34.63, 134.7
 59.16, 2529.8,  -34.63, 134.7
 59.18, 2530.8,  -34.50, 134.7
 59.20, 2531.7,  -34.50, 134.7
 59.22, 2532.6,  -34.63, 134.7
 59.24, 2533.5,  -34.88, 134.7
 59.26, 2534.4,  -34.88, 150.2
 59.28, 2535.3,  -34.75, 150.2
 59.30, 2536.2,  -34.75, 150.2
 59.32, 2537.2,  -34.88, 150.2
 59.34, 2538.2,  -35.00, 150.2
 59.36, 2539.1,  -35.00, 150.2
 59.38, 2540.0,  -35.13, 150.2
 59.40, 2541.0,  -34.88, 150.2
 59.42, 2542.0,  -34.88, 150.2
 59.44, 2542.9,  -35.13, 150.2
 59.46, 2543.8,  -35.25, 150.2
 59.48, 2544.8,  -35.13, 150.2
 59.50, 2545.7,  -35.13, 150.2
 59.52, 2546.7,  -35.00, 150.2
 59.54, 2547.6,  -35.13, 150.2
 59.56, 2548.6,  -35.25, 150.2
 59.58, 2549.5,  -35.38, 150.2
 59.60, 2550.4,  -35.25, 150.2
 59.62, 2551.4,  -35.13, 150.2
 59.64, 2552.4,  -35.38, 150.2
 59.66, 2553.3,  -35.50, 150.2
 59.68, 2554.2,  -35.50, 150.2
 59.70, 2555.2,  -35.38, 150.2
 59.72, 2556.2,  -35.38, 150.2
 59.74, 2557.2,  -35.50, 150.2
 59.76, 2558.1,  -35.50, 150.2
 59.78, 2559.1,  -35.63, 150.2
 59.80, 2560.0,  -35.50, 150.2
 59.82, 2561.0,  -35.38, 150.2
 59.84, 2562.0,  -35.50, 150.2
 59.86, 2563.0,  -35.63, 150.2
 59.88, 2563.9,  -35.63, 150.2
 59.90, 2564.8,  -35.50, 150.2
 59.92, 2565.8,  -35.50, 150.2
 59.94, 2566.8,  -35.50, 150.2
 59.96, 2567.8,  -35.50, 150.2
 59.98, 2568.7,  -35.63, 150.2
 60.00, 2569.6,  -35.63, 150.2
 60.02, 2570.5,  -35.38, 150.2
 60.04, 2571.5,  -35.38, 150.2
 60.06, 2572.4,  -35.50, 150.2
 60.08, 2573.4,  -35.63, 150.2
 60.10, 2574.4,  -35.50, 150.2
 60.12, 2575.2,  -35.50, 150.2
 60.14, 2576.2,  -35.50, 150.2
 60.16, 2577.2,  -35.38, 150.2
 60.18, 2578.1,  -35.38, 150.2
 60.20, 2579.0,  -35.63, 150.2
 60.22, 2580.0,  -35.63, 150.2
 60.24, 2580.9,  -35.50, 150.2
 60.26, 2581.9,  -35.50, 150.2
 60.28, 2582.8,  -35.38, 150.2
 60.30, 2583.7,  -35.25, 150.2
 60.32, 2584.6,  -35.25, 150.2
 60.34, 2585.6,  -35.50, 150.2
 60.36, 2586.4,  -35.50, 150.2
 60.38, 2587.4,  -35.38, 150.2
 60.40, 2588.4,  -35.38, 150.2
 60.42, 2589.2,  -35.38, 150.2
 60.44, 2590.1,  -35.25, 150.2
 60.46, 2591.0,  -35.25, 150.2
 60.48, 2592.0,  -35.50, 150.2
 60.50, 2592.8,  -35.50, 150.2
 60.52, 2593.7,  -35.50, 150.2
 60.54, 2594.7,  -35.50, 150.2
 60.56, 2595.6,  -35.50, 150.2
 60.58, 2596.4,  -35.38, 150.2
 60.60, 2597.4,  -35.38, 150.2
 60.62, 2598.4,  -35.63, 150.2
 60.64, 2599.2,  -35.50, 150.2
 60.66, 2600.1,  -35.63, 150.2
 60.68, 2601.1,  -35.50, 150.2
 60.70, 2602.0,  -35.50, 150.2
 60.72, 2602.8,  -35.38, 150.2
 60.74, 2603.8,  -35.50, 150.2
 60.76, 2604.8,  -35.63, 150.2
 60.78, 2605.6,  -35.63, 150.2
 60.80, 2606.5,  -35.63, 150.2
 60.82, 2607.4,  -35.75, 150.2
 60.84, 2608.4,  -35.63, 150.2
 60.86, 2609.2,  -35.50, 150.2
 60.88, 2610.2,  -35.75, 150.2
 60.90, 2611.0,  -35.88, 150.2
 60.92, 2612.0,  -35.88, 150.2
 60.94, 2612.8,  -35.88, 150.2
 60.96, 2613.8,  -35.88, 150.2
 60.98, 2614.8,  -35.88, 150.2
 61.00, 2615.6,  -35.88, 150.2
 61.02, 2616.6,  -36.00, 150.2
 61.04, 2617.6,  -36.25, 150.2
 61.06, 2618.4,  -36.00, 150.2
 61.08, 2619.4,  -36.00, 150.2
 61.10, 2620.4,  -36.13, 150.2
 61.12, 2621.2,  -36.13, 150.2
 61.14, 2622.2,  -36.13, 150.2
 61.16, 2623.2,  -36.38, 150.2
 61.18, 2624.0,  -36.25, 150.2
 61.20, 2625.0,  -36.13, 150.2
 61.22, 2626.0,  -36.13, 150.2
 61.24, 2626.8,  -36.38, 150.2
 61.26, 2627.8,  -36.50, 150.2
 61.28, 2628.8,  -36.38, 150.2
 61.30, 2629.6,  -36.38, 150.2
 61.32, 2630.7,  -36.38, 150.2
 61.34, 2631.6,  -36.38, 150.2
 61.36, 2632.6,  -36.63, 150.2
 61.38, 2633.6,  -36.63, 150.2
 61.40, 2634.4,  -36.50, 150.2
 61.42, 2635.4,  -36.50, 150.2
 61.44, 2636.4,  -36.63, 150.2
 61.46, 2637.3,  -36.75, 150.2
 61.48, 2638.4,  -36.75, 150.2
 61.50, 2639.2,  -36.63, 150.2
 61.52, 2640.2,  -36.63, 150.2
 61.54, 2641.2,  -36.63, 150.2
 61.56, 2642.0,  -36.63, 150.2
 61.58, 2643.0,  -36.88, 150.2
 61.60, 2644.0,  -36.88, 150.2
 61.62, 2644.9,  -36.63, 150.2
 61.64, 2646.0,  -36.50, 150.2
 61.66, 2646.8,  -36.75, 145.8
 61.68, 2647.8,  -36.75, 145.8
 61.70, 2648.8,  -36.88, 145.8
 61.72, 2649.6,  -36.88, 145.8
 61.74, 2650.5,  -36.75, 145.8
 61.76, 2651.6,  -36.50, 145.8
 61.78, 2652.4,  -36.63, 145.8
 61.80, 2653.4,  -36.88, 145.8
 61.82, 2654.4,  -36.88, 145.8
 61.84, 2655.2,  -36.75, 145.8
 61.86, 2656.2,  -36.88, 145.8
 61.88, 2657.2,  -36.75, 145.8
 61.90, 2658.0,  -36.63, 145.8
 61.92, 2659.0,  -36.75, 145.8
 61.94, 2660.0,  -36.88, 145.8
 61.96, 2660.8,  -36.88, 145.8
 61.98, 2661.8,  -36.75, 145.8
 62.00, 2662.8,  -36.75, 145.8
 62.02, 2663.6,  -36.63, 145.8
 62.04, 2664.6,  -36.50, 145.8
===============================
Changed Angle: -2.50
Elapsed Time : 9.20
Disk R.P.M   : 141.3
===============================
2018-04-13.  11:58:27.

