Device: Gyroscope
===============================
  Time  Rotation   Tilt   D-RPM
------- -------- ------- ------
  0.00,    1.0,   -8.00, 225.3
  0.02,    2.0,   -8.13, 225.3
  0.04,    2.8,   -8.25, 225.3
  0.06,    3.8,   -8.63, 225.3
  0.08,    4.7,   -8.75, 225.3
  0.10,    5.6,   -8.75, 225.3
  0.12,    6.6,   -8.88, 225.3
  0.14,    7.6,   -9.25, 225.3
  0.16,    8.5,   -9.13, 225.3
  0.18,    9.4,   -9.25, 225.3
  0.20,   10.4,   -9.50, 225.3
  0.22,   11.4,   -9.50, 225.3
  0.24,   12.5,   -9.63, 225.3
  0.26,   13.6,   -9.88, 225.3
  0.28,   14.6,   -9.88, 225.3
  0.30,   15.7,   -9.88, 225.3
  0.32,   16.7,  -10.13, 225.3
  0.34,   17.8,  -10.00, 225.3
  0.36,   18.9,  -10.13, 225.3
  0.38,   19.9,  -10.38, 225.3
  0.40,   21.0,  -10.25, 225.3
  0.42,   22.1,  -10.38, 225.3
  0.44,   23.1,  -10.38, 225.3
  0.46,   24.2,  -10.25, 225.3
  0.48,   25.3,  -10.38, 225.3
  0.50,   26.4,  -10.50, 225.3
  0.52,   27.4,  -10.25, 225.3
  0.54,   28.6,  -10.38, 225.3
  0.56,   29.6,  -10.25, 225.3
  0.58,   30.8,  -10.25, 225.3
  0.60,   31.8,   -9.88, 225.3
  0.62,   32.8,  -10.00, 225.3
  0.64,   33.8,  -10.00, 225.3
  0.66,   35.0,   -9.88, 225.3
  0.68,   35.9,   -9.75, 225.3
  0.70,   37.0,   -9.63, 225.3
  0.72,   38.0,   -9.75, 225.3
  0.74,   39.0,   -9.50, 225.3
  0.76,   39.9,   -9.50, 225.3
  0.78,   40.9,   -9.25, 225.3
  0.80,   41.8,   -9.13, 225.3
  0.82,   42.9,   -8.88, 225.3
  0.84,   43.8,   -8.75, 225.3
  0.86,   44.8,   -8.63, 225.3
  0.88,   45.7,   -8.50, 225.3
  0.90,   46.6,   -8.50, 225.3
  0.92,   47.4,   -8.38, 225.3
  0.94,   48.3,   -8.38, 225.3
  0.96,   49.3,   -8.38, 225.3
  0.98,   50.1,   -8.38, 225.3
  1.00,   50.9,   -8.13, 225.3
  1.02,   51.8,   -8.13, 225.3
  1.04,   52.6,   -8.00, 225.3
  1.06,   53.4,   -8.00, 225.3
  1.08,   54.2,   -7.88, 225.3
  1.10,   55.0,   -7.75, 225.3
  1.12,   55.9,   -7.88, 225.3
  1.14,   56.8,   -7.75, 225.3
  1.16,   57.6,   -7.75, 225.3
  1.18,   58.4,   -7.75, 225.3
  1.20,   59.1,   -7.88, 225.3
  1.22,   60.0,   -7.88, 225.3
  1.24,   60.8,   -7.88, 225.3
  1.26,   61.6,   -7.88, 225.3
  1.28,   62.4,   -7.88, 225.3
  1.30,   63.2,   -7.88, 225.3
  1.32,   64.1,   -8.00, 225.3
  1.34,   65.0,   -8.13, 225.3
  1.36,   65.8,   -8.25, 225.3
  1.38,   66.6,   -8.38, 225.3
  1.40,   67.4,   -8.50, 225.3
  1.42,   68.4,   -8.50, 225.3
  1.44,   69.3,   -8.50, 225.3
  1.46,   70.1,   -8.75, 225.3
  1.48,   71.0,   -9.00, 225.3
  1.50,   71.8,   -9.13, 225.3
  1.52,   72.7,   -9.13, 225.3
  1.54,   73.7,   -9.25, 225.3
  1.56,   74.5,   -9.63, 225.3
  1.58,   75.6,   -9.63, 225.3
  1.60,   76.5,   -9.63, 225.3
  1.62,   77.6,   -9.88, 225.3
  1.64,   78.5,  -10.13, 225.3
  1.66,   79.6,  -10.00, 225.3
  1.68,   80.5,  -10.13, 225.3
  1.70,   81.6,  -10.38, 225.3
  1.72,   82.5,  -10.38, 225.3
  1.74,   83.7,  -10.50, 225.3
  1.76,   84.6,  -10.63, 225.3
  1.78,   85.7,  -10.63, 225.3
  1.80,   86.8,  -10.88, 225.3
  1.82,   87.8,  -11.00, 225.3
  1.84,   88.9,  -10.75, 225.3
  1.86,   90.1,  -11.00, 225.3
  1.88,   91.2,  -11.00, 225.3
  1.90,   92.2,  -10.88, 225.3
  1.92,   93.3,  -11.00, 225.3
  1.94,   94.5,  -11.00, 225.3
  1.96,   95.6,  -10.88, 225.3
  1.98,   96.5,  -11.00, 225.3
  2.00,   97.7,  -11.00, 225.3
  2.02,   98.8,  -10.75, 225.3
  2.04,   99.7,  -10.88, 225.3
  2.06,  100.9,  -10.88, 225.3
  2.08,  101.9,  -10.63, 225.3
  2.10,  102.9,  -10.50, 225.3
  2.12,  104.1,  -10.50, 225.3
  2.14,  105.1,  -10.50, 225.3
  2.16,  106.1,  -10.38, 225.3
  2.18,  107.1,  -10.13, 225.3
  2.20,  108.1,   -9.88, 225.3
  2.22,  109.1,   -9.88, 225.3
  2.24,  110.0,   -9.88, 225.3
  2.26,  110.8,   -9.88, 225.3
  2.28,  111.9,   -9.75, 225.3
  2.30,  112.7,   -9.63, 225.3
  2.32,  113.6,   -9.38, 225.3
  2.34,  114.6,   -9.13, 225.3
  2.36,  115.5,   -9.13, 225.3
  2.38,  116.3,   -8.88, 225.3
  2.40,  117.3,   -8.88, 238.5
  2.42,  118.3,   -8.75, 238.5
  2.44,  119.1,   -8.75, 238.5
  2.46,  119.9,   -8.63, 238.5
  2.48,  120.7,   -8.63, 238.5
  2.50,  121.7,   -8.50, 238.5
  2.52,  122.5,   -8.50, 238.5
  2.54,  123.3,   -8.50, 238.5
  2.56,  124.2,   -8.50, 238.5
  2.58,  125.0,   -8.50, 238.5
  2.60,  125.8,   -8.38, 238.5
  2.62,  126.7,   -8.50, 238.5
  2.64,  127.5,   -8.50, 238.5
  2.66,  128.3,   -8.50, 238.5
  2.68,  129.1,   -8.50, 238.5
  2.70,  129.9,   -8.63, 238.5
  2.72,  130.7,   -8.63, 238.5
  2.74,  131.5,   -8.63, 238.5
  2.76,  132.3,   -8.63, 238.5
  2.78,  133.1,   -8.50, 238.5
  2.80,  134.1,   -8.75, 238.5
  2.82,  134.9,   -8.88, 238.5
  2.84,  135.7,   -9.13, 238.5
  2.86,  136.7,   -9.13, 238.5
  2.88,  137.5,   -9.25, 238.5
  2.90,  138.3,   -9.13, 238.5
  2.92,  139.3,   -9.38, 238.5
  2.94,  140.3,   -9.63, 238.5
  2.96,  141.1,   -9.75, 238.5
  2.98,  142.1,   -9.88, 238.5
  3.00,  143.1,   -9.88, 238.5
  3.02,  143.9,  -10.25, 238.5
  3.04,  144.9,  -10.38, 238.5
  3.06,  145.9,  -10.25, 238.5
  3.08,  146.9,  -10.50, 238.5
  3.10,  147.9,  -10.75, 238.5
  3.12,  148.9,  -10.63, 238.5
  3.14,  149.9,  -10.88, 238.5
  3.16,  150.8,  -11.00, 238.5
  3.18,  151.8,  -10.88, 238.5
  3.20,  153.0,  -11.25, 238.5
  3.22,  154.0,  -11.25, 238.5
  3.24,  155.0,  -11.13, 238.5
  3.26,  156.2,  -11.38, 238.5
  3.28,  157.2,  -11.50, 238.5
  3.30,  158.3,  -11.38, 238.5
  3.32,  159.4,  -11.63, 238.5
  3.34,  160.5,  -11.50, 238.5
  3.36,  161.6,  -11.50, 238.5
  3.38,  162.6,  -11.63, 238.5
  3.40,  163.7,  -11.50, 238.5
  3.42,  164.8,  -11.50, 238.5
  3.44,  165.8,  -11.50, 238.5
  3.46,  167.0,  -11.50, 238.5
  3.48,  168.2,  -11.25, 238.5
  3.50,  169.2,  -11.50, 238.5
  3.52,  170.2,  -11.38, 238.5
  3.54,  171.4,  -11.13, 238.5
  3.56,  172.4,  -11.13, 238.5
  3.58,  173.4,  -11.13, 238.5
  3.60,  174.4,  -11.13, 238.5
  3.62,  175.4,  -10.88, 238.5
  3.64,  176.5,  -10.75, 238.5
  3.66,  177.4,  -10.63, 238.5
  3.68,  178.4,  -10.63, 238.5
  3.70,  179.3,  -10.50, 238.5
  3.72,  180.3,  -10.38, 238.5
  3.74,  181.3,  -10.25, 238.5
  3.76,  182.3,  -10.00, 238.5
  3.78,  183.3,   -9.88, 238.5
  3.80,  184.1,   -9.75, 238.5
  3.82,  185.1,   -9.75, 238.5
  3.84,  186.0,   -9.63, 238.5
  3.86,  186.9,   -9.75, 238.5
  3.88,  187.7,   -9.50, 238.5
  3.90,  188.6,   -9.50, 238.5
  3.92,  189.5,   -9.50, 238.5
  3.94,  190.3,   -9.38, 238.5
  3.96,  191.2,   -9.38, 238.5
  3.98,  192.1,   -9.25, 238.5
  4.00,  192.9,   -9.25, 238.5
  4.02,  193.7,   -9.13, 238.5
  4.04,  194.6,   -9.13, 238.5
  4.06,  195.5,   -9.00, 238.5
  4.08,  196.3,   -9.00, 238.5
  4.10,  197.1,   -9.00, 238.5
  4.12,  197.9,   -9.00, 238.5
  4.14,  198.7,   -9.00, 238.5
  4.16,  199.5,   -9.00, 238.5
  4.18,  200.4,   -9.13, 238.5
  4.20,  201.2,   -9.25, 238.5
  4.22,  202.1,   -9.50, 238.5
  4.24,  202.9,   -9.50, 238.5
  4.26,  203.8,   -9.50, 238.5
  4.28,  204.7,   -9.63, 238.5
  4.30,  205.5,   -9.50, 238.5
  4.32,  206.5,   -9.63, 238.5
  4.34,  207.3,   -9.75, 238.5
  4.36,  208.3,  -10.00, 238.5
  4.38,  209.1,  -10.13, 238.5
  4.40,  210.0,  -10.13, 238.5
  4.42,  210.9,  -10.25, 238.5
  4.44,  211.9,  -10.63, 238.5
  4.46,  212.8,  -10.75, 238.5
  4.48,  213.7,  -10.63, 238.5
  4.50,  214.7,  -11.00, 238.5
  4.52,  215.7,  -11.00, 238.5
  4.54,  216.7,  -11.00, 238.5
  4.56,  217.8,  -11.13, 238.5
  4.58,  218.8,  -11.38, 238.5
  4.60,  219.9,  -11.25, 238.5
  4.62,  220.9,  -11.50, 238.5
  4.64,  221.9,  -11.75, 238.5
  4.66,  222.9,  -11.63, 238.5
  4.68,  224.0,  -11.88, 238.5
  4.70,  225.1,  -12.00, 238.5
  4.72,  226.1,  -12.00, 238.5
  4.74,  227.2,  -12.13, 238.5
  4.76,  228.3,  -12.13, 238.5
  4.78,  229.5,  -12.00, 238.5
  4.80,  230.5,  -12.25, 238.5
  4.82,  231.6,  -12.13, 238.5
  4.84,  232.7,  -12.00, 238.5
  4.86,  233.9,  -12.25, 238.5
  4.88,  234.9,  -12.00, 238.5
  4.90,  235.9,  -12.00, 238.5
  4.92,  237.1,  -12.00, 238.5
  4.94,  238.1,  -12.00, 238.5
  4.96,  239.2,  -11.88, 238.5
  4.98,  240.3,  -12.13, 238.5
  5.00,  241.3,  -12.00, 238.5
  5.02,  242.3,  -11.75, 238.5
  5.04,  243.5,  -11.75, 238.5
  5.06,  244.5,  -11.75, 238.5
  5.08,  245.5,  -11.63, 238.5
  5.10,  246.6,  -11.38, 238.5
  5.12,  247.5,  -11.25, 238.5
  5.14,  248.7,  -11.00, 238.5
  5.16,  249.5,  -11.00, 238.5
  5.18,  250.5,  -11.00, 238.5
  5.20,  251.5,  -10.88, 238.5
  5.22,  252.4,  -10.88, 238.5
  5.24,  253.5,  -10.63, 238.5
  5.26,  254.3,  -10.63, 238.5
  5.28,  255.2,  -10.50, 238.5
  5.30,  256.1,  -10.38, 238.5
  5.32,  257.1,  -10.25, 238.5
  5.34,  257.9,  -10.13, 238.5
  5.36,  258.9,  -10.00, 238.5
  5.38,  259.9,   -9.88, 238.5
  5.40,  260.7,   -9.88, 238.5
  5.42,  261.5,   -9.88, 238.5
  5.44,  262.3,   -9.88, 238.5
  5.46,  263.1,   -9.88, 238.5
  5.48,  264.0,   -9.88, 238.5
  5.50,  264.9,   -9.88, 238.5
  5.52,  265.7,   -9.75, 238.5
  5.54,  266.5,   -9.75, 238.5
  5.56,  267.3,   -9.63, 238.5
  5.58,  268.3,   -9.75, 238.5
  5.60,  269.1,   -9.63, 238.5
  5.62,  269.9,   -9.75, 238.5
  5.64,  270.7,   -9.75, 238.5
  5.66,  271.5,   -9.88, 238.5
  5.68,  272.4,   -9.88, 238.5
  5.70,  273.3,  -10.00, 238.5
  5.72,  274.3,  -10.13, 238.5
  5.74,  275.1,  -10.13, 238.5
  5.76,  275.9,  -10.25, 238.5
  5.78,  276.7,  -10.25, 238.5
  5.80,  277.6,  -10.50, 238.5
  5.82,  278.5,  -10.63, 238.5
  5.84,  279.5,  -10.75, 238.5
  5.86,  280.3,  -10.75, 238.5
  5.88,  281.3,  -10.88, 238.5
  5.90,  282.3,  -11.13, 238.5
  5.92,  283.3,  -11.13, 238.5
  5.94,  284.3,  -11.25, 238.5
  5.96,  285.1,  -11.38, 238.5
  5.98,  286.3,  -11.63, 238.5
  6.00,  287.1,  -11.63, 238.5
  6.02,  288.1,  -11.75, 238.5
  6.04,  289.1,  -12.00, 238.5
  6.06,  290.2,  -12.00, 238.5
  6.08,  291.1,  -12.13, 238.5
  6.10,  292.3,  -12.25, 238.5
  6.12,  293.3,  -12.38, 238.5
  6.14,  294.3,  -12.38, 238.5
  6.16,  295.5,  -12.63, 238.5
  6.18,  296.6,  -12.50, 238.5
  6.20,  297.6,  -12.63, 238.5
  6.22,  298.7,  -12.75, 238.5
  6.24,  299.9,  -12.63, 238.5
  6.26,  300.9,  -12.88, 238.5
  6.28,  301.9,  -12.75, 238.5
  6.30,  303.1,  -12.75, 238.5
  6.32,  304.1,  -12.88, 238.5
  6.34,  305.1,  -12.75, 238.5
  6.36,  306.3,  -12.75, 238.5
  6.38,  307.5,  -12.88, 238.5
  6.40,  308.5,  -12.75, 238.5
  6.42,  309.5,  -12.50, 238.5
  6.44,  310.7,  -12.75, 238.5
  6.46,  311.8,  -12.50, 238.5
  6.48,  312.7,  -12.50, 238.5
  6.50,  313.9,  -12.25, 238.5
  6.52,  314.9,  -12.38, 238.5
  6.54,  315.9,  -12.25, 238.5
  6.56,  317.0,  -12.00, 238.5
  6.58,  317.9,  -12.00, 238.5
  6.60,  319.0,  -11.88, 238.5
  6.62,  319.9,  -12.00, 238.5
  6.64,  320.9,  -11.75, 238.5
  6.66,  321.9,  -11.63, 238.5
  6.68,  322.9,  -11.38, 238.5
  6.70,  323.9,  -11.38, 238.5
  6.72,  324.7,  -11.25, 238.5
  6.74,  325.7,  -11.13, 238.5
  6.76,  326.7,  -11.13, 238.5
  6.78,  327.5,  -11.00, 238.5
  6.80,  328.4,  -11.00, 238.5
  6.82,  329.3,  -10.88, 238.5
  6.84,  330.2,  -10.88, 238.5
  6.86,  331.0,  -10.75, 238.5
  6.88,  331.8,  -10.63, 238.5
  6.90,  332.7,  -10.63, 238.5
  6.92,  333.6,  -10.50, 238.5
  6.94,  334.4,  -10.50, 238.5
  6.96,  335.3,  -10.38, 238.5
  6.98,  336.2,  -10.38, 238.5
  7.00,  337.0,  -10.25, 238.5
  7.02,  337.8,  -10.38, 238.5
  7.04,  338.6,  -10.38, 238.5
  7.06,  339.6,  -10.38, 238.5
  7.08,  340.4,  -10.50, 238.5
  7.10,  341.2,  -10.63, 238.5
  7.12,  342.2,  -10.75, 238.5
  7.14,  343.0,  -10.75, 238.5
  7.16,  343.8,  -10.75, 238.5
  7.18,  344.6,  -10.63, 238.5
  7.20,  345.5,  -10.63, 225.3
  7.22,  346.4,  -10.88, 225.3
  7.24,  347.3,  -11.00, 225.3
  7.26,  348.2,  -11.25, 225.3
  7.28,  349.0,  -11.25, 225.3
  7.30,  350.0,  -11.38, 225.3
  7.32,  351.0,  -11.38, 225.3
  7.34,  351.8,  -11.75, 225.3
  7.36,  352.8,  -11.88, 225.3
  7.38,  353.8,  -11.75, 225.3
  7.40,  354.6,  -11.88, 225.3
  7.42,  355.6,  -12.13, 225.3
  7.44,  356.6,  -12.13, 225.3
  7.46,  357.6,  -12.13, 225.3
  7.48,  358.6,  -12.50, 225.3
  7.50,  359.6,  -12.50, 225.3
  7.52,  360.7,  -12.50, 225.3
  7.54,  361.8,  -12.88, 225.3
  7.56,  362.8,  -12.88, 225.3
  7.58,  363.8,  -12.88, 225.3
  7.60,  364.9,  -13.13, 225.3
  7.62,  366.0,  -13.13, 225.3
  7.64,  367.0,  -13.13, 225.3
  7.66,  368.0,  -13.38, 225.3
  7.68,  369.2,  -13.25, 225.3
  7.70,  370.2,  -13.38, 225.3
  7.72,  371.3,  -13.50, 225.3
  7.74,  372.4,  -13.25, 225.3
  7.76,  373.5,  -13.50, 225.3
  7.78,  374.6,  -13.50, 225.3
  7.80,  375.7,  -13.38, 225.3
  7.82,  376.8,  -13.50, 225.3
  7.84,  377.9,  -13.50, 225.3
  7.86,  379.0,  -13.25, 225.3
  7.88,  380.0,  -13.38, 225.3
  7.90,  381.2,  -13.38, 225.3
  7.92,  382.2,  -13.13, 225.3
  7.94,  383.2,  -13.13, 225.3
  7.96,  384.3,  -13.13, 225.3
  7.98,  385.4,  -13.13, 225.3
  8.00,  386.4,  -12.88, 225.3
  8.02,  387.4,  -12.75, 225.3
  8.04,  388.4,  -12.88, 225.3
  8.06,  389.5,  -12.75, 225.3
  8.08,  390.4,  -12.63, 225.3
  8.10,  391.5,  -12.38, 225.3
  8.12,  392.5,  -12.25, 225.3
  8.14,  393.5,  -12.13, 225.3
  8.16,  394.4,  -12.13, 225.3
  8.18,  395.4,  -12.13, 225.3
  8.20,  396.3,  -12.00, 225.3
  8.22,  397.2,  -12.00, 225.3
  8.24,  398.2,  -11.75, 225.3
  8.26,  399.1,  -11.63, 225.3
  8.28,  400.0,  -11.38, 225.3
  8.30,  400.8,  -11.50, 225.3
  8.32,  401.8,  -11.38, 225.3
  8.34,  402.7,  -11.38, 225.3
  8.36,  403.6,  -11.38, 225.3
  8.38,  404.4,  -11.25, 225.3
  8.40,  405.4,  -11.25, 225.3
  8.42,  406.2,  -11.13, 225.3
  8.44,  407.1,  -11.25, 225.3
  8.46,  407.9,  -11.25, 225.3
  8.48,  408.8,  -11.13, 225.3
  8.50,  409.6,  -11.25, 225.3
  8.52,  410.4,  -11.13, 225.3
  8.54,  411.2,  -11.13, 225.3
  8.56,  412.0,  -11.00, 225.3
  8.58,  412.9,  -11.25, 225.3
  8.60,  413.8,  -11.38, 225.3
  8.62,  414.7,  -11.50, 225.3
  8.64,  415.6,  -11.50, 225.3
  8.66,  416.4,  -11.50, 225.3
  8.68,  417.4,  -11.63, 225.3
  8.70,  418.3,  -11.50, 225.3
  8.72,  419.2,  -11.63, 225.3
  8.74,  420.0,  -11.75, 225.3
  8.76,  420.8,  -12.00, 225.3
  8.78,  421.8,  -12.13, 225.3
  8.80,  422.8,  -12.00, 225.3
  8.82,  423.6,  -12.38, 225.3
  8.84,  424.7,  -12.63, 225.3
  8.86,  425.6,  -12.63, 225.3
  8.88,  426.5,  -12.63, 225.3
  8.90,  427.6,  -12.88, 225.3
  8.92,  428.6,  -13.00, 225.3
  8.94,  429.6,  -12.88, 225.3
  8.96,  430.5,  -13.13, 225.3
  8.98,  431.6,  -13.25, 225.3
  9.00,  432.7,  -13.25, 225.3
  9.02,  433.6,  -13.38, 225.3
  9.04,  434.7,  -13.63, 225.3
  9.06,  435.6,  -13.50, 225.3
  9.08,  436.8,  -13.88, 225.3
  9.10,  437.8,  -13.88, 225.3
  9.12,  438.8,  -13.88, 225.3
  9.14,  440.0,  -14.13, 225.3
  9.16,  441.1,  -14.00, 225.3
  9.18,  442.2,  -14.13, 225.3
  9.20,  443.2,  -14.13, 225.3
  9.22,  444.4,  -14.00, 225.3
  9.24,  445.5,  -14.00, 225.3
  9.26,  446.6,  -14.13, 225.3
  9.28,  447.6,  -13.88, 225.3
  9.30,  448.8,  -14.00, 225.3
  9.32,  449.8,  -14.13, 225.3
  9.34,  450.8,  -13.88, 225.3
  9.36,  452.0,  -14.13, 225.3
  9.38,  453.1,  -14.00, 225.3
  9.40,  454.1,  -13.75, 225.3
  9.42,  455.2,  -13.88, 225.3
  9.44,  456.4,  -13.75, 225.3
  9.46,  457.4,  -13.75, 225.3
  9.48,  458.4,  -13.38, 225.3
  9.50,  459.5,  -13.50, 225.3
  9.52,  460.4,  -13.38, 225.3
  9.54,  461.6,  -13.38, 225.3
  9.56,  462.4,  -13.25, 225.3
  9.58,  463.6,  -12.88, 225.3
  9.60,  464.4,  -13.00, 216.4
  9.62,  465.5,  -12.88, 216.4
  9.64,  466.4,  -12.88, 216.4
  9.66,  467.4,  -12.75, 216.4
  9.68,  468.4,  -12.63, 216.4
  9.70,  469.2,  -12.50, 216.4
  9.72,  470.3,  -12.25, 216.4
  9.74,  471.2,  -12.25, 216.4
  9.76,  472.0,  -12.13, 216.4
  9.78,  473.0,  -12.13, 216.4
  9.80,  474.0,  -12.00, 216.4
  9.82,  474.8,  -12.13, 216.4
  9.84,  475.6,  -12.13, 216.4
  9.86,  476.5,  -12.00, 216.4
  9.88,  477.5,  -12.00, 216.4
  9.90,  478.3,  -12.00, 216.4
  9.92,  479.2,  -11.88, 216.4
  9.94,  480.0,  -11.75, 216.4
  9.96,  480.8,  -11.75, 216.4
  9.98,  481.6,  -11.75, 216.4
 10.00,  482.6,  -11.75, 216.4
 10.02,  483.6,  -11.88, 216.4
 10.04,  484.4,  -12.00, 216.4
 10.06,  485.2,  -12.00, 216.4
 10.08,  486.0,  -12.00, 216.4
 10.10,  487.0,  -12.13, 216.4
 10.12,  487.9,  -12.13, 216.4
 10.14,  488.8,  -12.00, 216.4
 10.16,  489.6,  -12.25, 216.4
 10.18,  490.4,  -12.38, 216.4
 10.20,  491.2,  -12.63, 216.4
 10.22,  492.2,  -12.50, 216.4
 10.24,  493.2,  -12.50, 216.4
 10.26,  494.0,  -12.75, 216.4
 10.28,  495.1,  -12.88, 216.4
 10.30,  496.0,  -13.13, 216.4
 10.32,  497.0,  -13.00, 216.4
 10.34,  497.9,  -13.25, 216.4
 10.36,  498.9,  -13.50, 216.4
 10.38,  499.9,  -13.50, 216.4
 10.40,  500.7,  -13.50, 216.4
 10.42,  501.9,  -13.88, 216.4
 10.44,  502.7,  -13.88, 216.4
 10.46,  503.9,  -13.88, 216.4
 10.48,  504.8,  -14.13, 216.4
 10.50,  505.9,  -14.00, 216.4
 10.52,  506.9,  -14.25, 216.4
 10.54,  507.9,  -14.38, 216.4
 10.56,  509.1,  -14.25, 216.4
 10.58,  510.3,  -14.50, 216.4
 10.60,  511.3,  -14.63, 216.4
 10.62,  512.3,  -14.50, 216.4
 10.64,  513.5,  -14.75, 216.4
 10.66,  514.5,  -14.75, 216.4
 10.68,  515.7,  -14.63, 216.4
 10.70,  516.7,  -14.88, 216.4
 10.72,  517.8,  -14.75, 216.4
 10.74,  518.9,  -14.88, 216.4
 10.76,  519.9,  -14.88, 216.4
 10.78,  521.1,  -14.63, 216.4
 10.80,  522.3,  -14.75, 216.4
 10.82,  523.3,  -14.63, 216.4
 10.84,  524.4,  -14.50, 216.4
 10.86,  525.5,  -14.63, 216.4
 10.88,  526.6,  -14.63, 216.4
 10.90,  527.7,  -14.50, 216.4
 10.92,  528.7,  -14.38, 216.4
 10.94,  529.9,  -14.50, 216.4
 10.96,  530.9,  -14.25, 216.4
 10.98,  531.9,  -14.13, 216.4
 11.00,  532.9,  -14.00, 216.4
 11.02,  533.9,  -14.00, 216.4
 11.04,  535.0,  -14.00, 216.4
 11.06,  535.9,  -13.75, 216.4
 11.08,  537.0,  -13.50, 216.4
 11.10,  537.9,  -13.50, 216.4
 11.12,  539.0,  -13.50, 216.4
 11.14,  539.9,  -13.50, 216.4
 11.16,  540.9,  -13.38, 216.4
 11.18,  541.9,  -13.38, 216.4
 11.20,  542.8,  -13.13, 216.4
 11.22,  543.7,  -13.00, 216.4
 11.24,  544.7,  -12.88, 216.4
 11.26,  545.5,  -12.88, 216.4
 11.28,  546.5,  -12.75, 216.4
 11.30,  547.3,  -12.75, 216.4
 11.32,  548.2,  -12.75, 216.4
 11.34,  549.1,  -12.75, 216.4
 11.36,  550.0,  -12.75, 216.4
 11.38,  550.9,  -12.63, 216.4
 11.40,  551.8,  -12.50, 216.4
 11.42,  552.7,  -12.50, 216.4
 11.44,  553.5,  -12.38, 216.4
 11.46,  554.4,  -12.38, 216.4
 11.48,  555.3,  -12.38, 216.4
 11.50,  556.1,  -12.50, 216.4
 11.52,  557.0,  -12.63, 216.4
 11.54,  557.9,  -12.75, 216.4
 11.56,  558.7,  -12.75, 216.4
 11.58,  559.7,  -12.75, 216.4
 11.60,  560.5,  -12.75, 216.4
 11.62,  561.4,  -12.75, 216.4
 11.64,  562.3,  -13.00, 216.4
 11.66,  563.2,  -13.13, 216.4
 11.68,  564.1,  -13.25, 216.4
 11.70,  565.1,  -13.13, 216.4
 11.72,  566.1,  -13.13, 216.4
 11.74,  566.9,  -13.50, 216.4
 11.76,  567.9,  -13.50, 216.4
 11.78,  568.9,  -13.63, 216.4
 11.80,  569.8,  -13.63, 216.4
 11.82,  570.7,  -14.00, 216.4
 11.84,  571.7,  -14.00, 216.4
 11.86,  572.7,  -14.00, 216.4
 11.88,  573.7,  -14.38, 216.4
 11.90,  574.7,  -14.38, 216.4
 11.92,  575.7,  -14.50, 216.4
 11.94,  576.8,  -14.63, 216.4
 11.96,  577.8,  -14.63, 216.4
 11.98,  578.9,  -14.63, 216.4
 12.00,  579.9,  -14.88, 216.4
 12.02,  581.0,  -14.88, 216.4
 12.04,  582.1,  -14.88, 216.4
 12.06,  583.2,  -15.13, 216.4
 12.08,  584.3,  -15.00, 216.4
 12.10,  585.3,  -15.25, 216.4
 12.12,  586.5,  -15.25, 216.4
 12.14,  587.5,  -15.25, 216.4
 12.16,  588.6,  -15.50, 216.4
 12.18,  589.7,  -15.25, 216.4
 12.20,  590.9,  -15.50, 216.4
 12.22,  591.9,  -15.50, 216.4
 12.24,  593.0,  -15.38, 216.4
 12.26,  594.1,  -15.50, 216.4
 12.28,  595.3,  -15.38, 216.4
 12.30,  596.5,  -15.25, 216.4
 12.32,  597.5,  -15.25, 216.4
 12.34,  598.5,  -15.38, 216.4
 12.36,  599.7,  -15.13, 216.4
 12.38,  600.7,  -15.13, 216.4
 12.40,  601.7,  -15.13, 216.4
 12.42,  602.9,  -15.00, 216.4
 12.44,  603.9,  -14.88, 216.4
 12.46,  604.9,  -14.88, 216.4
 12.48,  606.1,  -14.88, 216.4
 12.50,  607.0,  -14.63, 216.4
 12.52,  608.1,  -14.50, 216.4
 12.54,  609.1,  -14.38, 216.4
 12.56,  610.1,  -14.25, 216.4
 12.58,  611.1,  -14.38, 216.4
 12.60,  612.1,  -14.13, 216.4
 12.62,  613.0,  -14.13, 216.4
 12.64,  614.1,  -13.88, 216.4
 12.66,  614.9,  -13.88, 216.4
 12.68,  615.9,  -13.75, 216.4
 12.70,  616.9,  -13.75, 216.4
 12.72,  617.7,  -13.75, 216.4
 12.74,  618.6,  -13.63, 216.4
 12.76,  619.5,  -13.63, 216.4
 12.78,  620.5,  -13.50, 216.4
 12.80,  621.3,  -13.38, 216.4
 12.82,  622.3,  -13.38, 216.4
 12.84,  623.3,  -13.13, 216.4
 12.86,  624.1,  -13.25, 216.4
 12.88,  624.9,  -13.13, 216.4
 12.90,  625.8,  -13.25, 216.4
 12.92,  626.7,  -13.25, 216.4
 12.94,  627.7,  -13.25, 216.4
 12.96,  628.5,  -13.25, 216.4
 12.98,  629.3,  -13.13, 216.4
 13.00,  630.1,  -13.25, 216.4
 13.02,  631.1,  -13.25, 216.4
 13.04,  631.9,  -13.38, 216.4
 13.06,  632.9,  -13.50, 216.4
 13.08,  633.7,  -13.50, 216.4
 13.10,  634.6,  -13.63, 216.4
 13.12,  635.7,  -13.50, 216.4
 13.14,  636.5,  -13.63, 216.4
 13.16,  637.3,  -13.75, 216.4
 13.18,  638.3,  -14.00, 216.4
 13.20,  639.3,  -14.13, 216.4
 13.22,  640.1,  -14.00, 216.4
 13.24,  641.1,  -14.13, 216.4
 13.26,  642.1,  -14.38, 216.4
 13.28,  642.9,  -14.38, 216.4
 13.30,  644.0,  -14.50, 216.4
 13.32,  644.9,  -14.63, 216.4
 13.34,  646.0,  -14.88, 216.4
 13.36,  646.9,  -14.75, 216.4
 13.38,  648.1,  -15.00, 216.4
 13.40,  649.0,  -15.13, 216.4
 13.42,  650.1,  -15.13, 216.4
 13.44,  651.1,  -15.25, 216.4
 13.46,  652.1,  -15.50, 216.4
 13.48,  653.3,  -15.50, 216.4
 13.50,  654.3,  -15.50, 216.4
 13.52,  655.3,  -15.63, 216.4
 13.54,  656.5,  -15.63, 216.4
 13.56,  657.5,  -15.88, 216.4
 13.58,  658.5,  -15.88, 216.4
 13.60,  659.7,  -15.88, 216.4
 13.62,  660.8,  -16.00, 216.4
 13.64,  661.8,  -15.88, 216.4
 13.66,  662.9,  -16.13, 216.4
 13.68,  664.1,  -16.00, 216.4
 13.70,  665.3,  -16.00, 216.4
 13.72,  666.3,  -16.13, 216.4
 13.74,  667.3,  -15.88, 216.4
 13.76,  668.5,  -16.00, 216.4
 13.78,  669.6,  -16.00, 216.4
 13.80,  670.5,  -15.88, 216.4
 13.82,  671.6,  -15.88, 216.4
 13.84,  672.8,  -16.00, 216.4
 13.86,  673.8,  -15.88, 216.4
 13.88,  674.8,  -15.63, 216.4
 13.90,  676.0,  -15.75, 216.4
 13.92,  677.0,  -15.63, 216.4
 13.94,  678.0,  -15.50, 216.4
 13.96,  679.2,  -15.38, 216.4
 13.98,  680.1,  -15.38, 216.4
 14.00,  681.1,  -15.38, 216.4
 14.02,  682.1,  -15.25, 216.4
 14.04,  683.1,  -15.13, 216.4
 14.06,  684.1,  -15.00, 216.4
 14.08,  685.1,  -15.00, 216.4
 14.10,  686.0,  -14.88, 216.4
 14.12,  687.0,  -14.75, 216.4
 14.14,  687.9,  -14.63, 216.4
 14.16,  688.9,  -14.38, 216.4
 14.18,  689.9,  -14.38, 216.4
 14.20,  690.7,  -14.25, 216.4
 14.22,  691.7,  -14.38, 216.4
 14.24,  692.7,  -14.25, 216.4
 14.26,  693.5,  -14.25, 216.4
 14.28,  694.5,  -14.38, 216.4
 14.30,  695.5,  -14.13, 216.4
 14.32,  696.3,  -14.13, 216.4
 14.34,  697.1,  -14.00, 216.4
 14.36,  698.1,  -14.00, 216.4
 14.38,  698.9,  -13.88, 216.4
 14.40,  699.7,  -13.88, 216.4
 14.42,  700.5,  -14.00, 216.4
 14.44,  701.3,  -14.00, 216.4
 14.46,  702.3,  -14.13, 216.4
 14.48,  703.2,  -14.13, 216.4
 14.50,  704.1,  -14.00, 216.4
 14.52,  704.9,  -14.13, 216.4
 14.54,  705.9,  -14.00, 216.4
 14.56,  706.7,  -14.13, 216.4
 14.58,  707.7,  -14.25, 216.4
 14.60,  708.5,  -14.50, 216.4
 14.62,  709.5,  -14.50, 216.4
 14.64,  710.3,  -14.38, 216.4
 14.66,  711.3,  -14.50, 216.4
 14.68,  712.1,  -14.75, 216.4
 14.70,  713.1,  -14.88, 216.4
 14.72,  714.1,  -14.88, 216.4
 14.74,  714.9,  -14.88, 216.4
 14.76,  716.0,  -15.25, 216.4
 14.78,  716.9,  -15.25, 216.4
 14.80,  717.8,  -15.25, 216.4
 14.82,  718.8,  -15.38, 218.2
 14.84,  719.8,  -15.75, 218.2
 14.86,  720.8,  -15.63, 218.2
 14.88,  721.9,  -15.63, 218.2
 14.90,  722.8,  -16.00, 218.2
 14.92,  724.0,  -15.88, 218.2
 14.94,  725.0,  -16.13, 218.2
 14.96,  726.0,  -16.13, 218.2
 14.98,  727.0,  -16.13, 218.2
 15.00,  728.1,  -16.38, 218.2
 15.02,  729.2,  -16.38, 218.2
 15.04,  730.2,  -16.50, 218.2
 15.06,  731.4,  -16.63, 218.2
 15.08,  732.4,  -16.63, 218.2
 15.10,  733.6,  -16.63, 218.2
 15.12,  734.6,  -16.75, 218.2
 15.14,  735.8,  -16.63, 218.2
 15.16,  736.9,  -16.75, 218.2
 15.18,  738.0,  -16.88, 218.2
 15.20,  739.1,  -16.88, 218.2
 15.22,  740.3,  -16.88, 218.2
 15.24,  741.3,  -16.75, 218.2
 15.26,  742.5,  -16.63, 218.2
 15.28,  743.5,  -16.88, 218.2
 15.30,  744.7,  -16.63, 218.2
 15.32,  745.7,  -16.63, 218.2
 15.34,  746.8,  -16.63, 218.2
 15.36,  747.9,  -16.50, 218.2
 15.38,  749.0,  -16.38, 218.2
 15.40,  750.1,  -16.38, 218.2
 15.42,  751.1,  -16.38, 218.2
 15.44,  752.2,  -16.13, 218.2
 15.46,  753.2,  -16.00, 218.2
 15.48,  754.3,  -16.00, 218.2
 15.50,  755.3,  -16.00, 218.2
 15.52,  756.3,  -16.00, 218.2
 15.54,  757.3,  -15.75, 218.2
 15.56,  758.3,  -15.63, 218.2
 15.58,  759.3,  -15.63, 218.2
 15.60,  760.3,  -15.63, 218.2
 15.62,  761.1,  -15.63, 218.2
 15.64,  762.2,  -15.38, 218.2
 15.66,  763.1,  -15.25, 218.2
 15.68,  764.2,  -15.00, 218.2
 15.70,  765.1,  -15.00, 218.2
 15.72,  765.9,  -15.00, 218.2
 15.74,  766.9,  -15.00, 218.2
 15.76,  767.8,  -15.00, 218.2
 15.78,  768.6,  -14.88, 218.2
 15.80,  769.5,  -15.00, 218.2
 15.82,  770.5,  -14.75, 218.2
 15.84,  771.3,  -14.75, 218.2
 15.86,  772.2,  -14.75, 218.2
 15.88,  773.0,  -14.75, 218.2
 15.90,  774.0,  -14.88, 218.2
 15.92,  774.9,  -14.88, 218.2
 15.94,  775.8,  -14.88, 218.2
 15.96,  776.6,  -14.75, 218.2
 15.98,  777.6,  -14.75, 218.2
 16.00,  778.6,  -14.75, 218.2
 16.02,  779.5,  -14.63, 218.2
 16.04,  780.3,  -14.88, 218.2
 16.06,  781.2,  -15.00, 218.2
 16.08,  782.1,  -15.13, 218.2
 16.10,  783.1,  -15.13, 218.2
 16.12,  783.9,  -15.00, 218.2
 16.14,  784.9,  -15.38, 218.2
 16.16,  785.8,  -15.50, 218.2
 16.18,  786.7,  -15.63, 218.2
 16.20,  787.7,  -15.50, 218.2
 16.22,  788.7,  -15.50, 218.2
 16.24,  789.5,  -15.88, 218.2
 16.26,  790.7,  -15.88, 218.2
 16.28,  791.5,  -15.88, 218.2
 16.30,  792.6,  -16.00, 218.2
 16.32,  793.5,  -16.25, 218.2
 16.34,  794.6,  -16.25, 218.2
 16.36,  795.5,  -16.38, 218.2
 16.38,  796.6,  -16.63, 218.2
 16.40,  797.7,  -16.63, 218.2
 16.42,  798.9,  -16.88, 218.2
 16.44,  799.9,  -16.88, 218.2
 16.46,  800.9,  -16.88, 218.2
 16.48,  802.1,  -17.13, 218.2
 16.50,  803.1,  -17.00, 218.2
 16.52,  804.1,  -17.13, 218.2
 16.54,  805.3,  -17.25, 218.2
 16.56,  806.4,  -17.25, 218.2
 16.58,  807.5,  -17.38, 218.2
 16.60,  808.5,  -17.38, 218.2
 16.62,  809.7,  -17.25, 218.2
 16.64,  810.8,  -17.50, 218.2
 16.66,  811.9,  -17.50, 218.2
 16.68,  812.9,  -17.38, 218.2
 16.70,  814.1,  -17.50, 218.2
 16.72,  815.2,  -17.38, 218.2
 16.74,  816.3,  -17.50, 218.2
 16.76,  817.3,  -17.63, 218.2
 16.78,  818.5,  -17.25, 218.2
 16.80,  819.7,  -17.25, 218.2
 16.82,  820.7,  -17.50, 218.2
 16.84,  821.7,  -17.13, 218.2
 16.86,  822.9,  -17.13, 218.2
 16.88,  824.0,  -17.13, 218.2
 16.90,  825.1,  -17.13, 218.2
 16.92,  826.1,  -16.75, 218.2
 16.94,  827.2,  -17.00, 218.2
 16.96,  828.1,  -17.00, 218.2
 16.98,  829.3,  -16.63, 218.2
 17.00,  830.1,  -16.63, 218.2
 17.02,  831.3,  -16.63, 218.2
 17.04,  832.3,  -16.63, 218.2
 17.06,  833.3,  -16.50, 218.2
 17.08,  834.3,  -16.13, 218.2
 17.10,  835.3,  -16.13, 218.2
 17.12,  836.4,  -16.00, 218.2
 17.14,  837.3,  -16.13, 218.2
 17.16,  838.2,  -16.00, 218.2
 17.18,  839.3,  -16.00, 218.2
 17.20,  840.1,  -15.88, 218.2
 17.22,  841.1,  -15.63, 207.4
 17.24,  842.1,  -15.63, 207.4
 17.26,  842.9,  -15.63, 207.4
 17.28,  843.7,  -15.75, 207.4
 17.30,  844.7,  -15.63, 207.4
 17.32,  845.7,  -15.50, 207.4
 17.34,  846.5,  -15.50, 207.4
 17.36,  847.5,  -15.38, 207.4
 17.38,  848.5,  -15.38, 207.4
 17.40,  849.3,  -15.38, 207.4
 17.42,  850.1,  -15.38, 207.4
 17.44,  851.1,  -15.63, 207.4
 17.46,  852.1,  -15.50, 207.4
 17.48,  852.9,  -15.75, 207.4
 17.50,  853.7,  -15.50, 207.4
 17.52,  854.7,  -15.50, 207.4
 17.54,  855.7,  -15.63, 207.4
 17.56,  856.5,  -15.75, 207.4
 17.58,  857.3,  -15.88, 207.4
 17.60,  858.3,  -15.75, 207.4
 17.62,  859.3,  -15.75, 207.4
 17.64,  860.1,  -15.88, 207.4
 17.66,  861.3,  -16.13, 207.4
 17.68,  862.1,  -16.25, 207.4
 17.70,  863.1,  -16.13, 207.4
 17.72,  864.1,  -16.38, 207.4
 17.74,  865.0,  -16.63, 207.4
 17.76,  866.1,  -16.75, 207.4
 17.78,  866.9,  -16.63, 207.4
 17.80,  868.0,  -16.88, 207.4
 17.82,  868.9,  -17.00, 207.4
 17.84,  870.1,  -16.88, 207.4
 17.86,  870.9,  -17.25, 207.4
 17.88,  872.1,  -17.25, 207.4
 17.90,  873.1,  -17.13, 207.4
 17.92,  874.1,  -17.50, 207.4
 17.94,  875.2,  -17.38, 207.4
 17.96,  876.3,  -17.63, 207.4
 17.98,  877.3,  -17.75, 207.4
 18.00,  878.5,  -17.63, 207.4
 18.02,  879.6,  -18.00, 207.4
 18.04,  880.7,  -17.88, 207.4
 18.06,  881.7,  -18.00, 207.4
 18.08,  882.9,  -18.13, 207.4
 18.10,  883.9,  -18.00, 207.4
 18.12,  885.1,  -18.13, 207.4
 18.14,  886.1,  -18.00, 207.4
 18.16,  887.3,  -18.00, 207.4
 18.18,  888.4,  -18.13, 207.4
 18.20,  889.5,  -18.00, 207.4
 18.22,  890.6,  -18.13, 207.4
 18.24,  891.6,  -18.13, 207.4
 18.26,  892.8,  -18.00, 207.4
 18.28,  894.0,  -18.13, 207.4
 18.30,  895.0,  -18.13, 207.4
 18.32,  896.1,  -17.88, 207.4
 18.34,  897.2,  -18.00, 207.4
 18.36,  898.3,  -18.00, 207.4
 18.38,  899.4,  -17.63, 207.4
 18.40,  900.4,  -17.75, 207.4
 18.42,  901.5,  -17.75, 207.4
 18.44,  902.6,  -17.63, 207.4
 18.46,  903.6,  -17.50, 207.4
 18.48,  904.6,  -17.50, 207.4
 18.50,  905.6,  -17.50, 207.4
 18.52,  906.8,  -17.25, 207.4
 18.54,  907.8,  -17.13, 207.4
 18.56,  908.8,  -17.00, 207.4
 18.58,  909.8,  -17.00, 207.4
 18.60,  910.8,  -17.00, 207.4
 18.62,  911.8,  -16.88, 207.4
 18.64,  912.7,  -16.75, 207.4
 18.66,  913.7,  -16.50, 207.4
 18.68,  914.6,  -16.50, 207.4
 18.70,  915.6,  -16.63, 207.4
 18.72,  916.5,  -16.50, 207.4
 18.74,  917.4,  -16.50, 207.4
 18.76,  918.4,  -16.38, 207.4
 18.78,  919.4,  -16.25, 207.4
 18.80,  920.2,  -16.25, 207.4
 18.82,  921.2,  -16.13, 207.4
 18.84,  922.2,  -16.25, 207.4
 18.86,  923.0,  -16.25, 207.4
 18.88,  924.0,  -16.25, 207.4
 18.90,  924.9,  -16.13, 207.4
 18.92,  925.8,  -16.00, 207.4
 18.94,  926.7,  -16.13, 207.4
 18.96,  927.6,  -16.13, 207.4
 18.98,  928.5,  -16.38, 207.4
 19.00,  929.4,  -16.38, 207.4
 19.02,  930.3,  -16.38, 207.4
 19.04,  931.2,  -16.38, 207.4
 19.06,  932.2,  -16.38, 207.4
 19.08,  933.0,  -16.63, 207.4
 19.10,  934.0,  -16.63, 207.4
 19.12,  935.0,  -16.63, 207.4
 19.14,  935.9,  -16.63, 207.4
 19.16,  936.9,  -16.75, 207.4
 19.18,  937.8,  -17.00, 207.4
 19.20,  938.8,  -16.88, 207.4
 19.22,  939.8,  -17.00, 207.4
 19.24,  940.7,  -17.25, 207.4
 19.26,  941.8,  -17.38, 207.4
 19.28,  942.8,  -17.38, 207.4
 19.30,  943.8,  -17.50, 207.4
 19.32,  944.7,  -17.75, 207.4
 19.34,  945.8,  -17.63, 207.4
 19.36,  946.8,  -17.88, 207.4
 19.38,  947.8,  -18.00, 207.4
 19.40,  949.0,  -17.88, 207.4
 19.42,  950.0,  -18.25, 207.4
 19.44,  951.0,  -18.13, 207.4
 19.46,  952.2,  -18.25, 207.4
 19.48,  953.2,  -18.50, 207.4
 19.50,  954.3,  -18.38, 207.4
 19.52,  955.4,  -18.63, 207.4
 19.54,  956.6,  -18.50, 207.4
 19.56,  957.6,  -18.63, 207.4
 19.58,  958.6,  -18.75, 207.4
 19.60,  959.8,  -18.63, 207.4
 19.62,  961.0,  -18.88, 207.6
 19.64,  962.0,  -18.75, 207.6
 19.66,  963.1,  -18.88, 207.6
 19.68,  964.2,  -19.00, 207.6
 19.70,  965.4,  -18.75, 207.6
 19.72,  966.6,  -18.88, 207.6
 19.74,  967.7,  -18.88, 207.6
 19.76,  968.8,  -18.75, 207.6
 19.78,  969.8,  -18.63, 207.6
 19.80,  971.0,  -18.75, 207.6
 19.82,  972.2,  -18.50, 207.6
 19.84,  973.2,  -18.50, 207.6
 19.86,  974.2,  -18.63, 207.6
 19.88,  975.4,  -18.38, 207.6
 19.90,  976.4,  -18.38, 207.6
 19.92,  977.4,  -18.50, 207.6
 19.94,  978.6,  -18.25, 207.6
 19.96,  979.6,  -18.25, 207.6
 19.98,  980.6,  -18.13, 207.6
 20.00,  981.8,  -18.13, 207.6
 20.02,  982.7,  -18.00, 207.6
 20.04,  983.8,  -17.75, 207.6
 20.06,  984.8,  -17.63, 207.6
 20.08,  985.8,  -17.50, 207.6
 20.10,  986.8,  -17.63, 207.6
 20.12,  987.8,  -17.50, 207.6
 20.14,  988.6,  -17.25, 207.6
 20.16,  989.8,  -17.38, 207.6
 20.18,  990.6,  -17.25, 207.6
 20.20,  991.6,  -17.38, 207.6
 20.22,  992.6,  -17.38, 207.6
 20.24,  993.4,  -17.13, 207.6
 20.26,  994.4,  -17.13, 207.6
 20.28,  995.4,  -16.88, 207.6
 20.30,  996.2,  -16.88, 207.6
 20.32,  997.2,  -16.88, 207.6
 20.34,  998.2,  -17.00, 207.6
 20.36,  999.0,  -17.00, 207.6
 20.38, 1000.0,  -16.88, 207.6
 20.40, 1001.0,  -16.88, 207.6
 20.42, 1001.8,  -16.88, 207.6
 20.44, 1002.6,  -16.88, 207.6
 20.46, 1003.6,  -16.88, 207.6
 20.48, 1004.6,  -17.00, 207.6
 20.50, 1005.4,  -17.13, 207.6
 20.52, 1006.2,  -17.00, 207.6
 20.54, 1007.3,  -17.13, 207.6
 20.56, 1008.2,  -17.13, 207.6
 20.58, 1009.2,  -17.25, 207.6
 20.60, 1010.2,  -17.38, 207.6
 20.62, 1011.0,  -17.25, 207.6
 20.64, 1012.0,  -17.38, 207.6
 20.66, 1013.0,  -17.50, 207.6
 20.68, 1013.8,  -17.63, 207.6
 20.70, 1014.9,  -17.75, 207.6
 20.72, 1015.8,  -17.63, 207.6
 20.74, 1016.8,  -18.00, 207.6
 20.76, 1017.8,  -18.00, 207.6
 20.78, 1018.8,  -18.00, 207.6
 20.80, 1019.8,  -18.38, 207.6
 20.82, 1020.8,  -18.38, 207.6
 20.84, 1021.8,  -18.38, 207.6
 20.86, 1022.9,  -18.63, 207.6
 20.88, 1023.8,  -18.63, 207.6
 20.90, 1025.0,  -18.75, 207.6
 20.92, 1026.1,  -18.88, 207.6
 20.94, 1027.0,  -18.88, 207.6
 20.96, 1028.2,  -18.88, 207.6
 20.98, 1029.4,  -19.13, 207.6
 21.00, 1030.4,  -19.13, 207.6
 21.02, 1031.4,  -19.25, 207.6
 21.04, 1032.6,  -19.38, 207.6
 21.06, 1033.6,  -19.25, 207.6
 21.08, 1034.6,  -19.50, 207.6
 21.10, 1035.8,  -19.50, 207.6
 21.12, 1037.0,  -19.50, 207.6
 21.14, 1038.1,  -19.50, 207.6
 21.16, 1039.2,  -19.50, 207.6
 21.18, 1040.2,  -19.75, 207.6
 21.20, 1041.2,  -19.50, 207.6
 21.22, 1042.4,  -19.50, 207.6
 21.24, 1043.5,  -19.63, 207.6
 21.26, 1044.6,  -19.38, 207.6
 21.28, 1045.6,  -19.50, 207.6
 21.30, 1046.8,  -19.50, 207.6
 21.32, 1047.9,  -19.25, 207.6
 21.34, 1049.0,  -19.38, 207.6
 21.36, 1050.0,  -19.25, 207.6
 21.38, 1051.2,  -19.25, 207.6
 21.40, 1052.2,  -19.13, 207.6
 21.42, 1053.2,  -19.13, 207.6
 21.44, 1054.4,  -19.00, 207.6
 21.46, 1055.4,  -18.88, 207.6
 21.48, 1056.4,  -19.00, 207.6
 21.50, 1057.6,  -18.88, 207.6
 21.52, 1058.6,  -18.75, 207.6
 21.54, 1059.6,  -18.63, 207.6
 21.56, 1060.6,  -18.38, 207.6
 21.58, 1061.6,  -18.50, 207.6
 21.60, 1062.6,  -18.38, 207.6
 21.62, 1063.6,  -18.38, 207.6
 21.64, 1064.4,  -18.25, 207.6
 21.66, 1065.5,  -18.00, 207.6
 21.68, 1066.4,  -18.13, 207.6
 21.70, 1067.4,  -18.13, 207.6
 21.72, 1068.4,  -18.13, 207.6
 21.74, 1069.2,  -18.00, 207.6
 21.76, 1070.2,  -17.88, 207.6
 21.78, 1071.2,  -17.75, 207.6
 21.80, 1072.2,  -17.75, 207.6
 21.82, 1073.1,  -17.88, 207.6
 21.84, 1074.0,  -17.88, 207.6
 21.86, 1074.9,  -17.75, 207.6
 21.88, 1075.8,  -17.75, 207.6
 21.90, 1076.8,  -17.63, 207.6
 21.92, 1077.6,  -17.63, 207.6
 21.94, 1078.6,  -17.75, 207.6
 21.96, 1079.4,  -17.75, 207.6
 21.98, 1080.4,  -17.88, 207.6
 22.00, 1081.2,  -17.75, 207.6
 22.02, 1082.2,  -17.88, 203.2
 22.04, 1083.1,  -17.88, 203.2
 22.06, 1084.0,  -18.00, 203.2
 22.08, 1084.9,  -18.13, 203.2
 22.10, 1085.8,  -18.13, 203.2
 22.12, 1086.8,  -18.13, 203.2
 22.14, 1087.7,  -18.13, 203.2
 22.16, 1088.6,  -18.38, 203.2
 22.18, 1089.6,  -18.50, 203.2
 22.20, 1090.6,  -18.38, 203.2
 22.22, 1091.5,  -18.63, 203.2
 22.24, 1092.5,  -18.75, 203.2
 22.26, 1093.5,  -18.75, 203.2
 22.28, 1094.4,  -18.88, 203.2
 22.30, 1095.4,  -19.00, 203.2
 22.32, 1096.5,  -19.13, 203.2
 22.34, 1097.6,  -19.13, 203.2
 22.36, 1098.6,  -19.38, 203.2
 22.38, 1099.6,  -19.38, 203.2
 22.40, 1100.7,  -19.38, 203.2
 22.42, 1101.7,  -19.75, 203.2
 22.44, 1102.8,  -19.50, 203.2
 22.46, 1103.9,  -19.75, 203.2
 22.48, 1104.9,  -19.88, 203.2
 22.50, 1106.0,  -19.75, 203.2
 22.52, 1107.1,  -20.13, 203.2
 22.54, 1108.2,  -20.00, 203.2
 22.56, 1109.2,  -20.13, 203.2
 22.58, 1110.4,  -20.25, 203.2
 22.60, 1111.4,  -20.13, 203.2
 22.62, 1112.6,  -20.38, 203.2
 22.64, 1113.6,  -20.25, 203.2
 22.66, 1114.8,  -20.25, 203.2
 22.68, 1116.0,  -20.38, 203.2
 22.70, 1117.1,  -20.13, 203.2
 22.72, 1118.3,  -20.38, 203.2
 22.74, 1119.3,  -20.38, 203.2
 22.76, 1120.4,  -20.13, 203.2
 22.78, 1121.6,  -20.38, 203.2
 22.80, 1122.6,  -20.25, 203.2
 22.82, 1123.6,  -20.13, 203.2
 22.84, 1124.8,  -20.13, 203.2
 22.86, 1125.9,  -20.13, 203.2
 22.88, 1127.0,  -20.00, 203.2
 22.90, 1128.0,  -20.00, 203.2
 22.92, 1129.2,  -20.00, 203.2
 22.94, 1130.3,  -19.63, 203.2
 22.96, 1131.2,  -19.75, 203.2
 22.98, 1132.4,  -19.88, 203.2
 23.00, 1133.5,  -19.63, 203.2
 23.02, 1134.4,  -19.50, 203.2
 23.04, 1135.5,  -19.25, 203.2
 23.06, 1136.4,  -19.50, 203.2
 23.08, 1137.5,  -19.38, 203.2
 23.10, 1138.4,  -19.13, 203.2
 23.12, 1139.5,  -19.00, 203.2
 23.14, 1140.4,  -19.00, 203.2
 23.16, 1141.5,  -19.13, 203.2
 23.18, 1142.4,  -19.13, 203.2
 23.20, 1143.4,  -18.88, 203.2
 23.22, 1144.4,  -18.75, 203.2
 23.24, 1145.3,  -18.63, 203.2
 23.26, 1146.3,  -18.75, 203.2
 23.28, 1147.2,  -18.75, 203.2
 23.30, 1148.2,  -18.63, 203.2
 23.32, 1149.2,  -18.75, 203.2
 23.34, 1150.0,  -18.50, 203.2
 23.36, 1151.1,  -18.38, 203.2
 23.38, 1152.0,  -18.50, 203.2
 23.40, 1152.8,  -18.50, 203.2
 23.42, 1153.7,  -18.63, 203.2
 23.44, 1154.7,  -18.63, 203.2
 23.46, 1155.6,  -18.50, 203.2
 23.48, 1156.4,  -18.50, 203.2
 23.50, 1157.5,  -18.50, 203.2
 23.52, 1158.4,  -18.75, 203.2
 23.54, 1159.2,  -18.75, 203.2
 23.56, 1160.3,  -18.75, 203.2
 23.58, 1161.2,  -18.63, 203.2
 23.60, 1162.2,  -18.75, 203.2
 23.62, 1163.2,  -19.00, 203.2
 23.64, 1164.0,  -19.00, 203.2
 23.66, 1165.0,  -19.00, 203.2
 23.68, 1166.0,  -19.13, 203.2
 23.70, 1166.8,  -19.25, 203.2
 23.72, 1168.0,  -19.50, 203.2
 23.74, 1168.8,  -19.25, 203.2
 23.76, 1169.9,  -19.63, 203.2
 23.78, 1170.8,  -19.75, 203.2
 23.80, 1171.9,  -19.50, 203.2
 23.82, 1172.8,  -20.00, 203.2
 23.84, 1174.0,  -20.00, 203.2
 23.86, 1175.0,  -19.88, 203.2
 23.88, 1176.0,  -20.25, 203.2
 23.90, 1177.2,  -20.25, 203.2
 23.92, 1178.2,  -20.25, 203.2
 23.94, 1179.2,  -20.50, 203.2
 23.96, 1180.3,  -20.50, 203.2
 23.98, 1181.4,  -20.50, 203.2
 24.00, 1182.4,  -20.75, 203.2
 24.02, 1183.6,  -20.63, 203.2
 24.04, 1184.7,  -20.88, 203.2
 24.06, 1185.6,  -20.75, 203.2
 24.08, 1186.8,  -21.00, 203.2
 24.10, 1188.0,  -21.00, 203.2
 24.12, 1189.1,  -21.00, 203.2
 24.14, 1190.2,  -21.13, 203.2
 24.16, 1191.2,  -21.00, 203.2
 24.18, 1192.4,  -21.13, 203.2
 24.20, 1193.6,  -21.13, 203.2
 24.22, 1194.8,  -21.00, 203.2
 24.24, 1195.9,  -21.13, 203.2
 24.26, 1197.0,  -21.00, 203.2
 24.28, 1198.0,  -20.88, 203.2
 24.30, 1199.2,  -21.00, 203.2
 24.32, 1200.4,  -20.88, 203.2
 24.34, 1201.4,  -20.88, 203.2
 24.36, 1202.4,  -21.00, 203.2
 24.38, 1203.6,  -20.75, 203.2
 24.40, 1204.7,  -20.75, 203.2
 24.42, 1205.7,  -20.88, 203.2
 24.44, 1206.7,  -20.50, 203.2
 24.46, 1207.9,  -20.50, 203.2
 24.48, 1208.9,  -20.63, 203.2
 24.50, 1209.9,  -20.50, 203.2
 24.52, 1211.1,  -20.25, 203.2
 24.54, 1212.1,  -20.13, 203.2
 24.56, 1213.1,  -20.25, 203.2
 24.58, 1214.3,  -20.25, 203.2
 24.60, 1215.1,  -19.88, 203.2
 24.62, 1216.2,  -19.88, 203.2
 24.64, 1217.1,  -19.88, 203.2
 24.66, 1218.3,  -19.88, 203.2
 24.68, 1219.1,  -19.75, 203.2
 24.70, 1220.1,  -19.50, 203.2
 24.72, 1221.1,  -19.50, 203.2
 24.74, 1222.1,  -19.50, 203.2
 24.76, 1223.1,  -19.63, 203.2
 24.78, 1224.1,  -19.63, 203.2
 24.80, 1225.1,  -19.38, 203.2
 24.82, 1225.9,  -19.25, 212.0
 24.84, 1226.9,  -19.13, 212.0
 24.86, 1227.9,  -19.25, 212.0
 24.88, 1228.7,  -19.38, 212.0
 24.90, 1229.7,  -19.38, 212.0
 24.92, 1230.7,  -19.25, 212.0
 24.94, 1231.5,  -19.13, 212.0
 24.96, 1232.5,  -19.25, 212.0
 24.98, 1233.5,  -19.50, 212.0
 25.00, 1234.3,  -19.38, 212.0
 25.02, 1235.3,  -19.38, 212.0
 25.04, 1236.3,  -19.25, 212.0
 25.06, 1237.3,  -19.38, 212.0
 25.08, 1238.3,  -19.75, 212.0
 25.10, 1239.1,  -19.63, 212.0
 25.12, 1240.1,  -19.63, 212.0
 25.14, 1241.1,  -19.63, 212.0
 25.16, 1242.1,  -19.88, 212.0
 25.18, 1243.1,  -20.00, 212.0
 25.20, 1243.9,  -19.75, 212.0
 25.22, 1245.0,  -20.00, 212.0
 25.24, 1245.9,  -20.13, 212.0
 25.26, 1246.9,  -20.13, 212.0
 25.28, 1247.9,  -20.25, 212.0
 25.30, 1249.0,  -20.50, 212.0
 25.32, 1250.0,  -20.50, 212.0
 25.34, 1251.1,  -20.63, 212.0
 25.36, 1252.1,  -20.75, 212.0
 25.38, 1253.1,  -20.75, 212.0
 25.40, 1254.3,  -20.88, 212.0
 25.42, 1255.3,  -21.13, 212.0
 25.44, 1256.3,  -20.88, 212.0
 25.46, 1257.5,  -21.25, 212.0
 25.48, 1258.5,  -21.25, 212.0
 25.50, 1259.6,  -21.25, 212.0
 25.52, 1260.7,  -21.50, 212.0
 25.54, 1261.8,  -21.38, 212.0
 25.56, 1262.9,  -21.63, 212.0
 25.58, 1264.0,  -21.50, 212.0
 25.60, 1265.1,  -21.63, 212.0
 25.62, 1266.3,  -21.75, 212.0
 25.64, 1267.4,  -21.75, 212.0
 25.66, 1268.5,  -21.88, 212.0
 25.68, 1269.7,  -21.63, 212.0
 25.70, 1270.8,  -21.75, 212.0
 25.72, 1271.9,  -21.75, 212.0
 25.74, 1273.1,  -21.75, 212.0
 25.76, 1274.3,  -21.75, 212.0
 25.78, 1275.3,  -21.63, 212.0
 25.80, 1276.5,  -21.63, 212.0
 25.82, 1277.5,  -21.75, 212.0
 25.84, 1278.7,  -21.63, 212.0
 25.86, 1279.8,  -21.63, 212.0
 25.88, 1280.9,  -21.63, 212.0
 25.90, 1282.0,  -21.38, 212.0
 25.92, 1283.1,  -21.63, 212.0
 25.94, 1284.2,  -21.50, 212.0
 25.96, 1285.3,  -21.13, 212.0
 25.98, 1286.4,  -21.38, 212.0
 26.00, 1287.5,  -21.25, 212.0
 26.02, 1288.5,  -21.00, 212.0
 26.04, 1289.6,  -20.88, 212.0
 26.06, 1290.6,  -20.88, 212.0
 26.08, 1291.7,  -20.88, 212.0
 26.10, 1292.7,  -20.63, 212.0
 26.12, 1293.7,  -20.50, 212.0
 26.14, 1294.7,  -20.75, 212.0
 26.16, 1295.7,  -20.63, 212.0
 26.18, 1296.7,  -20.63, 212.0
 26.20, 1297.7,  -20.38, 212.0
 26.22, 1298.7,  -20.38, 212.0
 26.24, 1299.7,  -20.38, 212.0
 26.26, 1300.7,  -20.38, 212.0
 26.28, 1301.7,  -20.25, 212.0
 26.30, 1302.6,  -20.13, 212.0
 26.32, 1303.7,  -20.00, 212.0
 26.34, 1304.6,  -20.00, 212.0
 26.36, 1305.5,  -20.00, 212.0
 26.38, 1306.5,  -20.13, 212.0
 26.40, 1307.4,  -20.00, 212.0
 26.42, 1308.3,  -19.88, 212.0
 26.44, 1309.3,  -20.00, 212.0
 26.46, 1310.2,  -20.00, 212.0
 26.48, 1311.1,  -20.25, 212.0
 26.50, 1312.1,  -20.13, 212.0
 26.52, 1313.0,  -20.00, 212.0
 26.54, 1314.1,  -20.13, 212.0
 26.56, 1314.9,  -20.25, 212.0
 26.58, 1315.9,  -20.25, 212.0
 26.60, 1316.9,  -20.25, 212.0
 26.62, 1317.8,  -20.13, 212.0
 26.64, 1318.8,  -20.50, 212.0
 26.66, 1319.7,  -20.50, 212.0
 26.68, 1320.7,  -20.38, 212.0
 26.70, 1321.6,  -20.50, 212.0
 26.72, 1322.6,  -20.75, 212.0
 26.74, 1323.6,  -20.88, 212.0
 26.76, 1324.6,  -20.75, 212.0
 26.78, 1325.6,  -21.00, 212.0
 26.80, 1326.6,  -21.13, 212.0
 26.82, 1327.6,  -21.13, 212.0
 26.84, 1328.8,  -21.38, 212.0
 26.86, 1329.7,  -21.38, 212.0
 26.88, 1330.8,  -21.38, 212.0
 26.90, 1331.9,  -21.75, 212.0
 26.92, 1332.9,  -21.50, 212.0
 26.94, 1334.0,  -21.75, 212.0
 26.96, 1335.2,  -21.88, 212.0
 26.98, 1336.2,  -21.75, 212.0
 27.00, 1337.2,  -22.13, 212.0
 27.02, 1338.4,  -22.00, 212.0
 27.04, 1339.5,  -22.13, 212.0
 27.06, 1340.6,  -22.25, 212.0
 27.08, 1341.6,  -22.13, 212.0
 27.10, 1342.8,  -22.50, 212.0
 27.12, 1344.0,  -22.25, 212.0
 27.14, 1345.0,  -22.50, 212.0
 27.16, 1346.2,  -22.50, 212.0
 27.18, 1347.2,  -22.38, 212.0
 27.20, 1348.4,  -22.63, 212.0
 27.22, 1349.6,  -22.38, 203.2
 27.24, 1350.8,  -22.50, 203.2
 27.26, 1351.8,  -22.50, 203.2
 27.28, 1353.0,  -22.38, 203.2
 27.30, 1354.0,  -22.63, 203.2
 27.32, 1355.2,  -22.38, 203.2
 27.34, 1356.4,  -22.38, 203.2
 27.36, 1357.4,  -22.50, 203.2
 27.38, 1358.5,  -22.25, 203.2
 27.40, 1359.6,  -22.38, 203.2
 27.42, 1360.8,  -22.38, 203.2
 27.44, 1361.8,  -22.13, 203.2
 27.46, 1362.9,  -22.13, 203.2
 27.48, 1364.0,  -22.13, 203.2
 27.50, 1365.2,  -22.00, 203.2
 27.52, 1366.2,  -21.88, 203.2
 27.54, 1367.2,  -21.88, 203.2
 27.56, 1368.4,  -21.88, 203.2
 27.58, 1369.3,  -21.63, 203.2
 27.60, 1370.3,  -21.50, 203.2
 27.62, 1371.3,  -21.50, 203.2
 27.64, 1372.3,  -21.50, 203.2
 27.66, 1373.3,  -21.50, 203.2
 27.68, 1374.3,  -21.25, 203.2
 27.70, 1375.3,  -21.25, 203.2
 27.72, 1376.3,  -21.38, 203.2
 27.74, 1377.3,  -21.13, 203.2
 27.76, 1378.3,  -21.13, 203.2
 27.78, 1379.2,  -21.00, 203.2
 27.80, 1380.3,  -20.88, 203.2
 27.82, 1381.1,  -21.00, 203.2
 27.84, 1382.2,  -21.00, 203.2
 27.86, 1383.1,  -21.00, 203.2
 27.88, 1384.1,  -20.75, 203.2
 27.90, 1385.1,  -20.75, 203.2
 27.92, 1385.9,  -20.88, 203.2
 27.94, 1386.9,  -20.88, 203.2
 27.96, 1387.9,  -21.00, 203.2
 27.98, 1388.7,  -20.88, 203.2
 28.00, 1389.7,  -20.75, 203.2
 28.02, 1390.7,  -20.88, 203.2
 28.04, 1391.5,  -21.00, 203.2
 28.06, 1392.5,  -21.00, 203.2
 28.08, 1393.5,  -21.00, 203.2
 28.10, 1394.5,  -20.88, 203.2
 28.12, 1395.5,  -21.13, 203.2
 28.14, 1396.5,  -21.25, 203.2
 28.16, 1397.5,  -21.13, 203.2
 28.18, 1398.2,  -21.25, 203.2
 28.20, 1399.3,  -21.38, 203.2
 28.22, 1400.2,  -21.50, 203.2
 28.24, 1401.2,  -21.50, 203.2
 28.26, 1402.2,  -21.50, 203.2
 28.28, 1403.2,  -21.88, 203.2
 28.30, 1404.2,  -21.75, 203.2
 28.32, 1405.2,  -21.88, 203.2
 28.34, 1406.1,  -22.13, 203.2
 28.36, 1407.2,  -22.00, 203.2
 28.38, 1408.1,  -22.25, 203.2
 28.40, 1409.3,  -22.38, 203.2
 28.42, 1410.3,  -22.38, 203.2
 28.44, 1411.3,  -22.50, 203.2
 28.46, 1412.5,  -22.63, 203.2
 28.48, 1413.4,  -22.63, 203.2
 28.50, 1414.6,  -22.75, 203.2
 28.52, 1415.6,  -22.88, 203.2
 28.54, 1416.8,  -22.88, 203.2
 28.56, 1417.8,  -23.00, 203.2
 28.58, 1418.8,  -23.00, 203.2
 28.60, 1420.0,  -23.13, 203.2
 28.62, 1421.0,  -23.00, 203.2
 28.64, 1422.1,  -23.25, 203.2
 28.66, 1423.2,  -23.13, 203.2
 28.68, 1424.3,  -23.13, 203.2
 28.70, 1425.5,  -23.38, 203.2
 28.72, 1426.6,  -23.13, 203.2
 28.74, 1427.7,  -23.38, 203.2
 28.76, 1428.9,  -23.25, 203.2
 28.78, 1429.9,  -23.25, 203.2
 28.80, 1431.1,  -23.38, 203.2
 28.82, 1432.3,  -23.25, 203.2
 28.84, 1433.4,  -23.13, 203.2
 28.86, 1434.5,  -23.25, 203.2
 28.88, 1435.5,  -23.13, 203.2
 28.90, 1436.7,  -23.13, 203.2
 28.92, 1437.7,  -23.13, 203.2
 28.94, 1438.9,  -23.00, 203.2
 28.96, 1439.9,  -22.88, 203.2
 28.98, 1441.1,  -23.00, 203.2
 29.00, 1442.1,  -22.88, 203.2
 29.02, 1443.3,  -22.75, 203.2
 29.04, 1444.3,  -22.88, 203.2
 29.06, 1445.3,  -22.88, 203.2
 29.08, 1446.5,  -22.50, 203.2
 29.10, 1447.5,  -22.50, 203.2
 29.12, 1448.5,  -22.50, 203.2
 29.14, 1449.5,  -22.50, 203.2
 29.16, 1450.5,  -22.38, 203.2
 29.18, 1451.5,  -22.13, 203.2
 29.20, 1452.5,  -22.25, 203.2
 29.22, 1453.5,  -22.25, 203.2
 29.24, 1454.5,  -22.13, 203.2
 29.26, 1455.5,  -22.00, 203.2
 29.28, 1456.5,  -21.88, 203.2
 29.30, 1457.5,  -22.00, 203.2
 29.32, 1458.5,  -22.00, 203.2
 29.34, 1459.5,  -21.88, 203.2
 29.36, 1460.4,  -21.75, 203.2
 29.38, 1461.3,  -21.50, 203.2
 29.40, 1462.4,  -21.75, 203.2
 29.42, 1463.3,  -21.75, 203.2
 29.44, 1464.3,  -21.75, 203.2
 29.46, 1465.2,  -21.75, 203.2
 29.48, 1466.1,  -21.50, 203.2
 29.50, 1467.1,  -21.63, 203.2
 29.52, 1468.0,  -21.88, 203.2
 29.54, 1468.9,  -21.88, 203.2
 29.56, 1469.9,  -21.75, 203.2
 29.58, 1470.9,  -21.63, 203.2
 29.60, 1471.7,  -21.88, 203.2
 29.62, 1472.8,  -22.13, 194.3
 29.64, 1473.7,  -22.00, 194.3
 29.66, 1474.7,  -22.00, 194.3
 29.68, 1475.7,  -22.00, 194.3
 29.70, 1476.7,  -22.25, 194.3
 29.72, 1477.7,  -22.38, 194.3
 29.74, 1478.5,  -22.13, 194.3
 29.76, 1479.6,  -22.38, 194.3
 29.78, 1480.5,  -22.63, 194.3
 29.80, 1481.6,  -22.50, 194.3
 29.82, 1482.5,  -22.63, 194.3
 29.84, 1483.6,  -22.88, 194.3
 29.86, 1484.5,  -22.75, 194.3
 29.88, 1485.7,  -23.00, 194.3
 29.90, 1486.7,  -23.13, 194.3
 29.92, 1487.7,  -23.00, 194.3
 29.94, 1488.8,  -23.25, 194.3
 29.96, 1489.9,  -23.38, 194.3
 29.98, 1490.9,  -23.25, 194.3
 30.00, 1492.1,  -23.50, 194.3
 30.02, 1493.1,  -23.50, 194.3
 30.04, 1494.2,  -23.63, 194.3
 30.06, 1495.3,  -23.75, 194.3
 30.08, 1496.5,  -23.63, 194.3
 30.10, 1497.6,  -23.88, 194.3
 30.12, 1498.5,  -23.75, 194.3
 30.14, 1499.7,  -24.00, 194.3
 30.16, 1500.9,  -24.00, 194.3
 30.18, 1502.0,  -24.00, 194.3
 30.20, 1503.1,  -24.13, 194.3
 30.22, 1504.1,  -24.00, 194.3
 30.24, 1505.3,  -24.25, 194.3
 30.26, 1506.5,  -24.13, 194.3
 30.28, 1507.7,  -24.13, 194.3
 30.30, 1508.8,  -24.25, 194.3
 30.32, 1509.9,  -24.00, 194.3
 30.34, 1510.9,  -24.13, 194.3
 30.36, 1512.0,  -24.00, 194.3
 30.38, 1513.2,  -23.75, 194.3
 30.40, 1514.3,  -24.00, 194.3
 30.42, 1515.4,  -23.88, 194.3
 30.44, 1516.4,  -23.75, 194.3
 30.46, 1517.6,  -23.88, 194.3
 30.48, 1518.7,  -23.75, 194.3
 30.50, 1519.8,  -23.63, 194.3
 30.52, 1520.8,  -23.75, 194.3
 30.54, 1522.0,  -23.88, 194.3
 30.56, 1523.1,  -23.50, 194.3
 30.58, 1524.0,  -23.50, 194.3
 30.60, 1525.2,  -23.50, 194.3
 30.62, 1526.3,  -23.13, 194.3
 30.64, 1527.2,  -23.00, 194.3
 30.66, 1528.4,  -23.25, 194.3
 30.68, 1529.4,  -23.13, 194.3
 30.70, 1530.4,  -23.13, 194.3
 30.72, 1531.4,  -22.88, 194.3
 30.74, 1532.4,  -22.88, 194.3
 30.76, 1533.4,  -23.00, 194.3
 30.78, 1534.4,  -22.88, 194.3
 30.80, 1535.3,  -22.75, 194.3
 30.82, 1536.4,  -22.63, 194.3
 30.84, 1537.2,  -22.75, 194.3
 30.86, 1538.4,  -22.88, 194.3
 30.88, 1539.2,  -22.75, 194.3
 30.90, 1540.3,  -22.50, 194.3
 30.92, 1541.2,  -22.50, 194.3
 30.94, 1542.3,  -22.50, 194.3
 30.96, 1543.2,  -22.75, 194.3
 30.98, 1544.1,  -22.63, 194.3
 31.00, 1545.2,  -22.50, 194.3
 31.02, 1546.0,  -22.38, 194.3
 31.04, 1547.0,  -22.50, 194.3
 31.06, 1548.0,  -22.75, 194.3
 31.08, 1548.8,  -22.75, 194.3
 31.10, 1549.8,  -22.50, 194.3
 31.12, 1550.8,  -22.75, 194.3
 31.14, 1551.8,  -22.88, 194.3
 31.16, 1552.8,  -22.88, 194.3
 31.18, 1553.7,  -22.75, 194.3
 31.20, 1554.8,  -23.00, 194.3
 31.22, 1555.6,  -23.13, 194.3
 31.24, 1556.8,  -23.13, 194.3
 31.26, 1557.6,  -23.00, 194.3
 31.28, 1558.8,  -23.38, 194.3
 31.30, 1559.7,  -23.38, 194.3
 31.32, 1560.8,  -23.25, 194.3
 31.34, 1561.7,  -23.50, 194.3
 31.36, 1562.8,  -23.63, 194.3
 31.38, 1563.8,  -23.50, 194.3
 31.40, 1564.8,  -23.75, 194.3
 31.42, 1566.0,  -23.75, 194.3
 31.44, 1567.0,  -23.88, 194.3
 31.46, 1568.0,  -24.13, 194.3
 31.48, 1569.2,  -24.00, 194.3
 31.50, 1570.2,  -24.38, 194.3
 31.52, 1571.2,  -24.25, 194.3
 31.54, 1572.4,  -24.25, 194.3
 31.56, 1573.6,  -24.50, 194.3
 31.58, 1574.6,  -24.38, 194.3
 31.60, 1575.8,  -24.63, 194.3
 31.62, 1576.8,  -24.50, 194.3
 31.64, 1578.0,  -24.63, 194.3
 31.66, 1579.2,  -24.75, 194.3
 31.68, 1580.2,  -24.63, 194.3
 31.70, 1581.3,  -24.88, 194.3
 31.72, 1582.3,  -24.50, 194.3
 31.74, 1583.5,  -25.00, 194.3
 31.76, 1584.7,  -24.88, 194.3
 31.78, 1585.8,  -24.88, 194.3
 31.80, 1587.0,  -25.00, 194.3
 31.82, 1588.1,  -24.75, 194.3
 31.84, 1589.3,  -25.00, 194.3
 31.86, 1590.3,  -24.75, 194.3
 31.88, 1591.5,  -24.75, 194.3
 31.90, 1592.7,  -24.88, 194.3
 31.92, 1593.8,  -24.50, 194.3
 31.94, 1594.9,  -24.75, 194.3
 31.96, 1596.0,  -24.75, 194.3
 31.98, 1597.1,  -24.50, 194.3
 32.00, 1598.3,  -24.75, 194.3
 32.02, 1599.3,  -24.50, 194.3
 32.04, 1600.5,  -24.25, 194.3
 32.06, 1601.5,  -24.50, 194.3
 32.08, 1602.6,  -24.25, 194.3
 32.10, 1603.7,  -24.00, 194.3
 32.12, 1604.7,  -24.25, 194.3
 32.14, 1605.9,  -24.13, 194.3
 32.16, 1606.9,  -24.00, 194.3
 32.18, 1608.0,  -23.88, 194.3
 32.20, 1609.1,  -23.88, 194.3
 32.22, 1610.1,  -24.00, 194.3
 32.24, 1611.1,  -23.63, 194.3
 32.26, 1612.1,  -23.63, 194.3
 32.28, 1613.1,  -23.63, 194.3
 32.30, 1614.1,  -23.63, 194.3
 32.32, 1615.1,  -23.50, 194.3
 32.34, 1616.1,  -23.25, 194.3
 32.36, 1617.1,  -23.38, 194.3
 32.38, 1618.1,  -23.50, 194.3
 32.40, 1619.1,  -23.38, 194.3
 32.42, 1620.1,  -23.25, 194.3
 32.44, 1621.0,  -23.25, 194.3
 32.46, 1622.1,  -23.25, 194.3
 32.48, 1623.1,  -23.50, 194.3
 32.50, 1624.0,  -23.25, 194.3
 32.52, 1625.0,  -23.13, 194.3
 32.54, 1625.9,  -23.25, 194.3
 32.56, 1626.9,  -23.38, 194.3
 32.58, 1627.9,  -23.50, 194.3
 32.60, 1628.9,  -23.38, 194.3
 32.62, 1629.8,  -23.25, 194.3
 32.64, 1630.7,  -23.50, 194.3
 32.66, 1631.7,  -23.50, 194.3
 32.68, 1632.7,  -23.50, 194.3
 32.70, 1633.7,  -23.63, 194.3
 32.72, 1634.7,  -23.75, 194.3
 32.74, 1635.7,  -23.75, 194.3
 32.76, 1636.7,  -23.75, 194.3
 32.78, 1637.7,  -23.88, 194.3
 32.80, 1638.7,  -24.13, 194.3
 32.82, 1639.8,  -23.88, 194.3
 32.84, 1640.9,  -24.13, 194.3
 32.86, 1641.9,  -24.38, 194.3
 32.88, 1642.9,  -24.13, 194.3
 32.90, 1643.9,  -24.50, 194.3
 32.92, 1645.0,  -24.38, 194.3
 32.94, 1646.1,  -24.50, 194.3
 32.96, 1647.1,  -24.75, 194.3
 32.98, 1648.1,  -24.63, 194.3
 33.00, 1649.3,  -25.00, 194.3
 33.02, 1650.3,  -25.00, 194.3
 33.04, 1651.4,  -24.88, 194.3
 33.06, 1652.5,  -25.25, 194.3
 33.08, 1653.7,  -25.00, 194.3
 33.10, 1654.8,  -25.38, 194.3
 33.12, 1655.9,  -25.25, 194.3
 33.14, 1657.1,  -25.38, 194.3
 33.16, 1658.2,  -25.50, 194.3
 33.18, 1659.3,  -25.38, 194.3
 33.20, 1660.5,  -25.50, 194.3
 33.22, 1661.6,  -25.50, 194.3
 33.24, 1662.7,  -25.50, 194.3
 33.26, 1663.9,  -25.50, 194.3
 33.28, 1665.0,  -25.63, 194.3
 33.30, 1666.1,  -25.50, 194.3
 33.32, 1667.3,  -25.63, 194.3
 33.34, 1668.5,  -25.75, 194.3
 33.36, 1669.7,  -25.50, 194.3
 33.38, 1670.8,  -25.75, 194.3
 33.40, 1671.9,  -25.50, 194.3
 33.42, 1673.0,  -25.50, 194.3
 33.44, 1674.1,  -25.63, 194.3
 33.46, 1675.3,  -25.38, 194.3
 33.48, 1676.5,  -25.38, 194.3
 33.50, 1677.6,  -25.38, 194.3
 33.52, 1678.6,  -25.13, 194.3
 33.54, 1679.7,  -25.13, 194.3
 33.56, 1680.9,  -25.25, 194.3
 33.58, 1681.9,  -25.13, 194.3
 33.60, 1683.0,  -25.00, 194.3
 33.62, 1684.1,  -25.00, 194.3
 33.64, 1685.2,  -25.00, 194.3
 33.66, 1686.2,  -24.75, 194.3
 33.68, 1687.3,  -24.88, 194.3
 33.70, 1688.3,  -24.88, 194.3
 33.72, 1689.3,  -24.50, 194.3
 33.74, 1690.5,  -24.50, 194.3
 33.76, 1691.5,  -24.50, 194.3
 33.78, 1692.5,  -24.50, 194.3
 33.80, 1693.5,  -24.38, 194.3
 33.82, 1694.5,  -24.13, 194.3
 33.84, 1695.5,  -24.25, 194.3
 33.86, 1696.5,  -24.38, 194.3
 33.88, 1697.5,  -24.13, 194.3
 33.90, 1698.5,  -24.13, 194.3
 33.92, 1699.4,  -24.00, 194.3
 33.94, 1700.5,  -24.13, 194.3
 33.96, 1701.4,  -24.25, 194.3
 33.98, 1702.5,  -24.00, 194.3
 34.00, 1703.3,  -24.00, 194.3
 34.02, 1704.5,  -24.13, 194.3
 34.04, 1705.3,  -24.13, 194.3
 34.06, 1706.3,  -24.13, 194.3
 34.08, 1707.3,  -24.00, 194.3
 34.10, 1708.3,  -24.00, 194.3
 34.12, 1709.3,  -24.25, 194.3
 34.14, 1710.3,  -24.25, 194.3
 34.16, 1711.3,  -24.25, 194.3
 34.18, 1712.1,  -24.25, 194.3
 34.20, 1713.3,  -24.38, 194.3
 34.22, 1714.1,  -24.50, 194.3
 34.24, 1715.1,  -24.38, 194.3
 34.26, 1716.1,  -24.50, 194.3
 34.28, 1717.1,  -24.75, 194.3
 34.30, 1718.1,  -24.63, 194.3
 34.32, 1719.1,  -24.75, 194.3
 34.34, 1720.0,  -25.00, 194.3
 34.36, 1721.2,  -24.88, 194.3
 34.38, 1722.2,  -25.00, 194.3
 34.40, 1723.2,  -25.13, 194.3
 34.42, 1724.4,  -25.13, 198.8
 34.44, 1725.3,  -25.25, 198.8
 34.46, 1726.4,  -25.38, 198.8
 34.48, 1727.6,  -25.38, 198.8
 34.50, 1728.5,  -25.63, 198.8
 34.52, 1729.6,  -25.50, 198.8
 34.54, 1730.8,  -25.75, 198.8
 34.56, 1731.8,  -25.75, 198.8
 34.58, 1732.8,  -25.75, 198.8
 34.60, 1734.0,  -26.13, 198.8
 34.62, 1735.2,  -25.88, 198.8
 34.64, 1736.2,  -26.13, 198.8
 34.66, 1737.3,  -26.13, 198.8
 34.68, 1738.4,  -26.13, 198.8
 34.70, 1739.6,  -26.38, 198.8
 34.72, 1740.8,  -26.13, 198.8
 34.74, 1742.0,  -26.38, 198.8
 34.76, 1743.0,  -26.38, 198.8
 34.78, 1744.1,  -26.25, 198.8
 34.80, 1745.2,  -26.50, 198.8
 34.82, 1746.4,  -26.38, 198.8
 34.84, 1747.6,  -26.38, 198.8
 34.86, 1748.7,  -26.38, 198.8
 34.88, 1749.8,  -26.38, 198.8
 34.90, 1750.9,  -26.25, 198.8
 34.92, 1752.0,  -26.25, 198.8
 34.94, 1753.2,  -26.38, 198.8
 34.96, 1754.4,  -26.38, 198.8
 34.98, 1755.4,  -26.25, 198.8
 35.00, 1756.5,  -26.38, 198.8
 35.02, 1757.5,  -26.13, 198.8
 35.04, 1758.7,  -26.00, 198.8
 35.06, 1759.9,  -26.13, 198.8
 35.08, 1760.9,  -26.00, 198.8
 35.10, 1761.9,  -25.88, 198.8
 35.12, 1763.1,  -26.00, 198.8
 35.14, 1764.1,  -25.88, 198.8
 35.16, 1765.1,  -25.63, 198.8
 35.18, 1766.3,  -25.75, 198.8
 35.20, 1767.3,  -25.75, 198.8
 35.22, 1768.3,  -25.50, 198.8
 35.24, 1769.3,  -25.50, 198.8
 35.26, 1770.3,  -25.50, 198.8
 35.28, 1771.5,  -25.50, 198.8
 35.30, 1772.5,  -25.38, 198.8
 35.32, 1773.5,  -25.13, 198.8
 35.34, 1774.5,  -25.25, 198.8
 35.36, 1775.5,  -25.25, 198.8
 35.38, 1776.5,  -25.13, 198.8
 35.40, 1777.5,  -25.00, 198.8
 35.42, 1778.5,  -24.88, 198.8
 35.44, 1779.5,  -25.13, 198.8
 35.46, 1780.5,  -25.13, 198.8
 35.48, 1781.4,  -25.00, 198.8
 35.50, 1782.3,  -25.00, 198.8
 35.52, 1783.3,  -24.88, 198.8
 35.54, 1784.3,  -25.00, 198.8
 35.56, 1785.3,  -25.13, 198.8
 35.58, 1786.3,  -24.88, 198.8
 35.60, 1787.1,  -25.00, 198.8
 35.62, 1788.3,  -25.13, 198.8
 35.64, 1789.2,  -25.13, 198.8
 35.66, 1790.2,  -25.13, 198.8
 35.68, 1791.1,  -25.00, 198.8
 35.70, 1792.1,  -25.25, 198.8
 35.72, 1793.1,  -25.38, 198.8
 35.74, 1794.1,  -25.25, 198.8
 35.76, 1795.1,  -25.38, 198.8
 35.78, 1796.1,  -25.50, 198.8
 35.80, 1797.1,  -25.50, 198.8
 35.82, 1798.1,  -25.50, 198.8
 35.84, 1799.1,  -25.75, 198.8
 35.86, 1800.1,  -25.75, 198.8
 35.88, 1801.1,  -25.75, 198.8
 35.90, 1802.1,  -26.00, 198.8
 35.92, 1803.1,  -26.13, 198.8
 35.94, 1804.3,  -26.00, 198.8
 35.96, 1805.3,  -26.25, 198.8
 35.98, 1806.3,  -26.25, 198.8
 36.00, 1807.4,  -26.25, 198.8
 36.02, 1808.4,  -26.50, 198.8
 36.04, 1809.5,  -26.50, 198.8
 36.06, 1810.6,  -26.63, 198.8
 36.08, 1811.6,  -26.75, 198.8
 36.10, 1812.8,  -26.63, 198.8
 36.12, 1813.8,  -26.88, 198.8
 36.14, 1814.9,  -26.88, 198.8
 36.16, 1815.9,  -27.00, 198.8
 36.18, 1817.1,  -27.00, 198.8
 36.20, 1818.2,  -27.13, 198.8
 36.22, 1819.3,  -27.13, 198.8
 36.24, 1820.5,  -27.00, 198.8
 36.26, 1821.5,  -27.38, 198.8
 36.28, 1822.7,  -27.13, 198.8
 36.30, 1823.9,  -27.38, 198.8
 36.32, 1825.1,  -27.25, 198.8
 36.34, 1826.1,  -27.13, 198.8
 36.36, 1827.3,  -27.38, 198.8
 36.38, 1828.5,  -27.13, 198.8
 36.40, 1829.5,  -27.25, 198.8
 36.42, 1830.7,  -27.38, 198.8
 36.44, 1831.8,  -27.00, 198.8
 36.46, 1833.0,  -27.38, 198.8
 36.48, 1834.1,  -27.13, 198.8
 36.50, 1835.1,  -27.00, 198.8
 36.52, 1836.3,  -27.25, 198.8
 36.54, 1837.4,  -27.00, 198.8
 36.56, 1838.5,  -27.00, 198.8
 36.58, 1839.5,  -27.13, 198.8
 36.60, 1840.7,  -26.75, 198.8
 36.62, 1841.9,  -26.88, 198.8
 36.64, 1842.9,  -26.88, 198.8
 36.66, 1843.9,  -26.63, 198.8
 36.68, 1845.1,  -26.50, 198.8
 36.70, 1846.1,  -26.50, 198.8
 36.72, 1847.1,  -26.50, 198.8
 36.74, 1848.3,  -26.38, 198.8
 36.76, 1849.2,  -26.25, 198.8
 36.78, 1850.3,  -26.50, 198.8
 36.80, 1851.3,  -26.38, 198.8
 36.82, 1852.3,  -26.13, 198.8
 36.84, 1853.3,  -26.13, 198.8
 36.86, 1854.3,  -26.25, 198.8
 36.88, 1855.4,  -26.25, 198.8
 36.90, 1856.3,  -26.00, 198.8
 36.92, 1857.4,  -25.88, 198.8
 36.94, 1858.3,  -26.00, 198.8
 36.96, 1859.4,  -26.00, 198.8
 36.98, 1860.3,  -25.88, 198.8
 37.00, 1861.4,  -25.75, 198.8
 37.02, 1862.3,  -25.75, 198.8
 37.04, 1863.4,  -25.88, 198.8
 37.06, 1864.3,  -26.00, 198.8
 37.08, 1865.3,  -25.75, 198.8
 37.10, 1866.3,  -25.75, 198.8
 37.12, 1867.1,  -26.00, 198.8
 37.14, 1868.2,  -26.00, 198.8
 37.16, 1869.1,  -26.00, 198.8
 37.18, 1870.1,  -26.00, 198.8
 37.20, 1871.1,  -26.13, 198.8
 37.22, 1872.2,  -26.25, 189.9
 37.24, 1873.1,  -26.00, 189.9
 37.26, 1874.1,  -26.13, 189.9
 37.28, 1875.1,  -26.38, 189.9
 37.30, 1876.2,  -26.38, 189.9
 37.32, 1877.1,  -26.25, 189.9
 37.34, 1878.2,  -26.50, 189.9
 37.36, 1879.1,  -26.63, 189.9
 37.38, 1880.3,  -26.50, 189.9
 37.40, 1881.1,  -26.75, 189.9
 37.42, 1882.3,  -26.88, 189.9
 37.44, 1883.3,  -26.75, 189.9
 37.46, 1884.3,  -27.00, 189.9
 37.48, 1885.5,  -27.00, 189.9
 37.50, 1886.4,  -27.13, 189.9
 37.52, 1887.5,  -27.38, 189.9
 37.54, 1888.7,  -27.13, 189.9
 37.56, 1889.8,  -27.50, 189.9
 37.58, 1890.7,  -27.50, 189.9
 37.60, 1891.9,  -27.50, 189.9
 37.62, 1893.1,  -27.50, 189.9
 37.64, 1894.1,  -27.50, 189.9
 37.66, 1895.2,  -27.88, 189.9
 37.68, 1896.3,  -27.75, 189.9
 37.70, 1897.5,  -27.75, 189.9
 37.72, 1898.7,  -28.00, 189.9
 37.74, 1899.7,  -27.75, 189.9
 37.76, 1900.8,  -28.13, 189.9
 37.78, 1901.9,  -27.88, 189.9
 37.80, 1903.1,  -28.13, 189.9
 37.82, 1904.3,  -28.00, 189.9
 37.84, 1905.4,  -28.13, 189.9
 37.86, 1906.6,  -28.13, 189.9
 37.88, 1907.7,  -28.00, 189.9
 37.90, 1908.8,  -28.13, 189.9
 37.92, 1909.9,  -28.00, 189.9
 37.94, 1911.1,  -28.13, 189.9
 37.96, 1912.3,  -28.13, 189.9
 37.98, 1913.5,  -28.00, 189.9
 38.00, 1914.6,  -28.00, 189.9
 38.02, 1915.7,  -28.00, 189.9
 38.04, 1916.7,  -27.88, 189.9
 38.06, 1917.9,  -28.00, 189.9
 38.08, 1919.1,  -27.75, 189.9
 38.10, 1920.2,  -27.88, 189.9
 38.12, 1921.1,  -27.75, 189.9
 38.14, 1922.3,  -27.50, 189.9
 38.16, 1923.5,  -27.63, 189.9
 38.18, 1924.5,  -27.50, 189.9
 38.20, 1925.5,  -27.38, 189.9
 38.22, 1926.7,  -27.38, 189.9
 38.24, 1927.8,  -27.50, 189.9
 38.26, 1928.9,  -27.38, 189.9
 38.28, 1929.9,  -27.13, 189.9
 38.30, 1931.0,  -27.38, 189.9
 38.32, 1931.9,  -27.25, 189.9
 38.34, 1933.1,  -27.00, 189.9
 38.36, 1934.1,  -27.00, 189.9
 38.38, 1935.1,  -27.00, 189.9
 38.40, 1936.1,  -27.00, 189.9
 38.42, 1937.1,  -27.00, 189.9
 38.44, 1938.1,  -26.63, 189.9
 38.46, 1939.0,  -27.00, 189.9
 38.48, 1940.0,  -27.00, 189.9
 38.50, 1941.0,  -26.63, 189.9
 38.52, 1942.1,  -26.75, 189.9
 38.54, 1943.0,  -26.88, 189.9
 38.56, 1944.2,  -26.88, 189.9
 38.58, 1945.0,  -26.75, 189.9
 38.60, 1946.1,  -26.63, 189.9
 38.62, 1947.0,  -26.88, 189.9
 38.64, 1948.2,  -26.88, 189.9
 38.66, 1949.0,  -26.63, 189.9
 38.68, 1950.1,  -26.75, 189.9
 38.70, 1951.0,  -26.88, 189.9
 38.72, 1952.0,  -27.00, 189.9
 38.74, 1953.0,  -26.75, 189.9
 38.76, 1954.0,  -27.00, 189.9
 38.78, 1955.0,  -27.13, 189.9
 38.80, 1956.0,  -27.00, 189.9
 38.82, 1957.0,  -27.00, 189.9
 38.84, 1958.1,  -27.38, 189.9
 38.86, 1959.1,  -27.25, 189.9
 38.88, 1960.2,  -27.25, 189.9
 38.90, 1961.2,  -27.63, 189.9
 38.92, 1962.2,  -27.38, 189.9
 38.94, 1963.4,  -27.50, 189.9
 38.96, 1964.4,  -27.75, 189.9
 38.98, 1965.4,  -27.50, 189.9
 39.00, 1966.6,  -27.88, 189.9
 39.02, 1967.6,  -27.88, 189.9
 39.04, 1968.6,  -27.88, 189.9
 39.06, 1969.8,  -28.13, 189.9
 39.08, 1970.8,  -28.00, 189.9
 39.10, 1971.9,  -28.25, 189.9
 39.12, 1973.0,  -28.25, 189.9
 39.14, 1974.2,  -28.38, 189.9
 39.16, 1975.3,  -28.38, 189.9
 39.18, 1976.4,  -28.50, 189.9
 39.20, 1977.6,  -28.63, 189.9
 39.22, 1978.8,  -28.63, 189.9
 39.24, 1979.9,  -28.75, 189.9
 39.26, 1981.1,  -28.50, 189.9
 39.28, 1982.2,  -28.75, 189.9
 39.30, 1983.4,  -28.75, 189.9
 39.32, 1984.5,  -28.63, 189.9
 39.34, 1985.7,  -28.88, 189.9
 39.36, 1986.8,  -28.63, 189.9
 39.38, 1987.9,  -28.88, 189.9
 39.40, 1989.1,  -28.75, 189.9
 39.42, 1990.2,  -28.88, 189.9
 39.44, 1991.4,  -28.88, 189.9
 39.46, 1992.5,  -28.75, 189.9
 39.48, 1993.7,  -28.88, 189.9
 39.50, 1994.9,  -28.63, 189.9
 39.52, 1996.0,  -28.75, 189.9
 39.54, 1997.1,  -28.63, 189.9
 39.56, 1998.3,  -28.63, 189.9
 39.58, 1999.5,  -28.63, 189.9
 39.60, 2000.5,  -28.50, 189.9
 39.62, 2001.5,  -28.50, 189.9
 39.64, 2002.5,  -28.50, 189.0
 39.66, 2003.7,  -28.38, 189.0
 39.68, 2004.7,  -28.25, 189.0
 39.70, 2005.9,  -28.38, 189.0
 39.72, 2006.9,  -28.13, 189.0
 39.74, 2008.0,  -28.00, 189.0
 39.76, 2009.1,  -28.13, 189.0
 39.78, 2010.1,  -28.13, 189.0
 39.80, 2011.2,  -27.88, 189.0
 39.82, 2012.3,  -28.13, 189.0
 39.84, 2013.3,  -28.00, 189.0
 39.86, 2014.4,  -27.75, 189.0
 39.88, 2015.5,  -27.88, 189.0
 39.90, 2016.5,  -27.88, 189.0
 39.92, 2017.5,  -27.75, 189.0
 39.94, 2018.5,  -27.63, 189.0
 39.96, 2019.6,  -27.50, 189.0
 39.98, 2020.6,  -27.63, 189.0
 40.00, 2021.6,  -27.63, 189.0
 40.02, 2022.6,  -27.63, 189.0
 40.04, 2023.6,  -27.50, 189.0
 40.06, 2024.6,  -27.75, 189.0
 40.08, 2025.6,  -27.50, 189.0
 40.10, 2026.6,  -27.50, 189.0
 40.12, 2027.6,  -27.63, 189.0
 40.14, 2028.7,  -27.75, 189.0
 40.16, 2029.6,  -27.63, 189.0
 40.18, 2030.7,  -27.63, 189.0
 40.20, 2031.6,  -27.75, 189.0
 40.22, 2032.7,  -27.88, 189.0
 40.24, 2033.7,  -27.63, 189.0
 40.26, 2034.7,  -27.75, 189.0
 40.28, 2035.7,  -27.88, 189.0
 40.30, 2036.7,  -27.75, 189.0
 40.32, 2037.8,  -27.88, 189.0
 40.34, 2038.7,  -28.00, 189.0
 40.36, 2039.9,  -28.00, 189.0
 40.38, 2040.8,  -28.13, 189.0
 40.40, 2041.9,  -28.25, 189.0
 40.42, 2042.9,  -28.25, 189.0
 40.44, 2043.9,  -28.38, 189.0
 40.46, 2045.1,  -28.50, 189.0
 40.48, 2046.1,  -28.50, 189.0
 40.50, 2047.1,  -28.75, 189.0
 40.52, 2048.3,  -28.63, 189.0
 40.54, 2049.4,  -28.75, 189.0
 40.56, 2050.5,  -28.88, 189.0
 40.58, 2051.5,  -28.75, 189.0
 40.60, 2052.7,  -29.00, 189.0
 40.62, 2053.8,  -28.88, 189.0
 40.64, 2054.8,  -28.88, 189.0
 40.66, 2055.9,  -29.25, 189.0
 40.68, 2057.1,  -29.00, 189.0
 40.70, 2058.3,  -29.38, 189.0
 40.72, 2059.3,  -29.38, 189.0
 40.74, 2060.4,  -29.38, 189.0
 40.76, 2061.5,  -29.50, 189.0
 40.78, 2062.7,  -29.50, 189.0
 40.80, 2063.9,  -29.50, 189.0
 40.82, 2065.1,  -29.50, 189.0
 40.84, 2066.3,  -29.63, 189.0
 40.86, 2067.3,  -29.50, 189.0
 40.88, 2068.5,  -29.63, 189.0
 40.90, 2069.6,  -29.50, 189.0
 40.92, 2070.7,  -29.50, 189.0
 40.94, 2071.9,  -29.63, 189.0
 40.96, 2073.1,  -29.38, 189.0
 40.98, 2074.3,  -29.63, 189.0
 41.00, 2075.3,  -29.50, 189.0
 41.02, 2076.4,  -29.38, 189.0
 41.04, 2077.5,  -29.63, 189.0
 41.06, 2078.7,  -29.38, 189.0
 41.08, 2079.9,  -29.38, 189.0
 41.10, 2080.9,  -29.50, 189.0
 41.12, 2082.0,  -29.25, 189.0
 41.14, 2083.1,  -29.38, 189.0
 41.16, 2084.3,  -29.38, 189.0
 41.18, 2085.5,  -29.00, 189.0
 41.20, 2086.5,  -29.25, 189.0
 41.22, 2087.5,  -29.13, 189.0
 41.24, 2088.7,  -28.88, 189.0
 41.26, 2089.7,  -28.88, 189.0
 41.28, 2090.7,  -29.00, 189.0
 41.30, 2091.9,  -28.88, 189.0
 41.32, 2092.9,  -28.75, 189.0
 41.34, 2093.9,  -28.75, 189.0
 41.36, 2095.1,  -28.88, 189.0
 41.38, 2095.9,  -28.75, 189.0
 41.40, 2097.1,  -28.50, 189.0
 41.42, 2098.0,  -28.75, 189.0
 41.44, 2099.1,  -28.63, 189.0
 41.46, 2100.1,  -28.50, 189.0
 41.48, 2101.1,  -28.50, 189.0
 41.50, 2102.2,  -28.63, 189.0
 41.52, 2103.1,  -28.50, 189.0
 41.54, 2104.3,  -28.50, 189.0
 41.56, 2105.1,  -28.38, 189.0
 41.58, 2106.3,  -28.63, 189.0
 41.60, 2107.2,  -28.50, 189.0
 41.62, 2108.2,  -28.38, 189.0
 41.64, 2109.1,  -28.50, 189.0
 41.66, 2110.2,  -28.63, 189.0
 41.68, 2111.0,  -28.50, 189.0
 41.70, 2112.2,  -28.50, 189.0
 41.72, 2113.0,  -28.63, 189.0
 41.74, 2114.2,  -28.63, 189.0
 41.76, 2115.0,  -28.63, 189.0
 41.78, 2116.2,  -28.63, 189.0
 41.80, 2117.1,  -28.88, 189.0
 41.82, 2118.2,  -28.88, 189.0
 41.84, 2119.2,  -28.75, 189.0
 41.86, 2120.2,  -29.13, 189.0
 41.88, 2121.4,  -29.00, 189.0
 41.90, 2122.4,  -28.88, 189.0
 41.92, 2123.4,  -29.25, 189.0
 41.94, 2124.4,  -29.25, 189.0
 41.96, 2125.4,  -29.13, 189.0
 41.98, 2126.6,  -29.50, 189.0
 42.00, 2127.6,  -29.38, 189.0
 42.02, 2128.6,  -29.38, 189.0
 42.04, 2129.7,  -29.75, 182.6
 42.06, 2130.7,  -29.50, 182.6
 42.08, 2131.8,  -29.75, 182.6
 42.10, 2133.0,  -29.75, 182.6
 42.12, 2134.0,  -29.75, 182.6
 42.14, 2135.0,  -30.13, 182.6
 42.16, 2136.2,  -30.00, 182.6
 42.18, 2137.4,  -30.13, 182.6
 42.20, 2138.5,  -30.13, 182.6
 42.22, 2139.6,  -30.13, 182.6
 42.24, 2140.7,  -30.25, 182.6
 42.26, 2141.8,  -30.13, 182.6
 42.28, 2143.0,  -30.38, 182.6
 42.30, 2144.1,  -30.25, 182.6
 42.32, 2145.2,  -30.38, 182.6
 42.34, 2146.4,  -30.38, 182.6
 42.36, 2147.4,  -30.38, 182.6
 42.38, 2148.6,  -30.50, 182.6
 42.40, 2149.8,  -30.25, 182.6
 42.42, 2150.8,  -30.50, 182.6
 42.44, 2152.0,  -30.50, 182.6
 42.46, 2152.9,  -30.38, 182.6
 42.48, 2154.1,  -30.63, 182.6
 42.50, 2155.3,  -30.25, 182.6
 42.52, 2156.5,  -30.38, 182.6
 42.54, 2157.5,  -30.50, 182.6
 42.56, 2158.7,  -30.13, 182.6
 42.58, 2159.8,  -30.38, 182.6
 42.60, 2160.9,  -30.38, 182.6
 42.62, 2162.1,  -30.13, 182.6
 42.64, 2163.1,  -30.38, 182.6
 42.66, 2164.2,  -30.25, 182.6
 42.68, 2165.3,  -30.00, 182.6
 42.70, 2166.3,  -30.25, 182.6
 42.72, 2167.5,  -30.00, 182.6
 42.74, 2168.5,  -29.88, 182.6
 42.76, 2169.6,  -30.13, 182.6
 42.78, 2170.7,  -29.88, 182.6
 42.80, 2171.7,  -29.75, 182.6
 42.82, 2172.8,  -30.00, 182.6
 42.84, 2173.9,  -29.88, 182.6
 42.86, 2174.9,  -29.75, 182.6
 42.88, 2175.9,  -29.63, 182.6
 42.90, 2177.1,  -29.75, 182.6
 42.92, 2178.1,  -29.75, 182.6
 42.94, 2179.1,  -29.50, 182.6
 42.96, 2180.1,  -29.38, 182.6
 42.98, 2181.1,  -29.63, 182.6
 43.00, 2182.2,  -29.50, 182.6
 43.02, 2183.1,  -29.38, 182.6
 43.04, 2184.1,  -29.50, 182.6
 43.06, 2185.1,  -29.50, 182.6
 43.08, 2186.2,  -29.50, 182.6
 43.10, 2187.1,  -29.38, 182.6
 43.12, 2188.1,  -29.50, 182.6
 43.14, 2189.0,  -29.63, 182.6
 43.16, 2190.1,  -29.50, 182.6
 43.18, 2191.1,  -29.38, 182.6
 43.20, 2192.2,  -29.63, 182.6
 43.22, 2193.2,  -29.75, 182.6
 43.24, 2194.2,  -29.50, 182.6
 43.26, 2195.2,  -29.50, 182.6
 43.28, 2196.2,  -29.75, 182.6
 43.30, 2197.2,  -29.63, 182.6
 43.32, 2198.2,  -29.63, 182.6
 43.34, 2199.2,  -29.88, 182.6
 43.36, 2200.2,  -29.88, 182.6
 43.38, 2201.3,  -29.88, 182.6
 43.40, 2202.2,  -30.00, 182.6
 43.42, 2203.4,  -30.13, 182.6
 43.44, 2204.4,  -30.00, 182.6
 43.46, 2205.4,  -30.25, 182.6
 43.48, 2206.5,  -30.38, 182.6
 43.50, 2207.6,  -30.25, 182.6
 43.52, 2208.6,  -30.50, 182.6
 43.54, 2209.7,  -30.50, 182.6
 43.56, 2210.8,  -30.38, 182.6
 43.58, 2211.8,  -30.63, 182.6
 43.60, 2213.0,  -30.50, 182.6
 43.62, 2214.1,  -30.75, 182.6
 43.64, 2215.0,  -30.75, 182.6
 43.66, 2216.2,  -30.75, 182.6
 43.68, 2217.4,  -31.00, 182.6
 43.70, 2218.4,  -30.75, 182.6
 43.72, 2219.4,  -31.13, 182.6
 43.74, 2220.6,  -31.00, 182.6
 43.76, 2221.8,  -31.13, 182.6
 43.78, 2222.9,  -31.25, 182.6
 43.80, 2224.0,  -31.00, 182.6
 43.82, 2225.1,  -31.38, 182.6
 43.84, 2226.2,  -31.13, 182.6
 43.86, 2227.4,  -31.38, 182.6
 43.88, 2228.6,  -31.38, 182.6
 43.90, 2229.8,  -31.13, 182.6
 43.92, 2230.9,  -31.38, 182.6
 43.94, 2232.0,  -31.13, 182.6
 43.96, 2233.0,  -31.38, 182.6
 43.98, 2234.2,  -31.38, 182.6
 44.00, 2235.4,  -31.13, 182.6
 44.02, 2236.5,  -31.38, 182.6
 44.04, 2237.6,  -31.13, 182.6
 44.06, 2238.6,  -31.38, 182.6
 44.08, 2239.8,  -31.25, 182.6
 44.10, 2241.0,  -31.13, 182.6
 44.12, 2242.1,  -31.25, 182.6
 44.14, 2243.2,  -31.00, 182.6
 44.16, 2244.2,  -31.13, 182.6
 44.18, 2245.4,  -31.13, 182.6
 44.20, 2246.6,  -30.88, 182.6
 44.22, 2247.7,  -31.00, 182.6
 44.24, 2248.7,  -31.00, 182.6
 44.26, 2249.8,  -30.88, 182.6
 44.28, 2251.0,  -30.75, 182.6
 44.30, 2252.0,  -30.88, 182.6
 44.32, 2253.0,  -30.88, 182.6
 44.34, 2254.2,  -30.50, 182.6
 44.36, 2255.1,  -30.63, 182.6
 44.38, 2256.2,  -30.75, 182.6
 44.40, 2257.3,  -30.38, 182.6
 44.42, 2258.2,  -30.50, 182.6
 44.44, 2259.4,  -30.63, 176.7
 44.46, 2260.4,  -30.38, 176.7
 44.48, 2261.4,  -30.38, 176.7
 44.50, 2262.4,  -30.63, 176.7
 44.52, 2263.4,  -30.50, 176.7
 44.54, 2264.6,  -30.38, 176.7
 44.56, 2265.5,  -30.38, 176.7
 44.58, 2266.6,  -30.38, 176.7
 44.60, 2267.7,  -30.50, 176.7
 44.62, 2268.6,  -30.13, 176.7
 44.64, 2269.6,  -30.25, 176.7
 44.66, 2270.6,  -30.50, 176.7
 44.68, 2271.8,  -30.38, 176.7
 44.70, 2272.6,  -30.25, 176.7
 44.72, 2273.8,  -30.63, 176.7
 44.74, 2274.6,  -30.50, 176.7
 44.76, 2275.8,  -30.25, 176.7
 44.78, 2276.7,  -30.75, 176.7
 44.80, 2277.8,  -30.75, 176.7
 44.82, 2278.9,  -30.38, 176.7
 44.84, 2279.8,  -30.88, 176.7
 44.86, 2281.0,  -30.88, 176.7
 44.88, 2282.0,  -30.63, 176.7
 44.90, 2283.0,  -31.00, 176.7
 44.92, 2284.2,  -31.00, 176.7
 44.94, 2285.1,  -30.88, 176.7
 44.96, 2286.2,  -31.13, 176.7
 44.98, 2287.3,  -31.13, 176.7
 45.00, 2288.2,  -31.00, 176.7
 45.02, 2289.4,  -31.25, 176.7
 45.04, 2290.5,  -31.13, 176.7
 45.06, 2291.5,  -31.38, 176.7
 45.08, 2292.6,  -31.50, 176.7
 45.10, 2293.8,  -31.25, 176.7
 45.12, 2294.8,  -31.75, 176.7
 45.14, 2295.8,  -31.50, 176.7
 45.16, 2297.0,  -31.63, 176.7
 45.18, 2298.2,  -31.75, 176.7
 45.20, 2299.3,  -31.63, 176.7
 45.22, 2300.4,  -32.00, 176.7
 45.24, 2301.5,  -31.75, 176.7
 45.26, 2302.6,  -32.00, 176.7
 45.28, 2303.8,  -31.88, 176.7
 45.30, 2305.0,  -32.00, 176.7
 45.32, 2306.2,  -32.00, 176.7
 45.34, 2307.2,  -31.88, 176.7
 45.36, 2308.3,  -32.13, 176.7
 45.38, 2309.4,  -31.88, 176.7
 45.40, 2310.6,  -32.25, 176.7
 45.42, 2311.8,  -32.00, 176.7
 45.44, 2312.9,  -32.13, 176.7
 45.46, 2314.1,  -32.13, 176.7
 45.48, 2315.2,  -32.00, 176.7
 45.50, 2316.3,  -32.25, 176.7
 45.52, 2317.5,  -32.00, 176.7
 45.54, 2318.6,  -32.13, 176.7
 45.56, 2319.8,  -32.13, 176.7
 45.58, 2321.0,  -32.13, 176.7
 45.60, 2322.2,  -32.00, 176.7
 45.62, 2323.3,  -31.88, 176.7
 45.64, 2324.4,  -32.13, 176.7
 45.66, 2325.5,  -32.00, 176.7
 45.68, 2326.6,  -31.88, 176.7
 45.70, 2327.8,  -32.00, 176.7
 45.72, 2328.8,  -31.75, 176.7
 45.74, 2329.9,  -31.75, 176.7
 45.76, 2331.0,  -31.88, 176.7
 45.78, 2332.2,  -31.63, 176.7
 45.80, 2333.3,  -31.75, 176.7
 45.82, 2334.3,  -31.75, 176.7
 45.84, 2335.4,  -31.50, 176.7
 45.86, 2336.6,  -31.63, 176.7
 45.88, 2337.6,  -31.63, 176.7
 45.90, 2338.7,  -31.50, 176.7
 45.92, 2339.8,  -31.50, 176.7
 45.94, 2340.9,  -31.50, 176.7
 45.96, 2341.9,  -31.50, 176.7
 45.98, 2343.0,  -31.25, 176.7
 46.00, 2344.0,  -31.38, 176.7
 46.02, 2345.0,  -31.50, 176.7
 46.04, 2346.2,  -31.13, 176.7
 46.06, 2347.1,  -31.25, 176.7
 46.08, 2348.2,  -31.50, 176.7
 46.10, 2349.2,  -31.13, 176.7
 46.12, 2350.2,  -31.25, 176.7
 46.14, 2351.3,  -31.50, 176.7
 46.16, 2352.4,  -31.25, 176.7
 46.18, 2353.4,  -31.25, 176.7
 46.20, 2354.5,  -31.50, 176.7
 46.22, 2355.5,  -31.38, 176.7
 46.24, 2356.6,  -31.25, 176.7
 46.26, 2357.6,  -31.63, 176.7
 46.28, 2358.6,  -31.63, 176.7
 46.30, 2359.7,  -31.50, 176.7
 46.32, 2360.7,  -31.38, 176.7
 46.34, 2361.8,  -31.00, 176.7
 46.36, 2362.8,  -30.88, 176.7
 46.38, 2363.8,  -31.50, 176.7
 46.40, 2364.9,  -31.88, 176.7
 46.42, 2366.0,  -32.25, 176.7
 46.44, 2367.0,  -32.63, 176.7
 46.46, 2368.1,  -32.25, 176.7
 46.48, 2369.2,  -32.00, 176.7
 46.50, 2370.2,  -31.88, 176.7
 46.52, 2371.3,  -31.50, 176.7
 46.54, 2372.4,  -32.00, 176.7
 46.56, 2373.5,  -32.00, 176.7
 46.58, 2374.6,  -32.25, 176.7
 46.60, 2375.7,  -32.38, 176.7
 46.62, 2376.8,  -32.00, 176.7
 46.64, 2378.0,  -32.38, 176.7
 46.66, 2379.1,  -32.50, 176.7
 46.68, 2380.2,  -32.38, 176.7
 46.70, 2381.3,  -32.63, 176.7
 46.72, 2382.4,  -32.38, 176.7
 46.74, 2383.6,  -32.75, 176.7
 46.76, 2384.7,  -32.63, 176.7
 46.78, 2385.8,  -32.75, 176.7
 46.80, 2387.0,  -32.63, 176.7
 46.82, 2388.0,  -32.88, 176.7
 46.84, 2389.2,  -32.88, 172.3
 46.86, 2390.4,  -32.88, 172.3
 46.88, 2391.6,  -33.00, 172.3
 46.90, 2392.7,  -32.88, 172.3
 46.92, 2393.9,  -33.00, 172.3
 46.94, 2395.0,  -32.88, 172.3
 46.96, 2396.2,  -32.88, 172.3
 46.98, 2397.4,  -33.00, 172.3
 47.00, 2398.5,  -32.88, 172.3
 47.02, 2399.6,  -33.00, 172.3
 47.04, 2400.8,  -32.88, 172.3
 47.06, 2402.0,  -33.00, 172.3
 47.08, 2403.1,  -32.88, 172.3
 47.10, 2404.2,  -33.00, 172.3
 47.12, 2405.3,  -32.88, 172.3
 47.14, 2406.4,  -32.75, 172.3
 47.16, 2407.6,  -33.00, 172.3
 47.18, 2408.8,  -32.75, 172.3
 47.20, 2409.9,  -32.88, 172.3
 47.22, 2411.0,  -33.00, 172.3
 47.24, 2412.1,  -32.63, 172.3
 47.26, 2413.2,  -32.75, 172.3
 47.28, 2414.4,  -32.75, 172.3
 47.30, 2415.5,  -32.50, 172.3
 47.32, 2416.6,  -32.63, 172.3
 47.34, 2417.6,  -32.63, 172.3
 47.36, 2418.8,  -32.38, 172.3
 47.38, 2419.8,  -32.50, 172.3
 47.40, 2420.9,  -32.50, 172.3
 47.42, 2422.0,  -32.25, 172.3
 47.44, 2423.0,  -32.50, 172.3
 47.46, 2424.0,  -32.50, 172.3
 47.48, 2425.2,  -32.25, 172.3
 47.50, 2426.2,  -32.38, 172.3
 47.52, 2427.2,  -32.50, 172.3
 47.54, 2428.4,  -32.13, 172.3
 47.56, 2429.4,  -32.25, 172.3
 47.58, 2430.4,  -32.38, 172.3
 47.60, 2431.6,  -32.25, 172.3
 47.62, 2432.5,  -32.13, 172.3
 47.64, 2433.5,  -32.25, 172.3
 47.66, 2434.5,  -32.25, 172.3
 47.68, 2435.5,  -32.13, 172.3
 47.70, 2436.6,  -32.13, 172.3
 47.72, 2437.5,  -32.38, 172.3
 47.74, 2438.6,  -32.25, 172.3
 47.76, 2439.6,  -32.13, 172.3
 47.78, 2440.6,  -32.38, 172.3
 47.80, 2441.7,  -32.38, 172.3
 47.82, 2442.6,  -32.25, 172.3
 47.84, 2443.8,  -32.50, 172.3
 47.86, 2444.8,  -32.50, 172.3
 47.88, 2445.8,  -32.38, 172.3
 47.90, 2447.0,  -32.75, 172.3
 47.92, 2447.9,  -32.63, 172.3
 47.94, 2449.0,  -32.50, 172.3
 47.96, 2450.2,  -32.88, 172.3
 47.98, 2451.1,  -32.63, 172.3
 48.00, 2452.1,  -32.63, 172.3
 48.02, 2453.3,  -33.00, 172.3
 48.04, 2454.3,  -32.75, 172.3
 48.06, 2455.3,  -32.88, 172.3
 48.08, 2456.5,  -33.13, 172.3
 48.10, 2457.5,  -32.88, 172.3
 48.12, 2458.5,  -33.13, 172.3
 48.14, 2459.7,  -33.13, 172.3
 48.16, 2460.8,  -33.25, 172.3
 48.18, 2461.9,  -33.38, 172.3
 48.20, 2462.9,  -33.38, 172.3
 48.22, 2464.1,  -33.50, 172.3
 48.24, 2465.3,  -33.38, 172.3
 48.26, 2466.3,  -33.63, 172.3
 48.28, 2467.5,  -33.50, 172.3
 48.30, 2468.5,  -33.63, 172.3
 48.32, 2469.7,  -33.88, 172.3
 48.34, 2470.9,  -33.50, 172.3
 48.36, 2472.1,  -33.88, 172.3
 48.38, 2473.1,  -33.75, 172.3
 48.40, 2474.3,  -33.63, 172.3
 48.42, 2475.3,  -33.88, 172.3
 48.44, 2476.5,  -33.63, 172.3
 48.46, 2477.7,  -33.88, 172.3
 48.48, 2478.7,  -33.88, 172.3
 48.50, 2479.9,  -33.88, 172.3
 48.52, 2481.1,  -33.88, 172.3
 48.54, 2482.1,  -33.88, 172.3
 48.56, 2483.3,  -33.88, 172.3
 48.58, 2484.5,  -33.75, 172.3
 48.60, 2485.7,  -34.00, 172.3
 48.62, 2486.7,  -33.88, 172.3
 48.64, 2487.9,  -33.75, 172.3
 48.66, 2488.9,  -34.00, 172.3
 48.68, 2490.1,  -33.75, 172.3
 48.70, 2491.3,  -33.88, 172.3
 48.72, 2492.3,  -33.88, 172.3
 48.74, 2493.5,  -33.63, 172.3
 48.76, 2494.5,  -33.88, 172.3
 48.78, 2495.7,  -33.75, 172.3
 48.80, 2496.7,  -33.50, 172.3
 48.82, 2497.9,  -33.75, 172.3
 48.84, 2498.9,  -33.63, 172.3
 48.86, 2500.1,  -33.38, 172.3
 48.88, 2501.1,  -33.63, 172.3
 48.90, 2502.1,  -33.50, 172.3
 48.92, 2503.3,  -33.38, 172.3
 48.94, 2504.3,  -33.63, 172.3
 48.96, 2505.4,  -33.50, 172.3
 48.98, 2506.5,  -33.25, 172.3
 49.00, 2507.5,  -33.50, 172.3
 49.02, 2508.6,  -33.50, 172.3
 49.04, 2509.7,  -33.25, 172.3
 49.06, 2510.7,  -33.25, 172.3
 49.08, 2511.7,  -33.38, 172.3
 49.10, 2512.9,  -33.25, 172.3
 49.12, 2513.9,  -33.13, 172.3
 49.14, 2514.9,  -33.25, 172.3
 49.16, 2515.9,  -33.38, 172.3
 49.18, 2516.9,  -33.25, 172.3
 49.20, 2517.9,  -33.13, 172.3
 49.22, 2519.0,  -33.50, 172.3
 49.24, 2520.1,  -33.25, 163.4
 49.26, 2521.1,  -33.13, 163.4
 49.28, 2522.1,  -33.50, 163.4
 49.30, 2523.1,  -33.50, 163.4
 49.32, 2524.3,  -33.25, 163.4
 49.34, 2525.3,  -33.50, 163.4
 49.36, 2526.3,  -33.50, 163.4
 49.38, 2527.4,  -33.25, 163.4
 49.40, 2528.3,  -33.63, 163.4
 49.42, 2529.5,  -33.63, 163.4
 49.44, 2530.5,  -33.38, 163.4
 49.46, 2531.5,  -33.63, 163.4
 49.48, 2532.6,  -33.75, 163.4
 49.50, 2533.7,  -33.50, 163.4
 49.52, 2534.7,  -33.88, 163.4
 49.54, 2535.7,  -33.88, 163.4
 49.56, 2536.7,  -33.75, 163.4
 49.58, 2537.9,  -34.13, 163.4
 49.60, 2538.9,  -33.88, 163.4
 49.62, 2540.1,  -34.00, 163.4
 49.64, 2541.1,  -34.25, 163.4
 49.66, 2542.3,  -34.00, 163.4
 49.68, 2543.4,  -34.25, 163.4
 49.70, 2544.5,  -34.38, 163.4
 49.72, 2545.5,  -34.13, 163.4
 49.74, 2546.7,  -34.50, 163.4
 49.76, 2547.7,  -34.25, 163.4
 49.78, 2548.9,  -34.50, 163.4
 49.80, 2549.9,  -34.63, 163.4
 49.82, 2551.1,  -34.50, 163.4
 49.84, 2552.2,  -34.63, 163.4
 49.86, 2553.3,  -34.50, 163.4
 49.88, 2554.3,  -34.88, 163.4
 49.90, 2555.5,  -34.50, 163.4
 49.92, 2556.7,  -34.88, 163.4
 49.94, 2557.8,  -34.88, 163.4
 49.96, 2558.9,  -34.63, 163.4
 49.98, 2560.1,  -35.00, 163.4
 50.00, 2561.1,  -34.63, 163.4
 50.02, 2562.3,  -34.88, 163.4
 50.04, 2563.5,  -34.88, 163.4
 50.06, 2564.7,  -34.75, 163.4
 50.08, 2565.8,  -34.88, 163.4
 50.10, 2566.9,  -34.63, 163.4
 50.12, 2567.9,  -34.88, 163.4
 50.14, 2569.1,  -34.88, 163.4
 50.16, 2570.3,  -34.63, 163.4
 50.18, 2571.4,  -34.88, 163.4
 50.20, 2572.5,  -34.63, 163.4
 50.22, 2573.5,  -34.75, 163.4
 50.24, 2574.7,  -34.75, 163.4
 50.26, 2575.9,  -34.50, 163.4
 50.28, 2577.0,  -34.88, 163.4
 50.30, 2577.9,  -34.63, 163.4
 50.32, 2579.1,  -34.50, 163.4
 50.34, 2580.3,  -34.75, 163.4
 50.36, 2581.4,  -34.50, 163.4
 50.38, 2582.5,  -34.38, 163.4
 50.40, 2583.5,  -34.75, 163.4
 50.42, 2584.7,  -34.50, 163.4
 50.44, 2585.8,  -34.25, 163.4
 50.46, 2586.7,  -34.50, 163.4
 50.48, 2587.9,  -34.38, 163.4
 50.50, 2589.0,  -34.13, 163.4
 50.52, 2589.9,  -34.38, 163.4
 50.54, 2591.1,  -34.38, 163.4
 50.56, 2592.2,  -34.13, 163.4
 50.58, 2593.1,  -34.38, 163.4
 50.60, 2594.3,  -34.38, 163.4
 50.62, 2595.3,  -34.13, 163.4
 50.64, 2596.3,  -34.38, 163.4
 50.66, 2597.5,  -34.38, 163.4
 50.68, 2598.5,  -34.25, 163.4
 50.70, 2599.5,  -34.38, 163.4
 50.72, 2600.7,  -34.38, 163.4
 50.74, 2601.6,  -34.25, 163.4
 50.76, 2602.7,  -34.00, 163.4
 50.78, 2603.8,  -34.25, 163.4
 50.80, 2604.7,  -34.38, 163.4
 50.82, 2605.9,  -34.13, 163.4
 50.84, 2606.9,  -34.38, 163.4
 50.86, 2607.9,  -34.50, 163.4
 50.88, 2609.0,  -34.13, 163.4
 50.90, 2609.9,  -34.38, 163.4
 50.92, 2611.1,  -34.50, 163.4
 50.94, 2612.1,  -34.25, 163.4
 50.96, 2613.1,  -34.63, 163.4
 50.98, 2614.3,  -34.63, 163.4
 51.00, 2615.3,  -34.50, 163.4
 51.02, 2616.3,  -34.75, 163.4
 51.04, 2617.5,  -34.63, 163.4
 51.06, 2618.6,  -34.75, 163.4
 51.08, 2619.5,  -34.88, 163.4
 51.10, 2620.7,  -34.75, 163.4
 51.12, 2621.9,  -35.00, 163.4
 51.14, 2622.9,  -35.00, 163.4
 51.16, 2623.9,  -34.88, 163.4
 51.18, 2625.1,  -35.13, 163.4
 51.20, 2626.3,  -35.00, 163.4
 51.22, 2627.2,  -35.25, 163.4
 51.24, 2628.3,  -35.13, 163.4
 51.26, 2629.5,  -35.13, 163.4
 51.28, 2630.7,  -35.50, 163.4
 51.30, 2631.6,  -35.13, 163.4
 51.32, 2632.7,  -35.63, 163.4
 51.34, 2633.9,  -35.38, 163.4
 51.36, 2635.1,  -35.63, 163.4
 51.38, 2636.3,  -35.50, 163.4
 51.40, 2637.4,  -35.63, 163.4
 51.42, 2638.6,  -35.63, 163.4
 51.44, 2639.6,  -35.50, 163.4
 51.46, 2640.7,  -35.75, 163.4
 51.48, 2641.9,  -35.50, 163.4
 51.50, 2643.1,  -35.88, 163.4
 51.52, 2644.3,  -35.63, 163.4
 51.54, 2645.5,  -35.50, 163.4
 51.56, 2646.6,  -35.88, 163.4
 51.58, 2647.5,  -35.50, 163.4
 51.60, 2648.6,  -35.75, 163.4
 51.62, 2649.8,  -35.50, 163.4
 51.64, 2651.0,  -35.75, 163.4
 51.66, 2652.2,  -35.63, 163.4
 51.68, 2653.3,  -35.75, 163.4
 51.70, 2654.4,  -35.75, 163.4
 51.72, 2655.6,  -35.50, 163.4
 51.74, 2656.7,  -35.88, 163.4
 51.76, 2657.8,  -35.50, 163.4
 51.78, 2659.0,  -35.63, 163.4
 51.80, 2660.2,  -35.75, 163.4
 51.82, 2661.4,  -35.38, 163.4
 51.84, 2662.5,  -35.63, 163.4
 51.86, 2663.5,  -35.63, 163.4
 51.88, 2664.6,  -35.25, 163.4
 51.90, 2665.8,  -35.63, 163.4
 51.92, 2666.9,  -35.50, 163.4
 51.94, 2668.0,  -35.38, 163.4
 51.96, 2669.0,  -35.50, 163.4
 51.98, 2670.2,  -35.25, 163.4
 52.00, 2671.3,  -35.38, 163.4
 52.02, 2672.3,  -35.38, 163.4
 52.04, 2673.4,  -35.13, 169.2
 52.06, 2674.6,  -35.38, 169.2
 52.08, 2675.6,  -35.38, 169.2
 52.10, 2676.7,  -35.13, 169.2
 52.12, 2677.8,  -35.25, 169.2
 52.14, 2678.9,  -35.38, 169.2
 52.16, 2680.0,  -35.13, 169.2
 52.18, 2681.0,  -35.25, 169.2
 52.20, 2682.2,  -35.38, 169.2
 52.22, 2683.2,  -35.00, 169.2
 52.24, 2684.2,  -35.25, 169.2
 52.26, 2685.3,  -35.38, 169.2
 52.28, 2686.4,  -35.00, 169.2
 52.30, 2687.4,  -35.25, 169.2
 52.32, 2688.5,  -35.38, 169.2
 52.34, 2689.6,  -35.00, 169.2
 52.36, 2690.6,  -35.38, 169.2
 52.38, 2691.7,  -35.38, 169.2
 52.40, 2692.7,  -35.25, 169.2
 52.42, 2693.8,  -35.50, 169.2
 52.44, 2694.9,  -35.38, 169.2
 52.46, 2696.0,  -35.38, 169.2
 52.48, 2697.0,  -35.50, 169.2
 52.50, 2698.2,  -35.38, 169.2
 52.52, 2699.3,  -35.50, 169.2
 52.54, 2700.3,  -35.63, 169.2
 52.56, 2701.4,  -35.50, 169.2
 52.58, 2702.6,  -35.63, 169.2
 52.60, 2703.6,  -35.63, 169.2
 52.62, 2704.7,  -35.63, 169.2
 52.64, 2705.8,  -35.88, 169.2
 52.66, 2706.9,  -35.50, 169.2
 52.68, 2708.0,  -36.00, 169.2
 52.70, 2709.1,  -35.75, 169.2
 52.72, 2710.2,  -36.00, 169.2
 52.74, 2711.4,  -36.13, 169.2
 52.76, 2712.4,  -36.00, 169.2
 52.78, 2713.6,  -36.25, 169.2
 52.80, 2714.7,  -36.00, 169.2
 52.82, 2715.8,  -36.38, 169.2
 52.84, 2717.0,  -36.13, 169.2
 52.86, 2718.1,  -36.25, 169.2
 52.88, 2719.3,  -36.25, 169.2
 52.90, 2720.4,  -36.25, 169.2
 52.92, 2721.6,  -36.50, 169.2
 52.94, 2722.7,  -36.25, 169.2
 52.96, 2723.9,  -36.63, 169.2
 52.98, 2725.0,  -36.50, 169.2
 53.00, 2726.1,  -36.50, 169.2
 53.02, 2727.3,  -36.50, 169.2
 53.04, 2728.4,  -36.63, 169.2
 53.06, 2729.6,  -36.50, 169.2
 53.08, 2730.8,  -36.63, 169.2
 53.10, 2731.9,  -36.75, 169.2
 53.12, 2733.1,  -36.50, 169.2
 53.14, 2734.2,  -36.88, 169.2
 53.16, 2735.4,  -36.50, 169.2
 53.18, 2736.6,  -36.75, 169.2
 53.20, 2737.8,  -36.63, 169.2
 53.22, 2738.9,  -36.63, 169.2
 53.24, 2740.0,  -36.63, 169.2
 53.26, 2741.2,  -36.50, 169.2
 53.28, 2742.4,  -36.75, 169.2
 53.30, 2743.5,  -36.50, 169.2
 53.32, 2744.6,  -36.50, 169.2
 53.34, 2745.8,  -36.63, 169.2
 53.36, 2746.9,  -36.38, 169.2
 53.38, 2748.0,  -36.63, 169.2
 53.40, 2749.1,  -36.50, 169.2
 53.42, 2750.2,  -36.38, 169.2
 53.44, 2751.4,  -36.63, 169.2
 53.46, 2752.4,  -36.38, 169.2
 53.48, 2753.6,  -36.38, 169.2
 53.50, 2754.7,  -36.50, 169.2
 53.52, 2755.8,  -36.25, 169.2
 53.54, 2757.0,  -36.38, 169.2
 53.56, 2758.0,  -36.38, 169.2
 53.58, 2759.2,  -36.13, 169.2
 53.60, 2760.2,  -36.25, 169.2
 53.62, 2761.3,  -36.25, 169.2
 53.64, 2762.4,  -36.00, 169.2
 53.66, 2763.5,  -36.25, 169.2
 53.68, 2764.5,  -36.25, 169.2
 53.70, 2765.6,  -36.00, 169.2
 53.72, 2766.7,  -36.25, 169.2
 53.74, 2767.7,  -36.25, 169.2
 53.76, 2768.8,  -36.00, 169.2
 53.78, 2769.9,  -36.25, 169.2
 53.80, 2770.9,  -36.25, 169.2
 53.82, 2772.0,  -36.13, 169.2
 53.84, 2773.2,  -36.25, 169.2
 53.86, 2774.2,  -36.25, 169.2
 53.88, 2775.2,  -36.13, 169.2
 53.90, 2776.4,  -36.38, 169.2
 53.92, 2777.4,  -36.25, 169.2
 53.94, 2778.5,  -36.25, 169.2
 53.96, 2779.6,  -36.38, 169.2
 53.98, 2780.6,  -36.38, 169.2
 54.00, 2781.7,  -36.38, 169.2
 54.02, 2782.8,  -36.50, 169.2
 54.04, 2783.9,  -36.38, 169.2
 54.06, 2785.0,  -36.50, 169.2
 54.08, 2786.0,  -36.50, 169.2
 54.10, 2787.1,  -36.50, 169.2
 54.12, 2788.2,  -36.75, 169.2
 54.14, 2789.2,  -36.50, 169.2
 54.16, 2790.4,  -36.88, 169.2
 54.18, 2791.4,  -36.75, 169.2
 54.20, 2792.5,  -36.75, 169.2
 54.22, 2793.6,  -37.00, 169.2
 54.24, 2794.8,  -36.88, 169.2
 54.26, 2796.0,  -37.00, 169.2
 54.28, 2797.0,  -37.13, 169.2
 54.30, 2798.1,  -36.88, 169.2
 54.32, 2799.2,  -37.13, 169.2
 54.34, 2800.4,  -37.13, 169.2
 54.36, 2801.6,  -37.13, 169.2
 54.38, 2802.6,  -37.13, 169.2
 54.40, 2803.7,  -37.25, 169.2
 54.42, 2804.8,  -37.25, 169.2
 54.44, 2806.0,  -37.13, 172.3
 54.46, 2807.2,  -37.50, 172.3
 54.48, 2808.2,  -37.25, 172.3
 54.50, 2809.3,  -37.50, 172.3
 54.52, 2810.5,  -37.50, 172.3
 54.54, 2811.5,  -37.50, 172.3
 54.56, 2812.7,  -37.50, 172.3
 54.58, 2813.9,  -37.50, 172.3
 54.60, 2815.1,  -37.63, 172.3
 54.62, 2816.3,  -37.50, 172.3
 54.64, 2817.4,  -37.75, 172.3
 54.66, 2818.5,  -37.50, 172.3
 54.68, 2819.6,  -37.63, 172.3
 54.70, 2820.6,  -37.75, 172.3
 54.72, 2821.8,  -37.50, 172.3
 54.74, 2823.0,  -37.63, 172.3
 54.76, 2824.2,  -37.50, 172.3
 54.78, 2825.2,  -37.38, 172.3
 54.80, 2826.4,  -37.63, 172.3
 54.82, 2827.4,  -37.38, 172.3
 54.84, 2828.6,  -37.50, 172.3
 54.86, 2829.7,  -37.50, 172.3
 54.88, 2830.8,  -37.50, 172.3
 54.90, 2832.0,  -37.63, 172.3
 54.92, 2833.0,  -37.50, 172.3
 54.94, 2834.2,  -37.63, 172.3
 54.96, 2835.3,  -37.50, 172.3
 54.98, 2836.4,  -37.25, 172.3
 55.00, 2837.5,  -37.50, 172.3
 55.02, 2838.6,  -37.38, 172.3
 55.04, 2839.8,  -37.25, 172.3
 55.06, 2840.8,  -37.50, 172.3
 55.08, 2841.8,  -37.25, 172.3
 55.10, 2843.0,  -37.13, 172.3
 55.12, 2844.0,  -37.38, 172.3
 55.14, 2845.0,  -37.25, 172.3
 55.16, 2846.2,  -37.13, 172.3
 55.18, 2847.2,  -37.25, 172.3
 55.20, 2848.2,  -37.25, 172.3
 55.22, 2849.4,  -37.13, 172.3
 55.24, 2850.4,  -37.38, 172.3
 55.26, 2851.4,  -37.25, 172.3
 55.28, 2852.6,  -37.13, 172.3
 55.30, 2853.6,  -37.25, 172.3
 55.32, 2854.6,  -37.25, 172.3
 55.34, 2855.8,  -37.13, 172.3
 55.36, 2856.8,  -37.38, 172.3
 55.38, 2857.8,  -37.38, 172.3
 55.40, 2859.0,  -37.25, 172.3
 55.42, 2860.0,  -37.25, 172.3
 55.44, 2861.0,  -37.38, 172.3
 55.46, 2862.1,  -37.25, 172.3
 55.48, 2863.2,  -37.38, 172.3
 55.50, 2864.2,  -37.50, 172.3
 55.52, 2865.2,  -37.38, 172.3
 55.54, 2866.4,  -37.50, 172.3
 55.56, 2867.4,  -37.50, 172.3
 55.58, 2868.4,  -37.38, 172.3
 55.60, 2869.6,  -37.75, 172.3
 55.62, 2870.6,  -37.63, 172.3
 55.64, 2871.7,  -37.63, 172.3
 55.66, 2872.8,  -37.88, 172.3
 55.68, 2873.8,  -37.63, 172.3
 55.70, 2875.0,  -37.88, 172.3
 55.72, 2876.0,  -38.00, 172.3
 55.74, 2877.2,  -37.75, 172.3
 55.76, 2878.3,  -38.00, 172.3
 55.78, 2879.4,  -38.00, 172.3
 55.80, 2880.4,  -37.88, 172.3
 55.82, 2881.6,  -38.25, 172.3
 55.84, 2882.6,  -38.00, 172.3
 55.86, 2883.8,  -38.13, 172.3
 55.88, 2884.8,  -38.13, 172.3
 55.90, 2886.0,  -38.25, 172.3
 55.92, 2887.1,  -38.38, 172.3
 55.94, 2888.2,  -38.13, 172.3
 55.96, 2889.3,  -38.50, 172.3
 55.98, 2890.3,  -38.25, 172.3
 56.00, 2891.5,  -38.50, 172.3
 56.02, 2892.7,  -38.50, 172.3
 56.04, 2893.7,  -38.38, 172.3
 56.06, 2894.9,  -38.63, 172.3
 56.08, 2896.1,  -38.38, 172.3
 56.10, 2897.1,  -38.63, 172.3
 56.12, 2898.3,  -38.50, 172.3
 56.14, 2899.5,  -38.50, 172.3
 56.16, 2900.7,  -38.63, 172.3
 56.18, 2901.7,  -38.38, 172.3
 56.20, 2902.8,  -38.75, 172.3
 56.22, 2903.8,  -38.50, 172.3
 56.24, 2905.0,  -38.63, 172.3
 56.26, 2906.2,  -38.75, 172.3
 56.28, 2907.2,  -38.38, 172.3
 56.30, 2908.4,  -38.75, 172.3
 56.32, 2909.4,  -38.50, 172.3
 56.34, 2910.6,  -38.50, 172.3
 56.36, 2911.8,  -38.63, 172.3
 56.38, 2912.9,  -38.38, 172.3
 56.40, 2914.1,  -38.63, 172.3
 56.42, 2915.0,  -38.50, 172.3
 56.44, 2916.2,  -38.38, 172.3
 56.46, 2917.4,  -38.50, 172.3
 56.48, 2918.5,  -38.38, 172.3
 56.50, 2919.6,  -38.25, 172.3
 56.52, 2920.6,  -38.38, 172.3
 56.54, 2921.8,  -38.25, 172.3
 56.56, 2922.9,  -38.25, 172.3
 56.58, 2923.8,  -38.38, 172.3
 56.60, 2925.0,  -38.25, 172.3
 56.62, 2926.1,  -38.38, 172.3
 56.64, 2926.9,  -38.38, 172.3
 56.66, 2928.1,  -38.13, 172.3
 56.68, 2929.3,  -38.38, 172.3
 56.70, 2930.3,  -38.38, 172.3
 56.72, 2931.3,  -38.13, 172.3
 56.74, 2932.5,  -38.38, 172.3
 56.76, 2933.5,  -38.38, 172.3
 56.78, 2934.5,  -38.13, 172.3
 56.80, 2935.7,  -38.25, 172.3
 56.82, 2936.7,  -38.38, 172.3
 56.84, 2937.7,  -38.13, 167.8
 56.86, 2938.9,  -38.13, 167.8
 56.88, 2939.9,  -38.38, 167.8
 56.90, 2940.9,  -38.13, 167.8
 56.92, 2942.1,  -38.13, 167.8
 56.94, 2943.0,  -38.38, 167.8
 56.96, 2944.1,  -38.13, 167.8
 56.98, 2945.3,  -38.38, 167.8
 57.00, 2946.1,  -38.50, 167.8
 57.02, 2947.3,  -38.25, 167.8
 57.04, 2948.4,  -38.63, 167.8
 57.06, 2949.4,  -38.63, 167.8
 57.08, 2950.5,  -38.38, 167.8
 57.10, 2951.7,  -38.75, 167.8
 57.12, 2952.7,  -38.63, 167.8
 57.14, 2953.7,  -38.50, 167.8
 57.16, 2954.9,  -38.88, 167.8
 57.18, 2956.1,  -38.63, 167.8
 57.20, 2957.1,  -38.63, 167.8
 57.22, 2958.1,  -39.00, 167.8
 57.24, 2959.3,  -38.63, 167.8
 57.26, 2960.4,  -39.00, 167.8
 57.28, 2961.3,  -38.88, 167.8
 57.30, 2962.5,  -38.88, 167.8
 57.32, 2963.7,  -39.13, 167.8
 57.34, 2964.8,  -38.88, 167.8
 57.36, 2965.8,  -39.25, 167.8
 57.38, 2966.9,  -39.00, 167.8
 57.40, 2968.1,  -39.38, 167.8
 57.42, 2969.3,  -39.25, 167.8
 57.44, 2970.4,  -39.13, 167.8
 57.46, 2971.5,  -39.50, 167.8
 57.48, 2972.5,  -39.13, 167.8
 57.50, 2973.7,  -39.50, 167.8
 57.52, 2974.9,  -39.25, 167.8
 57.54, 2976.1,  -39.50, 167.8
 57.56, 2977.3,  -39.38, 167.8
 57.58, 2978.4,  -39.38, 167.8
 57.60, 2979.6,  -39.63, 167.8
 57.62, 2980.5,  -39.25, 167.8
 57.64, 2981.7,  -39.63, 167.8
 57.66, 2982.9,  -39.38, 167.8
 57.68, 2984.1,  -39.63, 167.8
 57.70, 2985.3,  -39.63, 167.8
 57.72, 2986.4,  -39.50, 167.8
 57.74, 2987.5,  -39.63, 167.8
 57.76, 2988.5,  -39.50, 167.8
 57.78, 2989.7,  -39.75, 167.8
 57.80, 2990.9,  -39.38, 167.8
 57.82, 2992.1,  -39.75, 167.8
 57.84, 2993.2,  -39.63, 167.8
 57.86, 2994.4,  -39.50, 167.8
 57.88, 2995.6,  -39.75, 167.8
 57.90, 2996.6,  -39.38, 167.8
 57.92, 2997.7,  -39.63, 167.8
 57.94, 2998.8,  -39.63, 167.8
 57.96, 3000.0,  -39.38, 167.8
 57.98, 3001.2,  -39.50, 167.8
 58.00, 3002.3,  -39.25, 167.8
 58.02, 3003.3,  -39.50, 167.8
 58.04, 3004.4,  -39.38, 167.8
 58.06, 3005.6,  -39.25, 167.8
 58.08, 3006.8,  -39.50, 167.8
 58.10, 3007.8,  -39.13, 167.8
 58.12, 3008.8,  -39.38, 167.8
 58.14, 3010.0,  -39.50, 167.8
 58.16, 3011.2,  -39.00, 167.8
 58.18, 3012.4,  -39.50, 167.8
 58.20, 3013.3,  -39.38, 167.8
 58.22, 3014.4,  -39.13, 167.8
 58.24, 3015.6,  -39.50, 167.8
 58.26, 3016.7,  -39.25, 167.8
 58.28, 3017.8,  -39.00, 167.8
 58.30, 3018.8,  -39.38, 167.8
 58.32, 3020.0,  -39.13, 167.8
 58.34, 3021.1,  -39.00, 167.8
 58.36, 3022.0,  -39.38, 167.8
 58.38, 3023.2,  -39.13, 167.8
 58.40, 3024.4,  -39.13, 167.8
 58.42, 3025.3,  -39.38, 167.8
 58.44, 3026.4,  -39.13, 167.8
 58.46, 3027.6,  -39.38, 167.8
 58.48, 3028.5,  -39.25, 167.8
 58.50, 3029.6,  -39.25, 167.8
 58.52, 3030.8,  -39.50, 167.8
 58.54, 3031.8,  -39.25, 167.8
 58.56, 3032.9,  -39.50, 167.8
 58.58, 3034.0,  -39.50, 167.8
 58.60, 3035.2,  -39.25, 167.8
 58.62, 3036.3,  -39.63, 167.8
 58.64, 3037.3,  -39.50, 167.8
 58.66, 3038.4,  -39.38, 167.8
 58.68, 3039.6,  -39.75, 167.8
 58.70, 3040.7,  -39.50, 167.8
 58.72, 3041.7,  -39.63, 167.8
 58.74, 3042.8,  -39.75, 167.8
 58.76, 3044.0,  -39.63, 167.8
 58.78, 3045.1,  -39.88, 167.8
 58.80, 3046.2,  -39.63, 167.8
 58.82, 3047.2,  -40.00, 167.8
 58.84, 3048.4,  -39.75, 167.8
 58.86, 3049.6,  -40.13, 167.8
 58.88, 3050.7,  -40.00, 167.8
 58.90, 3051.8,  -40.00, 167.8
 58.92, 3053.0,  -40.25, 167.8
 58.94, 3054.1,  -40.00, 167.8
 58.96, 3055.2,  -40.25, 167.8
 58.98, 3056.4,  -40.00, 167.8
 59.00, 3057.6,  -40.38, 167.8
 59.02, 3058.8,  -40.13, 167.8
 59.04, 3059.9,  -40.38, 167.8
 59.06, 3061.1,  -40.38, 167.8
 59.08, 3062.2,  -40.13, 167.8
 59.10, 3063.4,  -40.50, 167.8
 59.12, 3064.4,  -40.25, 167.8
 59.14, 3065.6,  -40.50, 167.8
 59.16, 3066.8,  -40.38, 167.8
 59.18, 3068.0,  -40.63, 167.8
 59.20, 3069.2,  -40.25, 167.8
 59.22, 3070.3,  -40.63, 167.8
 59.24, 3071.5,  -40.50, 163.4
 59.26, 3072.6,  -40.50, 163.4
 59.28, 3073.8,  -40.50, 163.4
 59.30, 3075.0,  -40.50, 163.4
 59.32, 3076.2,  -40.50, 163.4
 59.34, 3077.3,  -40.38, 163.4
 59.36, 3078.5,  -40.63, 163.4
 59.38, 3079.6,  -40.25, 163.4
 59.40, 3080.8,  -40.50, 163.4
 59.42, 3082.0,  -40.50, 163.4
 59.44, 3083.1,  -40.25, 163.4
 59.46, 3084.2,  -40.50, 163.4
 59.48, 3085.4,  -40.25, 163.4
 59.50, 3086.5,  -40.38, 163.4
 59.52, 3087.6,  -40.25, 163.4
 59.54, 3088.7,  -40.38, 163.4
 59.56, 3089.8,  -40.38, 163.4
 59.58, 3090.9,  -40.25, 163.4
 59.60, 3092.1,  -40.50, 163.4
 59.62, 3093.2,  -40.25, 163.4
 59.64, 3094.3,  -40.25, 163.4
 59.66, 3095.5,  -40.50, 163.4
 59.68, 3096.6,  -40.13, 163.4
 59.70, 3097.7,  -40.25, 163.4
 59.72, 3098.8,  -40.38, 163.4
 59.74, 3099.9,  -40.13, 163.4
 59.76, 3101.1,  -40.25, 163.4
 59.78, 3102.1,  -40.25, 163.4
 59.80, 3103.3,  -40.13, 163.4
 59.82, 3104.3,  -40.25, 163.4
 59.84, 3105.4,  -40.13, 163.4
 59.86, 3106.5,  -40.25, 163.4
 59.88, 3107.6,  -40.25, 163.4
 59.90, 3108.7,  -40.13, 163.4
 59.92, 3109.8,  -40.38, 163.4
 59.94, 3110.9,  -40.13, 163.4
 59.96, 3112.0,  -40.25, 163.4
 59.98, 3113.1,  -40.50, 163.4
 60.00, 3114.1,  -40.25, 163.4
 60.02, 3115.3,  -40.50, 163.4
 60.04, 3116.4,  -40.50, 163.4
 60.06, 3117.5,  -40.25, 163.4
 60.08, 3118.6,  -40.63, 163.4
 60.10, 3119.7,  -40.50, 163.4
 60.12, 3120.9,  -40.25, 163.4
 60.14, 3121.9,  -40.63, 163.4
 60.16, 3123.0,  -40.38, 163.4
 60.18, 3124.1,  -40.50, 163.4
 60.20, 3125.2,  -40.50, 163.4
 60.22, 3126.3,  -40.50, 163.4
 60.24, 3127.4,  -40.75, 163.4
 60.26, 3128.5,  -40.63, 163.4
 60.28, 3129.7,  -40.88, 163.4
 60.30, 3130.7,  -40.75, 163.4
 60.32, 3131.8,  -40.88, 163.4
 60.34, 3132.9,  -41.00, 163.4
 60.36, 3134.1,  -40.75, 163.4
 60.38, 3135.3,  -41.00, 163.4
 60.40, 3136.3,  -41.00, 163.4
 60.42, 3137.5,  -41.13, 163.4
 60.44, 3138.7,  -41.00, 163.4
 60.46, 3139.7,  -41.13, 163.4
 60.48, 3140.9,  -41.13, 163.4
 60.50, 3142.1,  -41.00, 163.4
 60.52, 3143.3,  -41.38, 163.4
 60.54, 3144.4,  -41.00, 163.4
 60.56, 3145.5,  -41.25, 163.4
 60.58, 3146.7,  -41.25, 163.4
 60.60, 3147.7,  -41.25, 163.4
 60.62, 3148.9,  -41.25, 163.4
 60.64, 3150.1,  -41.38, 163.4
 60.66, 3151.3,  -41.50, 163.4
 60.68, 3152.3,  -41.25, 163.4
 60.70, 3153.5,  -41.63, 163.4
 60.72, 3154.7,  -41.38, 163.4
 60.74, 3155.8,  -41.50, 163.4
 60.76, 3156.9,  -41.50, 163.4
 60.78, 3158.1,  -41.50, 163.4
 60.80, 3159.3,  -41.50, 163.4
 60.82, 3160.5,  -41.38, 163.4
 60.84, 3161.7,  -41.63, 163.4
 60.86, 3162.8,  -41.38, 163.4
 60.88, 3163.9,  -41.50, 163.4
 60.90, 3165.1,  -41.50, 163.4
 60.92, 3166.1,  -41.25, 163.4
 60.94, 3167.3,  -41.63, 163.4
 60.96, 3168.5,  -41.38, 163.4
 60.98, 3169.5,  -41.38, 163.4
 61.00, 3170.7,  -41.50, 163.4
 61.02, 3171.7,  -41.38, 163.4
 61.04, 3172.9,  -41.50, 163.4
 61.06, 3174.1,  -41.25, 163.4
 61.08, 3175.2,  -41.38, 163.4
 61.10, 3176.3,  -41.38, 163.4
 61.12, 3177.3,  -41.25, 163.4
 61.14, 3178.5,  -41.50, 163.4
 61.16, 3179.7,  -41.38, 163.4
 61.18, 3180.7,  -41.13, 163.4
 61.20, 3181.9,  -41.50, 163.4
 61.22, 3182.9,  -41.25, 163.4
 61.24, 3184.1,  -41.13, 163.4
 61.26, 3185.1,  -41.50, 163.4
 61.28, 3186.2,  -41.25, 163.4
 61.30, 3187.3,  -41.13, 163.4
 61.32, 3188.4,  -41.50, 163.4
 61.34, 3189.4,  -41.25, 163.4
 61.36, 3190.4,  -41.13, 163.4
 61.38, 3191.6,  -41.50, 163.4
 61.40, 3192.6,  -41.25, 163.4
 61.42, 3193.6,  -41.25, 163.4
 61.44, 3194.8,  -41.50, 163.4
 61.46, 3195.8,  -41.25, 163.4
 61.48, 3196.9,  -41.38, 163.4
 61.50, 3198.0,  -41.50, 163.4
 61.52, 3199.1,  -41.38, 163.4
 61.54, 3200.2,  -41.50, 163.4
 61.56, 3201.2,  -41.38, 163.4
 61.58, 3202.4,  -41.38, 163.4
 61.60, 3203.4,  -41.50, 163.4
 61.62, 3204.5,  -41.38, 163.4
 61.64, 3205.6,  -41.50, 172.3
 61.66, 3206.7,  -41.63, 172.3
 61.68, 3207.8,  -41.50, 172.3
 61.70, 3208.8,  -41.75, 172.3
 61.72, 3210.0,  -41.63, 172.3
 61.74, 3211.0,  -41.63, 172.3
 61.76, 3212.0,  -41.88, 172.3
 61.78, 3213.2,  -41.63, 172.3
 61.80, 3214.3,  -41.88, 172.3
 61.82, 3215.4,  -42.00, 172.3
 61.84, 3216.5,  -41.88, 172.3
 61.86, 3217.6,  -42.00, 172.3
 61.88, 3218.8,  -42.00, 172.3
 61.90, 3219.9,  -42.13, 172.3
 61.92, 3221.0,  -42.13, 172.3
 61.94, 3222.1,  -42.13, 172.3
 61.96, 3223.2,  -42.38, 172.3
 61.98, 3224.4,  -42.00, 172.3
 62.00, 3225.6,  -42.25, 172.3
 62.02, 3226.6,  -42.25, 172.3
 62.04, 3227.6,  -42.25, 172.3
===============================
Changed Angle: -4.50
Elapsed Time : 7.54
Disk R.P.M   : 161.3
===============================
2018-04-13.  12:05:06.

