Device: Gyroscope
===============================
  Time  Rotation   Tilt   D-RPM
------- -------- ------- ------
  0.00,    1.2,  -11.38, 203.2
  0.02,    2.2,  -11.13, 203.2
  0.04,    3.4,  -11.25, 203.2
  0.06,    4.4,  -11.13, 203.2
  0.08,    5.6,  -11.00, 203.2
  0.10,    6.6,  -11.00, 203.2
  0.12,    7.7,  -11.00, 203.2
  0.14,    8.8,  -10.75, 203.2
  0.16,    9.8,  -10.75, 203.2
  0.18,   10.9,  -10.88, 203.2
  0.20,   12.0,  -10.50, 203.2
  0.22,   13.0,  -10.38, 203.2
  0.24,   14.0,  -10.50, 203.2
  0.26,   15.2,  -10.38, 203.2
  0.28,   16.2,  -10.38, 203.2
  0.30,   17.2,  -10.13, 203.2
  0.32,   18.2,  -10.13, 203.2
  0.34,   19.2,  -10.25, 203.2
  0.36,   20.2,  -10.13, 203.2
  0.38,   21.2,  -10.00, 203.2
  0.40,   22.2,  -10.13, 203.2
  0.42,   23.2,  -10.13, 203.2
  0.44,   24.2,  -10.13, 203.2
  0.46,   25.2,   -9.88, 203.2
  0.48,   26.2,  -10.00, 203.2
  0.50,   27.2,  -10.13, 203.2
  0.52,   28.2,  -10.00, 203.2
  0.54,   29.2,  -10.00, 203.2
  0.56,   30.2,   -9.88, 203.2
  0.58,   31.2,  -10.13, 203.2
  0.60,   32.2,  -10.13, 203.2
  0.62,   33.2,  -10.00, 203.2
  0.64,   34.1,  -10.13, 203.2
  0.66,   35.2,  -10.25, 203.2
  0.68,   36.2,  -10.13, 203.2
  0.70,   37.2,  -10.25, 203.2
  0.72,   38.1,  -10.38, 203.2
  0.74,   39.2,  -10.50, 203.2
  0.76,   40.2,  -10.50, 203.2
  0.78,   41.2,  -10.75, 203.2
  0.80,   42.2,  -10.75, 203.2
  0.82,   43.2,  -10.75, 203.2
  0.84,   44.4,  -11.00, 203.2
  0.86,   45.4,  -11.00, 203.2
  0.88,   46.4,  -11.00, 203.2
  0.90,   47.6,  -11.13, 203.2
  0.92,   48.6,  -11.13, 203.2
  0.94,   49.6,  -11.38, 203.2
  0.96,   50.8,  -11.38, 203.2
  0.98,   51.9,  -11.38, 203.2
  1.00,   53.0,  -11.63, 203.2
  1.02,   54.0,  -11.63, 203.2
  1.04,   55.2,  -11.88, 203.2
  1.06,   56.3,  -11.88, 203.2
  1.08,   57.4,  -12.13, 203.2
  1.10,   58.5,  -12.13, 203.2
  1.12,   59.6,  -12.25, 203.2
  1.14,   60.8,  -12.13, 203.2
  1.16,   62.0,  -12.38, 203.2
  1.18,   63.2,  -12.38, 203.2
  1.20,   64.4,  -12.38, 203.2
  1.22,   65.6,  -12.38, 203.2
  1.24,   66.6,  -12.25, 203.2
  1.26,   67.8,  -12.50, 203.2
  1.28,   69.0,  -12.38, 203.2
  1.30,   70.0,  -12.63, 203.2
  1.32,   71.2,  -12.50, 203.2
  1.34,   72.4,  -12.63, 203.2
  1.36,   73.6,  -12.63, 203.2
  1.38,   74.8,  -12.63, 203.2
  1.40,   76.0,  -12.63, 203.2
  1.42,   77.2,  -12.50, 203.2
  1.44,   78.4,  -12.63, 203.2
  1.46,   79.6,  -12.50, 203.2
  1.48,   80.7,  -12.50, 203.2
  1.50,   81.8,  -12.38, 203.2
  1.52,   83.0,  -12.38, 203.2
  1.54,   84.0,  -12.38, 203.2
  1.56,   85.2,  -12.25, 203.2
  1.58,   86.4,  -12.25, 203.2
  1.60,   87.6,  -12.13, 203.2
  1.62,   88.6,  -12.13, 203.2
  1.64,   89.7,  -12.13, 203.2
  1.66,   90.8,  -12.00, 203.2
  1.68,   92.0,  -12.00, 203.2
  1.70,   93.0,  -12.00, 203.2
  1.72,   94.0,  -11.75, 203.2
  1.74,   95.2,  -11.63, 203.2
  1.76,   96.4,  -11.63, 203.2
  1.78,   97.4,  -11.63, 203.2
  1.80,   98.4,  -11.50, 203.2
  1.82,   99.6,  -11.38, 203.2
  1.84,  100.6,  -11.38, 203.2
  1.86,  101.6,  -11.25, 203.2
  1.88,  102.7,  -11.25, 203.2
  1.90,  103.6,  -11.13, 203.2
  1.92,  104.8,  -11.25, 203.2
  1.94,  105.6,  -11.00, 203.2
  1.96,  106.8,  -11.00, 203.2
  1.98,  107.6,  -11.13, 203.2
  2.00,  108.8,  -11.00, 203.2
  2.02,  109.7,  -11.00, 203.2
  2.04,  110.8,  -10.88, 203.2
  2.06,  111.8,  -10.88, 203.2
  2.08,  112.8,  -11.00, 203.2
  2.10,  113.8,  -10.88, 203.2
  2.12,  114.8,  -10.75, 203.2
  2.14,  115.8,  -10.88, 203.2
  2.16,  116.8,  -11.00, 203.2
  2.18,  117.8,  -11.00, 203.2
  2.20,  118.8,  -10.88, 203.2
  2.22,  119.6,  -10.88, 203.2
  2.24,  120.8,  -11.13, 203.2
  2.26,  121.7,  -11.00, 203.2
  2.28,  122.8,  -11.13, 203.2
  2.30,  123.6,  -11.25, 203.2
  2.32,  124.8,  -11.13, 203.2
  2.34,  125.8,  -11.25, 203.2
  2.36,  126.8,  -11.38, 203.2
  2.38,  127.9,  -11.50, 203.2
  2.40,  128.8,  -11.50, 194.3
  2.42,  130.0,  -11.63, 194.3
  2.44,  131.0,  -11.75, 194.3
  2.46,  132.0,  -11.63, 194.3
  2.48,  133.1,  -11.88, 194.3
  2.50,  134.0,  -12.00, 194.3
  2.52,  135.2,  -12.00, 194.3
  2.54,  136.3,  -12.25, 194.3
  2.56,  137.2,  -12.25, 194.3
  2.58,  138.4,  -12.38, 194.3
  2.60,  139.5,  -12.38, 194.3
  2.62,  140.6,  -12.50, 194.3
  2.64,  141.7,  -12.63, 194.3
  2.66,  142.8,  -12.75, 194.3
  2.68,  144.0,  -12.88, 194.3
  2.70,  145.2,  -12.88, 194.3
  2.72,  146.3,  -13.00, 194.3
  2.74,  147.4,  -12.88, 194.3
  2.76,  148.6,  -13.13, 194.3
  2.78,  149.7,  -13.13, 194.3
  2.80,  150.8,  -13.25, 194.3
  2.82,  152.0,  -13.25, 194.3
  2.84,  153.2,  -13.25, 194.3
  2.86,  154.4,  -13.50, 194.3
  2.88,  155.4,  -13.25, 194.3
  2.90,  156.6,  -13.50, 194.3
  2.92,  157.8,  -13.38, 194.3
  2.94,  159.0,  -13.50, 194.3
  2.96,  160.1,  -13.50, 194.3
  2.98,  161.2,  -13.50, 194.3
  3.00,  162.5,  -13.38, 194.3
  3.02,  163.6,  -13.50, 194.3
  3.04,  164.8,  -13.50, 194.3
  3.06,  166.0,  -13.38, 194.3
  3.08,  167.2,  -13.50, 194.3
  3.10,  168.4,  -13.25, 194.3
  3.12,  169.5,  -13.50, 194.3
  3.14,  170.6,  -13.25, 194.3
  3.16,  171.8,  -13.25, 194.3
  3.18,  172.9,  -13.38, 194.3
  3.20,  174.0,  -13.00, 194.3
  3.22,  175.2,  -13.13, 194.3
  3.24,  176.2,  -13.00, 194.3
  3.26,  177.4,  -12.88, 194.3
  3.28,  178.5,  -13.00, 194.3
  3.30,  179.6,  -12.88, 194.3
  3.32,  180.8,  -12.75, 194.3
  3.34,  181.8,  -12.75, 194.3
  3.36,  183.0,  -12.63, 194.3
  3.38,  184.1,  -12.50, 194.3
  3.40,  185.0,  -12.38, 194.3
  3.42,  186.2,  -12.50, 194.3
  3.44,  187.3,  -12.25, 194.3
  3.46,  188.2,  -12.13, 194.3
  3.48,  189.3,  -12.38, 194.3
  3.50,  190.4,  -12.13, 194.3
  3.52,  191.4,  -12.00, 194.3
  3.54,  192.4,  -12.13, 194.3
  3.56,  193.4,  -12.13, 194.3
  3.58,  194.5,  -12.00, 194.3
  3.60,  195.4,  -11.88, 194.3
  3.62,  196.5,  -11.88, 194.3
  3.64,  197.5,  -12.00, 194.3
  3.66,  198.6,  -11.88, 194.3
  3.68,  199.6,  -11.75, 194.3
  3.70,  200.6,  -11.88, 194.3
  3.72,  201.6,  -11.88, 194.3
  3.74,  202.6,  -11.88, 194.3
  3.76,  203.5,  -11.63, 194.3
  3.78,  204.5,  -11.75, 194.3
  3.80,  205.5,  -12.00, 194.3
  3.82,  206.5,  -11.88, 194.3
  3.84,  207.4,  -11.88, 194.3
  3.86,  208.5,  -12.00, 194.3
  3.88,  209.5,  -12.00, 194.3
  3.90,  210.6,  -12.00, 194.3
  3.92,  211.5,  -12.13, 194.3
  3.94,  212.6,  -12.25, 194.3
  3.96,  213.7,  -12.13, 194.3
  3.98,  214.6,  -12.25, 194.3
  4.00,  215.7,  -12.50, 194.3
  4.02,  216.8,  -12.38, 194.3
  4.04,  217.8,  -12.38, 194.3
  4.06,  218.8,  -12.75, 194.3
  4.08,  219.8,  -12.50, 194.3
  4.10,  220.9,  -12.88, 194.3
  4.12,  221.9,  -13.00, 194.3
  4.14,  223.0,  -12.88, 194.3
  4.16,  224.1,  -13.13, 194.3
  4.18,  225.2,  -13.00, 194.3
  4.20,  226.2,  -13.38, 194.3
  4.22,  227.4,  -13.38, 194.3
  4.24,  228.5,  -13.25, 194.3
  4.26,  229.6,  -13.63, 194.3
  4.28,  230.6,  -13.50, 194.3
  4.30,  231.7,  -13.75, 194.3
  4.32,  232.9,  -13.63, 194.3
  4.34,  234.1,  -13.88, 194.3
  4.36,  235.2,  -13.88, 194.3
  4.38,  236.3,  -14.00, 194.3
  4.40,  237.5,  -14.00, 194.3
  4.42,  238.5,  -14.13, 194.3
  4.44,  239.7,  -14.13, 194.3
  4.46,  240.9,  -14.13, 194.3
  4.48,  242.1,  -14.38, 194.3
  4.50,  243.3,  -14.13, 194.3
  4.52,  244.5,  -14.38, 194.3
  4.54,  245.7,  -14.25, 194.3
  4.56,  246.9,  -14.38, 194.3
  4.58,  248.0,  -14.25, 194.3
  4.60,  249.1,  -14.38, 194.3
  4.62,  250.3,  -14.38, 194.3
  4.64,  251.5,  -14.38, 194.3
  4.66,  252.7,  -14.38, 194.3
  4.68,  253.7,  -14.25, 194.3
  4.70,  254.8,  -14.38, 194.3
  4.72,  256.0,  -14.00, 194.3
  4.74,  257.2,  -14.38, 194.3
  4.76,  258.4,  -14.00, 194.3
  4.78,  259.6,  -14.13, 194.3
  4.80,  260.7,  -14.13, 189.9
  4.82,  261.8,  -13.88, 189.9
  4.84,  263.0,  -14.00, 189.9
  4.86,  264.0,  -13.75, 189.9
  4.88,  265.2,  -13.75, 189.9
  4.90,  266.4,  -13.88, 189.9
  4.92,  267.6,  -13.63, 189.9
  4.94,  268.7,  -13.63, 189.9
  4.96,  269.6,  -13.63, 189.9
  4.98,  270.8,  -13.38, 189.9
  5.00,  272.0,  -13.38, 189.9
  5.02,  273.0,  -13.38, 189.9
  5.04,  274.0,  -13.38, 189.9
  5.06,  275.2,  -13.13, 189.9
  5.08,  276.1,  -13.13, 189.9
  5.10,  277.2,  -13.25, 189.9
  5.12,  278.3,  -12.88, 189.9
  5.14,  279.2,  -13.00, 189.9
  5.16,  280.4,  -13.00, 189.9
  5.18,  281.5,  -12.88, 189.9
  5.20,  282.4,  -12.75, 189.9
  5.22,  283.6,  -12.88, 189.9
  5.24,  284.4,  -12.88, 189.9
  5.26,  285.6,  -12.75, 189.9
  5.28,  286.6,  -12.50, 189.9
  5.30,  287.6,  -12.75, 189.9
  5.32,  288.6,  -12.75, 189.9
  5.34,  289.6,  -12.50, 189.9
  5.36,  290.6,  -12.63, 189.9
  5.38,  291.6,  -12.75, 189.9
  5.40,  292.6,  -12.75, 189.9
  5.42,  293.6,  -12.63, 189.9
  5.44,  294.6,  -12.75, 189.9
  5.46,  295.6,  -12.88, 189.9
  5.48,  296.7,  -12.75, 189.9
  5.50,  297.6,  -12.75, 189.9
  5.52,  298.8,  -13.00, 189.9
  5.54,  299.8,  -12.88, 189.9
  5.56,  300.8,  -12.88, 189.9
  5.58,  301.8,  -13.13, 189.9
  5.60,  302.8,  -13.13, 189.9
  5.62,  304.0,  -13.13, 189.9
  5.64,  304.8,  -13.38, 189.9
  5.66,  306.0,  -13.25, 189.9
  5.68,  307.0,  -13.38, 189.9
  5.70,  308.0,  -13.50, 189.9
  5.72,  309.2,  -13.50, 189.9
  5.74,  310.2,  -13.75, 189.9
  5.76,  311.2,  -13.75, 189.9
  5.78,  312.4,  -13.88, 189.9
  5.80,  313.6,  -14.00, 189.9
  5.82,  314.6,  -13.88, 189.9
  5.84,  315.6,  -14.25, 189.9
  5.86,  316.7,  -14.13, 189.9
  5.88,  317.9,  -14.25, 189.9
  5.90,  319.1,  -14.50, 189.9
  5.92,  320.1,  -14.25, 189.9
  5.94,  321.3,  -14.63, 189.9
  5.96,  322.3,  -14.50, 189.9
  5.98,  323.5,  -14.75, 189.9
  6.00,  324.7,  -14.63, 189.9
  6.02,  325.8,  -14.88, 189.9
  6.04,  327.0,  -14.75, 189.9
  6.06,  328.1,  -15.00, 189.9
  6.08,  329.3,  -14.88, 189.9
  6.10,  330.5,  -15.13, 189.9
  6.12,  331.7,  -14.88, 189.9
  6.14,  332.9,  -15.13, 189.9
  6.16,  334.1,  -15.13, 189.9
  6.18,  335.3,  -15.13, 189.9
  6.20,  336.5,  -15.13, 189.9
  6.22,  337.7,  -15.00, 189.9
  6.24,  338.8,  -15.13, 189.9
  6.26,  339.9,  -15.00, 189.9
  6.28,  341.1,  -15.13, 189.9
  6.30,  342.3,  -15.00, 189.9
  6.32,  343.5,  -15.13, 189.9
  6.34,  344.7,  -14.88, 189.9
  6.36,  345.8,  -15.13, 189.9
  6.38,  347.0,  -14.88, 189.9
  6.40,  348.1,  -14.88, 189.9
  6.42,  349.3,  -15.00, 189.9
  6.44,  350.5,  -14.63, 189.9
  6.46,  351.7,  -14.88, 189.9
  6.48,  352.8,  -14.63, 189.9
  6.50,  353.9,  -14.50, 189.9
  6.52,  355.1,  -14.63, 189.9
  6.54,  356.2,  -14.38, 189.9
  6.56,  357.3,  -14.38, 189.9
  6.58,  358.4,  -14.38, 189.9
  6.60,  359.5,  -14.13, 189.9
  6.62,  360.5,  -14.25, 189.9
  6.64,  361.7,  -14.25, 189.9
  6.66,  362.7,  -14.00, 189.9
  6.68,  363.8,  -14.00, 189.9
  6.70,  364.8,  -14.00, 189.9
  6.72,  365.8,  -13.88, 189.9
  6.74,  367.0,  -13.88, 189.9
  6.76,  368.0,  -13.88, 189.9
  6.78,  369.1,  -13.88, 189.9
  6.80,  370.1,  -13.63, 189.9
  6.82,  371.2,  -13.50, 189.9
  6.84,  372.2,  -13.63, 189.9
  6.86,  373.2,  -13.50, 189.9
  6.88,  374.2,  -13.50, 189.9
  6.90,  375.2,  -13.50, 189.9
  6.92,  376.3,  -13.50, 189.9
  6.94,  377.3,  -13.50, 189.9
  6.96,  378.4,  -13.50, 189.9
  6.98,  379.3,  -13.50, 189.9
  7.00,  380.4,  -13.50, 189.9
  7.02,  381.4,  -13.38, 189.9
  7.04,  382.4,  -13.63, 189.9
  7.06,  383.4,  -13.75, 189.9
  7.08,  384.4,  -13.50, 189.9
  7.10,  385.5,  -13.63, 189.9
  7.12,  386.5,  -13.75, 189.9
  7.14,  387.6,  -13.63, 189.9
  7.16,  388.6,  -13.63, 189.9
  7.18,  389.6,  -13.75, 189.9
  7.20,  390.7,  -13.75, 189.9
  7.22,  391.7,  -13.88, 189.9
  7.24,  392.8,  -14.00, 189.9
  7.26,  393.8,  -14.00, 189.9
  7.28,  394.8,  -14.13, 189.9
  7.30,  396.0,  -14.25, 189.9
  7.32,  396.9,  -14.25, 189.9
  7.34,  398.0,  -14.38, 189.9
  7.36,  399.2,  -14.50, 189.9
  7.38,  400.2,  -14.50, 189.9
  7.40,  401.4,  -14.63, 189.9
  7.42,  402.4,  -14.63, 189.9
  7.44,  403.6,  -14.88, 189.9
  7.46,  404.8,  -14.75, 189.9
  7.48,  405.8,  -15.00, 189.9
  7.50,  406.9,  -15.00, 189.9
  7.52,  408.0,  -15.13, 189.9
  7.54,  409.2,  -15.25, 189.9
  7.56,  410.4,  -15.13, 189.9
  7.58,  411.5,  -15.50, 189.9
  7.60,  412.6,  -15.50, 189.9
  7.62,  413.7,  -15.63, 189.9
  7.64,  414.8,  -15.50, 189.9
  7.66,  416.0,  -15.75, 189.9
  7.68,  417.2,  -15.63, 189.9
  7.70,  418.4,  -15.88, 189.9
  7.72,  419.6,  -15.63, 189.9
  7.74,  420.8,  -15.88, 189.9
  7.76,  422.0,  -15.75, 189.9
  7.78,  423.2,  -15.88, 189.9
  7.80,  424.4,  -15.88, 189.9
  7.82,  425.6,  -15.75, 189.9
  7.84,  426.8,  -15.88, 189.9
  7.86,  428.0,  -15.88, 189.9
  7.88,  429.2,  -15.88, 189.9
  7.90,  430.2,  -15.88, 189.9
  7.92,  431.4,  -15.88, 189.9
  7.94,  432.6,  -15.75, 189.9
  7.96,  433.7,  -15.88, 189.9
  7.98,  434.9,  -15.75, 189.9
  8.00,  436.1,  -15.75, 189.9
  8.02,  437.3,  -15.75, 189.9
  8.04,  438.5,  -15.50, 189.9
  8.06,  439.7,  -15.75, 189.9
  8.08,  440.9,  -15.50, 189.9
  8.10,  442.1,  -15.50, 189.9
  8.12,  443.1,  -15.50, 189.9
  8.14,  444.2,  -15.25, 189.9
  8.16,  445.3,  -15.38, 189.9
  8.18,  446.5,  -15.25, 189.9
  8.20,  447.7,  -15.00, 189.9
  8.22,  448.7,  -15.25, 189.9
  8.24,  449.7,  -15.00, 189.9
  8.26,  450.9,  -15.00, 189.9
  8.28,  451.9,  -15.13, 189.9
  8.30,  452.9,  -14.88, 189.9
  8.32,  454.1,  -14.88, 189.9
  8.34,  455.3,  -14.88, 189.9
  8.36,  456.2,  -14.75, 189.9
  8.38,  457.3,  -14.63, 189.9
  8.40,  458.4,  -14.63, 189.9
  8.42,  459.3,  -14.63, 189.9
  8.44,  460.4,  -14.50, 189.9
  8.46,  461.5,  -14.38, 189.9
  8.48,  462.4,  -14.50, 189.9
  8.50,  463.6,  -14.50, 189.9
  8.52,  464.4,  -14.38, 189.9
  8.54,  465.6,  -14.38, 189.9
  8.56,  466.4,  -14.50, 189.9
  8.58,  467.6,  -14.38, 189.9
  8.60,  468.6,  -14.38, 189.9
  8.62,  469.6,  -14.38, 189.9
  8.64,  470.6,  -14.50, 189.9
  8.66,  471.6,  -14.38, 189.9
  8.68,  472.8,  -14.38, 189.9
  8.70,  473.7,  -14.63, 189.9
  8.72,  474.8,  -14.50, 189.9
  8.74,  475.8,  -14.50, 189.9
  8.76,  476.8,  -14.63, 189.9
  8.78,  478.0,  -14.63, 189.9
  8.80,  479.2,  -14.63, 189.9
  8.82,  480.3,  -14.88, 189.9
  8.84,  481.3,  -14.88, 189.9
  8.86,  482.2,  -14.88, 189.9
  8.88,  483.3,  -15.00, 189.9
  8.90,  484.2,  -15.00, 189.9
  8.92,  485.4,  -15.13, 189.9
  8.94,  486.5,  -15.25, 189.9
  8.96,  487.4,  -15.25, 189.9
  8.98,  488.6,  -15.50, 189.9
  9.00,  489.8,  -15.38, 189.9
  9.02,  490.8,  -15.50, 189.9
  9.04,  491.9,  -15.75, 189.9
  9.06,  493.0,  -15.63, 189.9
  9.08,  494.2,  -16.00, 189.9
  9.10,  495.3,  -15.88, 189.9
  9.12,  496.4,  -15.88, 189.9
  9.14,  497.5,  -15.88, 189.9
  9.16,  498.6,  -15.88, 189.9
  9.18,  499.8,  -16.25, 189.9
  9.20,  501.0,  -16.25, 189.9
  9.22,  502.2,  -16.50, 189.9
  9.24,  503.3,  -16.38, 189.9
  9.26,  504.5,  -16.38, 189.9
  9.28,  505.7,  -16.25, 189.9
  9.30,  506.7,  -16.63, 189.9
  9.32,  507.9,  -16.50, 189.9
  9.34,  509.1,  -16.88, 189.9
  9.36,  510.3,  -16.63, 189.9
  9.38,  511.5,  -16.75, 189.9
  9.40,  512.7,  -16.75, 189.9
  9.42,  513.9,  -16.88, 189.9
  9.44,  515.1,  -16.88, 189.9
  9.46,  516.3,  -16.88, 189.9
  9.48,  517.5,  -16.88, 189.9
  9.50,  518.6,  -16.75, 189.9
  9.52,  519.7,  -16.88, 189.9
  9.54,  520.9,  -16.50, 189.9
  9.56,  522.1,  -16.88, 189.9
  9.58,  523.3,  -16.50, 189.9
  9.60,  524.5,  -16.50, 189.9
  9.62,  525.6,  -16.63, 189.9
  9.64,  526.8,  -16.63, 189.9
  9.66,  528.0,  -16.63, 189.9
  9.68,  529.1,  -16.50, 189.9
  9.70,  530.3,  -16.50, 189.9
  9.72,  531.5,  -16.38, 189.9
  9.74,  532.5,  -16.25, 189.9
  9.76,  533.7,  -16.38, 189.9
  9.78,  534.8,  -16.13, 189.9
  9.80,  535.9,  -16.13, 189.9
  9.82,  537.0,  -16.13, 189.9
  9.84,  538.1,  -16.00, 189.9
  9.86,  539.3,  -16.00, 189.9
  9.88,  540.3,  -16.00, 189.9
  9.90,  541.5,  -15.88, 189.9
  9.92,  542.5,  -15.88, 189.9
  9.94,  543.6,  -15.88, 189.9
  9.96,  544.7,  -15.63, 189.9
  9.98,  545.7,  -15.63, 189.9
 10.00,  546.8,  -15.75, 189.9
 10.02,  547.9,  -15.50, 193.6
 10.04,  548.9,  -15.50, 193.6
 10.06,  550.0,  -15.50, 193.6
 10.08,  551.1,  -15.50, 193.6
 10.10,  552.1,  -15.38, 193.6
 10.12,  553.1,  -15.38, 193.6
 10.14,  554.1,  -15.38, 193.6
 10.16,  555.2,  -15.38, 193.6
 10.18,  556.1,  -15.25, 193.6
 10.20,  557.2,  -15.50, 193.6
 10.22,  558.3,  -15.38, 193.6
 10.24,  559.3,  -15.25, 193.6
 10.26,  560.3,  -15.50, 193.6
 10.28,  561.3,  -15.50, 193.6
 10.30,  562.4,  -15.25, 193.6
 10.32,  563.3,  -15.50, 193.6
 10.34,  564.5,  -15.50, 193.6
 10.36,  565.5,  -15.50, 193.6
 10.38,  566.5,  -15.50, 193.6
 10.40,  567.6,  -15.63, 193.6
 10.42,  568.5,  -15.63, 193.6
 10.44,  569.7,  -15.63, 193.6
 10.46,  570.7,  -15.88, 193.6
 10.48,  571.7,  -15.75, 193.6
 10.50,  572.8,  -15.88, 193.6
 10.52,  573.7,  -16.00, 193.6
 10.54,  574.9,  -16.00, 193.6
 10.56,  576.0,  -16.13, 193.6
 10.58,  577.0,  -16.25, 193.6
 10.60,  578.1,  -16.25, 193.6
 10.62,  579.2,  -16.50, 193.6
 10.64,  580.3,  -16.38, 193.6
 10.66,  581.4,  -16.50, 193.6
 10.68,  582.5,  -16.50, 193.6
 10.70,  583.7,  -16.63, 193.6
 10.72,  584.8,  -16.75, 193.6
 10.74,  585.9,  -16.63, 193.6
 10.76,  586.9,  -17.00, 193.6
 10.78,  588.1,  -16.75, 193.6
 10.80,  589.3,  -17.13, 193.6
 10.82,  590.4,  -17.00, 193.6
 10.84,  591.6,  -17.25, 193.6
 10.86,  592.8,  -17.25, 193.6
 10.88,  593.8,  -17.50, 193.6
 10.90,  595.0,  -17.50, 193.6
 10.92,  596.1,  -17.63, 193.6
 10.94,  597.3,  -17.50, 193.6
 10.96,  598.5,  -17.63, 193.6
 10.98,  599.7,  -17.63, 193.6
 11.00,  600.9,  -17.50, 193.6
 11.02,  602.1,  -17.63, 193.6
 11.04,  603.3,  -17.50, 193.6
 11.06,  604.5,  -17.75, 193.6
 11.08,  605.7,  -17.63, 193.6
 11.10,  606.9,  -17.75, 193.6
 11.12,  608.1,  -17.63, 193.6
 11.14,  609.3,  -17.75, 193.6
 11.16,  610.4,  -17.50, 193.6
 11.18,  611.6,  -17.75, 193.6
 11.20,  612.8,  -17.50, 193.6
 11.22,  614.0,  -17.63, 193.6
 11.24,  615.2,  -17.63, 193.6
 11.26,  616.3,  -17.50, 193.6
 11.28,  617.5,  -17.63, 193.6
 11.30,  618.5,  -17.38, 193.6
 11.32,  619.7,  -17.50, 193.6
 11.34,  620.9,  -17.25, 193.6
 11.36,  622.1,  -17.25, 193.6
 11.38,  623.3,  -17.25, 193.6
 11.40,  624.4,  -17.00, 193.6
 11.42,  625.6,  -17.13, 193.6
 11.44,  626.5,  -17.13, 193.6
 11.46,  627.7,  -17.00, 193.6
 11.48,  628.9,  -17.00, 193.6
 11.50,  629.9,  -16.88, 193.6
 11.52,  631.0,  -16.75, 193.6
 11.54,  632.1,  -16.88, 193.6
 11.56,  633.3,  -16.63, 193.6
 11.58,  634.4,  -16.50, 193.6
 11.60,  635.3,  -16.63, 193.6
 11.62,  636.5,  -16.63, 193.6
 11.64,  637.7,  -16.38, 193.6
 11.66,  638.6,  -16.50, 193.6
 11.68,  639.7,  -16.50, 193.6
 11.70,  640.9,  -16.13, 193.6
 11.72,  641.7,  -16.38, 193.6
 11.74,  642.9,  -16.38, 193.6
 11.76,  643.9,  -16.13, 193.6
 11.78,  644.9,  -16.13, 193.6
 11.80,  646.0,  -16.25, 193.6
 11.82,  646.9,  -16.25, 193.6
 11.84,  648.1,  -16.13, 193.6
 11.86,  649.1,  -16.25, 193.6
 11.88,  650.1,  -16.38, 193.6
 11.90,  651.3,  -16.13, 193.6
 11.92,  652.1,  -16.38, 193.6
 11.94,  653.3,  -16.38, 193.6
 11.96,  654.3,  -16.25, 193.6
 11.98,  655.3,  -16.38, 193.6
 12.00,  656.5,  -16.50, 193.6
 12.02,  657.5,  -16.25, 193.6
 12.04,  658.5,  -16.38, 193.6
 12.06,  659.5,  -16.63, 193.6
 12.08,  660.5,  -16.38, 193.6
 12.10,  661.7,  -16.75, 193.6
 12.12,  662.7,  -16.88, 193.6
 12.14,  663.7,  -16.63, 193.6
 12.16,  664.9,  -17.00, 193.6
 12.18,  665.9,  -16.88, 193.6
 12.20,  666.9,  -17.00, 193.6
 12.22,  668.1,  -17.25, 193.6
 12.24,  669.3,  -17.00, 193.6
 12.26,  670.3,  -17.38, 193.6
 12.28,  671.5,  -17.25, 193.6
 12.30,  672.5,  -17.50, 193.6
 12.32,  673.7,  -17.50, 193.6
 12.34,  674.9,  -17.63, 193.6
 12.36,  676.0,  -17.75, 193.6
 12.38,  677.1,  -17.75, 193.6
 12.40,  678.2,  -17.88, 193.6
 12.42,  679.2,  -17.75, 185.5
 12.44,  680.4,  -18.13, 185.5
 12.46,  681.6,  -18.00, 185.5
 12.48,  682.8,  -18.25, 185.5
 12.50,  684.0,  -18.13, 185.5
 12.52,  685.1,  -18.25, 185.5
 12.54,  686.3,  -18.13, 185.5
 12.56,  687.4,  -18.38, 185.5
 12.58,  688.6,  -18.13, 185.5
 12.60,  689.8,  -18.50, 185.5
 12.62,  690.9,  -18.25, 185.5
 12.64,  692.1,  -18.50, 185.5
 12.66,  693.3,  -18.38, 185.5
 12.68,  694.5,  -18.50, 185.5
 12.70,  695.7,  -18.50, 185.5
 12.72,  696.9,  -18.63, 185.5
 12.74,  698.1,  -18.38, 185.5
 12.76,  699.3,  -18.63, 185.5
 12.78,  700.5,  -18.38, 185.5
 12.80,  701.7,  -18.50, 185.5
 12.82,  702.9,  -18.38, 185.5
 12.84,  704.1,  -18.50, 185.5
 12.86,  705.3,  -18.38, 185.5
 12.88,  706.4,  -18.38, 185.5
 12.90,  707.6,  -18.38, 185.5
 12.92,  708.7,  -18.25, 185.5
 12.94,  709.9,  -18.38, 185.5
 12.96,  711.1,  -18.00, 185.5
 12.98,  712.3,  -18.13, 185.5
 13.00,  713.5,  -18.13, 185.5
 13.02,  714.6,  -17.88, 185.5
 13.04,  715.7,  -18.00, 185.5
 13.06,  716.9,  -17.88, 185.5
 13.08,  717.9,  -17.75, 185.5
 13.10,  719.1,  -17.88, 185.5
 13.12,  720.1,  -17.63, 185.5
 13.14,  721.3,  -17.75, 185.5
 13.16,  722.4,  -17.75, 185.5
 13.18,  723.5,  -17.50, 185.5
 13.20,  724.6,  -17.63, 185.5
 13.22,  725.7,  -17.50, 185.5
 13.24,  726.8,  -17.25, 185.5
 13.26,  727.9,  -17.38, 185.5
 13.28,  728.9,  -17.38, 185.5
 13.30,  730.1,  -17.13, 185.5
 13.32,  731.1,  -17.13, 185.5
 13.34,  732.1,  -17.25, 185.5
 13.36,  733.3,  -17.13, 185.5
 13.38,  734.3,  -17.00, 185.5
 13.40,  735.3,  -17.13, 185.5
 13.42,  736.3,  -17.13, 185.5
 13.44,  737.4,  -17.00, 185.5
 13.46,  738.5,  -17.13, 185.5
 13.48,  739.5,  -17.13, 185.5
 13.50,  740.5,  -17.00, 185.5
 13.52,  741.7,  -17.13, 185.5
 13.54,  742.6,  -17.25, 185.5
 13.56,  743.7,  -17.00, 185.5
 13.58,  744.7,  -17.25, 185.5
 13.60,  745.8,  -17.25, 185.5
 13.62,  746.9,  -17.13, 185.5
 13.64,  747.9,  -17.38, 185.5
 13.66,  748.9,  -17.38, 185.5
 13.68,  750.1,  -17.25, 185.5
 13.70,  751.1,  -17.50, 185.5
 13.72,  752.1,  -17.50, 185.5
 13.74,  753.3,  -17.50, 185.5
 13.76,  754.3,  -17.75, 185.5
 13.78,  755.3,  -17.63, 185.5
 13.80,  756.5,  -17.88, 185.5
 13.82,  757.5,  -17.88, 185.5
 13.84,  758.6,  -17.88, 185.5
 13.86,  759.7,  -18.13, 185.5
 13.88,  760.9,  -18.00, 185.5
 13.90,  762.1,  -18.25, 185.5
 13.92,  763.1,  -18.25, 185.5
 13.94,  764.3,  -18.25, 185.5
 13.96,  765.3,  -18.38, 185.5
 13.98,  766.5,  -18.38, 185.5
 14.00,  767.7,  -18.50, 185.5
 14.02,  768.9,  -18.63, 185.5
 14.04,  770.1,  -18.75, 185.5
 14.06,  771.1,  -18.63, 185.5
 14.08,  772.3,  -19.00, 185.5
 14.10,  773.4,  -18.88, 185.5
 14.12,  774.5,  -19.00, 185.5
 14.14,  775.7,  -19.00, 185.5
 14.16,  776.9,  -19.13, 185.5
 14.18,  778.1,  -19.00, 185.5
 14.20,  779.3,  -19.25, 185.5
 14.22,  780.5,  -19.13, 185.5
 14.24,  781.7,  -19.38, 185.5
 14.26,  782.9,  -19.25, 185.5
 14.28,  784.1,  -19.38, 185.5
 14.30,  785.3,  -19.25, 185.5
 14.32,  786.5,  -19.38, 185.5
 14.34,  787.7,  -19.25, 185.5
 14.36,  788.9,  -19.50, 185.5
 14.38,  790.1,  -19.25, 185.5
 14.40,  791.2,  -19.38, 185.5
 14.42,  792.4,  -19.25, 185.5
 14.44,  793.6,  -19.25, 185.5
 14.46,  794.8,  -19.38, 185.5
 14.48,  796.0,  -19.25, 185.5
 14.50,  797.2,  -19.25, 185.5
 14.52,  798.3,  -19.13, 185.5
 14.54,  799.5,  -19.25, 185.5
 14.56,  800.6,  -19.00, 185.5
 14.58,  801.8,  -19.13, 185.5
 14.60,  803.0,  -19.00, 185.5
 14.62,  804.0,  -18.88, 185.5
 14.64,  805.2,  -19.00, 185.5
 14.66,  806.4,  -18.75, 185.5
 14.68,  807.6,  -18.88, 185.5
 14.70,  808.7,  -18.88, 185.5
 14.72,  809.7,  -18.50, 185.5
 14.74,  810.8,  -18.75, 185.5
 14.76,  812.0,  -18.50, 185.5
 14.78,  813.2,  -18.38, 185.5
 14.80,  814.2,  -18.63, 185.5
 14.82,  815.2,  -18.38, 185.5
 14.84,  816.4,  -18.25, 185.5
 14.86,  817.5,  -18.50, 185.5
 14.88,  818.6,  -18.13, 185.5
 14.90,  819.6,  -18.13, 185.5
 14.92,  820.8,  -18.25, 185.5
 14.94,  821.8,  -18.13, 185.5
 14.96,  822.8,  -18.00, 185.5
 14.98,  824.0,  -18.13, 185.5
 15.00,  824.8,  -18.13, 185.5
 15.02,  825.8,  -18.00, 185.5
 15.04,  826.9,  -17.88, 185.5
 15.06,  827.8,  -18.13, 185.5
 15.08,  829.0,  -18.00, 185.5
 15.10,  830.0,  -17.88, 185.5
 15.12,  831.0,  -18.13, 185.5
 15.14,  832.2,  -18.00, 185.5
 15.16,  833.2,  -17.88, 185.5
 15.18,  834.2,  -18.25, 185.5
 15.20,  835.3,  -18.13, 185.5
 15.22,  836.3,  -18.00, 185.5
 15.24,  837.4,  -18.38, 185.5
 15.26,  838.5,  -18.13, 185.5
 15.28,  839.5,  -18.13, 185.5
 15.30,  840.6,  -18.38, 185.5
 15.32,  841.6,  -18.25, 185.5
 15.34,  842.6,  -18.38, 185.5
 15.36,  843.8,  -18.63, 185.5
 15.38,  844.8,  -18.38, 185.5
 15.40,  845.8,  -18.63, 185.5
 15.42,  847.0,  -18.63, 185.5
 15.44,  848.1,  -18.63, 185.5
 15.46,  849.2,  -19.00, 185.5
 15.48,  850.2,  -18.88, 185.5
 15.50,  851.4,  -19.00, 185.5
 15.52,  852.5,  -19.00, 185.5
 15.54,  853.6,  -19.13, 185.5
 15.56,  854.7,  -19.13, 185.5
 15.58,  855.8,  -19.25, 185.5
 15.60,  857.0,  -19.38, 185.5
 15.62,  858.2,  -19.38, 185.5
 15.64,  859.4,  -19.63, 185.5
 15.66,  860.4,  -19.50, 185.5
 15.68,  861.6,  -19.75, 185.5
 15.70,  862.7,  -19.75, 185.5
 15.72,  863.8,  -19.88, 185.5
 15.74,  865.0,  -19.88, 185.5
 15.76,  866.2,  -20.00, 185.5
 15.78,  867.4,  -19.88, 185.5
 15.80,  868.6,  -20.13, 185.5
 15.82,  869.8,  -20.00, 185.5
 15.84,  871.0,  -20.13, 185.5
 15.86,  872.2,  -20.13, 185.5
 15.88,  873.3,  -20.25, 185.5
 15.90,  874.6,  -20.13, 185.5
 15.92,  875.7,  -20.25, 185.5
 15.94,  877.0,  -20.13, 185.5
 15.96,  878.1,  -20.25, 185.5
 15.98,  879.3,  -20.25, 185.5
 16.00,  880.4,  -20.13, 185.5
 16.02,  881.6,  -20.38, 185.5
 16.04,  882.8,  -20.13, 185.5
 16.06,  884.0,  -20.25, 185.5
 16.08,  885.2,  -20.13, 185.5
 16.10,  886.3,  -20.25, 185.5
 16.12,  887.5,  -20.00, 185.5
 16.14,  888.6,  -20.25, 185.5
 16.16,  889.9,  -20.00, 185.5
 16.18,  891.0,  -20.13, 185.5
 16.20,  892.2,  -20.13, 185.5
 16.22,  893.4,  -19.88, 185.5
 16.24,  894.6,  -20.00, 185.5
 16.26,  895.6,  -19.88, 185.5
 16.28,  896.8,  -19.75, 185.5
 16.30,  898.0,  -19.88, 185.5
 16.32,  899.1,  -19.50, 185.5
 16.34,  900.2,  -19.63, 185.5
 16.36,  901.3,  -19.63, 185.5
 16.38,  902.4,  -19.38, 185.5
 16.40,  903.6,  -19.50, 185.5
 16.42,  904.6,  -19.50, 185.5
 16.44,  905.8,  -19.25, 185.5
 16.46,  906.8,  -19.50, 185.5
 16.48,  907.9,  -19.38, 185.5
 16.50,  909.0,  -19.13, 185.5
 16.52,  910.0,  -19.38, 185.5
 16.54,  911.2,  -19.13, 185.5
 16.56,  912.3,  -19.00, 185.5
 16.58,  913.3,  -19.25, 185.5
 16.60,  914.4,  -19.13, 185.5
 16.62,  915.5,  -18.88, 185.5
 16.64,  916.5,  -19.13, 185.5
 16.66,  917.6,  -19.00, 185.5
 16.68,  918.7,  -18.88, 185.5
 16.70,  919.6,  -19.00, 185.5
 16.72,  920.8,  -19.00, 185.5
 16.74,  921.8,  -19.00, 185.5
 16.76,  922.8,  -19.13, 185.5
 16.78,  923.9,  -19.13, 185.5
 16.80,  924.9,  -19.13, 185.5
 16.82,  926.0,  -19.25, 185.5
 16.84,  927.0,  -19.25, 185.5
 16.86,  928.0,  -19.00, 185.5
 16.88,  929.2,  -19.25, 185.5
 16.90,  930.2,  -19.25, 185.5
 16.92,  931.2,  -19.13, 185.5
 16.94,  932.4,  -19.38, 185.5
 16.96,  933.5,  -19.38, 185.5
 16.98,  934.5,  -19.38, 185.5
 17.00,  935.6,  -19.50, 185.5
 17.02,  936.7,  -19.50, 185.5
 17.04,  937.8,  -19.63, 185.5
 17.06,  938.8,  -19.75, 185.5
 17.08,  940.0,  -19.63, 185.5
 17.10,  941.1,  -20.00, 185.5
 17.12,  942.0,  -19.88, 185.5
 17.14,  943.2,  -20.13, 185.5
 17.16,  944.4,  -20.13, 185.5
 17.18,  945.5,  -20.13, 185.5
 17.20,  946.7,  -20.38, 185.5
 17.22,  947.6,  -20.13, 181.1
 17.24,  948.8,  -20.50, 181.1
 17.26,  950.0,  -20.38, 181.1
 17.28,  951.2,  -20.63, 181.1
 17.30,  952.4,  -20.38, 181.1
 17.32,  953.6,  -20.75, 181.1
 17.34,  954.7,  -20.50, 181.1
 17.36,  955.9,  -20.88, 181.1
 17.38,  957.1,  -20.88, 181.1
 17.40,  958.1,  -20.88, 181.1
 17.42,  959.2,  -20.88, 181.1
 17.44,  960.4,  -21.00, 181.1
 17.46,  961.6,  -20.88, 181.1
 17.48,  962.8,  -21.25, 181.1
 17.50,  964.0,  -21.00, 181.1
 17.52,  965.2,  -21.25, 181.1
 17.54,  966.4,  -21.13, 181.1
 17.56,  967.6,  -21.25, 181.1
 17.58,  968.8,  -21.13, 181.1
 17.60,  970.0,  -21.25, 181.1
 17.62,  971.2,  -21.13, 181.1
 17.64,  972.4,  -21.25, 181.1
 17.66,  973.6,  -21.25, 181.1
 17.68,  974.8,  -21.00, 181.1
 17.70,  976.0,  -21.25, 181.1
 17.72,  977.2,  -21.00, 181.1
 17.74,  978.4,  -21.13, 181.1
 17.76,  979.6,  -21.00, 181.1
 17.78,  980.8,  -21.13, 181.1
 17.80,  982.0,  -20.88, 181.1
 17.82,  983.1,  -21.13, 181.1
 17.84,  984.3,  -20.88, 181.1
 17.86,  985.4,  -20.88, 181.1
 17.88,  986.6,  -21.00, 181.1
 17.90,  987.6,  -20.63, 181.1
 17.92,  988.8,  -20.88, 181.1
 17.94,  990.0,  -20.75, 181.1
 17.96,  991.2,  -20.50, 181.1
 17.98,  992.4,  -20.75, 181.1
 18.00,  993.5,  -20.38, 181.1
 18.02,  994.6,  -20.50, 181.1
 18.04,  995.6,  -20.50, 181.1
 18.06,  996.8,  -20.25, 181.1
 18.08,  998.0,  -20.38, 181.1
 18.10,  999.0,  -20.38, 181.1
 18.12, 1000.0,  -20.13, 181.1
 18.14, 1001.2,  -20.25, 181.1
 18.16, 1002.3,  -20.13, 181.1
 18.18, 1003.4,  -20.00, 181.1
 18.20, 1004.4,  -20.25, 181.1
 18.22, 1005.6,  -20.00, 181.1
 18.24, 1006.7,  -19.88, 181.1
 18.26, 1007.6,  -20.13, 181.1
 18.28, 1008.8,  -20.00, 181.1
 18.30, 1010.0,  -19.88, 181.1
 18.32, 1010.8,  -20.13, 181.1
 18.34, 1012.0,  -20.13, 181.1
 18.36, 1013.2,  -19.88, 181.1
 18.38, 1014.0,  -20.13, 181.1
 18.40, 1015.2,  -20.00, 181.1
 18.42, 1016.3,  -19.88, 181.1
 18.44, 1017.2,  -20.13, 181.1
 18.46, 1018.4,  -20.00, 181.1
 18.48, 1019.4,  -20.00, 181.1
 18.50, 1020.4,  -20.25, 181.1
 18.52, 1021.6,  -20.00, 181.1
 18.54, 1022.7,  -20.38, 181.1
 18.56, 1023.7,  -20.38, 181.1
 18.58, 1024.8,  -20.13, 181.1
 18.60, 1026.0,  -20.50, 181.1
 18.62, 1027.0,  -20.50, 181.1
 18.64, 1028.2,  -20.50, 181.1
 18.66, 1029.2,  -20.75, 181.1
 18.68, 1030.4,  -20.50, 181.1
 18.70, 1031.4,  -20.75, 181.1
 18.72, 1032.5,  -20.75, 181.1
 18.74, 1033.6,  -20.88, 181.1
 18.76, 1034.8,  -20.88, 181.1
 18.78, 1035.9,  -21.00, 181.1
 18.80, 1037.0,  -21.13, 181.1
 18.82, 1038.1,  -21.00, 181.1
 18.84, 1039.2,  -21.38, 181.1
 18.86, 1040.4,  -21.13, 181.1
 18.88, 1041.6,  -21.50, 181.1
 18.90, 1042.8,  -21.38, 181.1
 18.92, 1044.0,  -21.50, 181.1
 18.94, 1045.2,  -21.50, 181.1
 18.96, 1046.3,  -21.75, 181.1
 18.98, 1047.6,  -21.50, 181.1
 19.00, 1048.7,  -21.88, 181.1
 19.02, 1049.8,  -21.63, 181.1
 19.04, 1051.0,  -21.88, 181.1
 19.06, 1052.2,  -21.75, 181.1
 19.08, 1053.4,  -22.00, 181.1
 19.10, 1054.6,  -21.88, 181.1
 19.12, 1055.8,  -22.13, 181.1
 19.14, 1057.0,  -21.88, 181.1
 19.16, 1058.2,  -22.13, 181.1
 19.18, 1059.4,  -22.00, 181.1
 19.20, 1060.6,  -22.13, 181.1
 19.22, 1061.8,  -22.00, 181.1
 19.24, 1063.0,  -22.25, 181.1
 19.26, 1064.2,  -22.00, 181.1
 19.28, 1065.4,  -22.25, 181.1
 19.30, 1066.6,  -22.00, 181.1
 19.32, 1067.8,  -22.13, 181.1
 19.34, 1069.1,  -22.00, 181.1
 19.36, 1070.2,  -22.00, 181.1
 19.38, 1071.4,  -21.88, 181.1
 19.40, 1072.6,  -22.00, 181.1
 19.42, 1073.8,  -21.88, 181.1
 19.44, 1075.0,  -21.75, 181.1
 19.46, 1076.2,  -21.88, 181.1
 19.48, 1077.3,  -21.63, 181.1
 19.50, 1078.5,  -21.88, 181.1
 19.52, 1079.6,  -21.63, 181.1
 19.54, 1080.8,  -21.63, 181.1
 19.56, 1082.0,  -21.50, 181.1
 19.58, 1083.1,  -21.50, 181.1
 19.60, 1084.2,  -21.50, 181.1
 19.62, 1085.4,  -21.38, 181.1
 19.64, 1086.6,  -21.50, 181.1
 19.66, 1087.7,  -21.25, 181.1
 19.68, 1088.8,  -21.25, 181.1
 19.70, 1090.0,  -21.25, 181.1
 19.72, 1091.0,  -21.13, 181.1
 19.74, 1092.2,  -21.00, 181.1
 19.76, 1093.2,  -21.13, 181.1
 19.78, 1094.3,  -21.00, 181.1
 19.80, 1095.4,  -21.00, 181.1
 19.82, 1096.5,  -21.00, 181.1
 19.84, 1097.6,  -20.88, 181.1
 19.86, 1098.6,  -21.00, 181.1
 19.88, 1099.8,  -21.00, 181.1
 19.90, 1100.8,  -20.88, 181.1
 19.92, 1102.0,  -21.00, 181.1
 19.94, 1103.0,  -20.88, 181.1
 19.96, 1104.2,  -20.88, 181.1
 19.98, 1105.2,  -21.00, 181.1
 20.00, 1106.2,  -20.88, 181.1
 20.02, 1107.4,  -20.88, 181.1
 20.04, 1108.4,  -21.00, 181.1
 20.06, 1109.4,  -21.00, 181.1
 20.08, 1110.6,  -20.88, 181.1
 20.10, 1111.6,  -21.13, 181.1
 20.12, 1112.6,  -20.88, 181.1
 20.14, 1113.8,  -21.13, 181.1
 20.16, 1114.8,  -21.13, 181.1
 20.18, 1115.9,  -21.13, 181.1
 20.20, 1117.0,  -21.38, 181.1
 20.22, 1118.2,  -21.25, 181.1
 20.24, 1119.2,  -21.25, 181.1
 20.26, 1120.4,  -21.50, 181.1
 20.28, 1121.4,  -21.38, 181.1
 20.30, 1122.6,  -21.63, 181.1
 20.32, 1123.8,  -21.50, 181.1
 20.34, 1124.8,  -21.63, 181.1
 20.36, 1126.0,  -21.75, 181.1
 20.38, 1127.0,  -21.75, 181.1
 20.40, 1128.2,  -21.88, 181.1
 20.42, 1129.4,  -21.88, 181.1
 20.44, 1130.5,  -22.13, 181.1
 20.46, 1131.6,  -22.00, 181.1
 20.48, 1132.7,  -22.25, 181.1
 20.50, 1133.8,  -22.13, 181.1
 20.52, 1135.0,  -22.38, 181.1
 20.54, 1136.2,  -22.38, 181.1
 20.56, 1137.4,  -22.50, 181.1
 20.58, 1138.6,  -22.50, 181.1
 20.60, 1139.8,  -22.75, 181.1
 20.62, 1141.0,  -22.50, 181.1
 20.64, 1142.2,  -22.75, 181.1
 20.66, 1143.4,  -22.75, 181.1
 20.68, 1144.6,  -22.75, 181.1
 20.70, 1145.8,  -22.63, 181.1
 20.72, 1147.0,  -22.88, 181.1
 20.74, 1148.2,  -22.63, 181.1
 20.76, 1149.4,  -22.88, 181.1
 20.78, 1150.6,  -22.75, 181.1
 20.80, 1151.8,  -22.88, 181.1
 20.82, 1153.0,  -22.88, 181.1
 20.84, 1154.2,  -23.13, 181.1
 20.86, 1155.4,  -22.88, 181.1
 20.88, 1156.6,  -23.13, 181.1
 20.90, 1157.8,  -23.00, 181.1
 20.92, 1159.0,  -23.00, 181.1
 20.94, 1160.2,  -22.88, 181.1
 20.96, 1161.4,  -23.00, 181.1
 20.98, 1162.6,  -22.88, 181.1
 21.00, 1163.7,  -22.88, 181.1
 21.02, 1164.9,  -22.88, 181.1
 21.04, 1166.1,  -22.63, 181.1
 21.06, 1167.3,  -22.88, 181.1
 21.08, 1168.3,  -22.63, 181.1
 21.10, 1169.5,  -22.75, 181.1
 21.12, 1170.7,  -22.63, 181.1
 21.14, 1171.7,  -22.50, 181.1
 21.16, 1172.9,  -22.63, 181.1
 21.18, 1174.1,  -22.50, 181.1
 21.20, 1175.3,  -22.50, 181.1
 21.22, 1176.4,  -22.38, 181.1
 21.24, 1177.5,  -22.38, 181.1
 21.26, 1178.6,  -22.38, 181.1
 21.28, 1179.7,  -22.25, 181.1
 21.30, 1180.9,  -22.38, 181.1
 21.32, 1182.1,  -22.13, 181.1
 21.34, 1183.2,  -22.13, 181.1
 21.36, 1184.3,  -22.13, 181.1
 21.38, 1185.3,  -22.00, 181.1
 21.40, 1186.5,  -22.00, 181.1
 21.42, 1187.6,  -22.00, 181.1
 21.44, 1188.5,  -21.88, 181.1
 21.46, 1189.7,  -21.88, 181.1
 21.48, 1190.8,  -22.00, 181.1
 21.50, 1191.8,  -21.88, 181.1
 21.52, 1192.9,  -21.88, 181.1
 21.54, 1194.0,  -22.00, 181.1
 21.56, 1195.0,  -21.88, 181.1
 21.58, 1196.1,  -21.88, 181.1
 21.60, 1197.3,  -22.00, 181.1
 21.62, 1198.3,  -21.88, 181.1
 21.64, 1199.3,  -22.00, 181.1
 21.66, 1200.5,  -22.00, 181.1
 21.68, 1201.4,  -22.00, 181.1
 21.70, 1202.4,  -22.00, 181.1
 21.72, 1203.5,  -22.00, 181.1
 21.74, 1204.6,  -22.00, 181.1
 21.76, 1205.7,  -22.13, 181.1
 21.78, 1206.7,  -22.13, 181.1
 21.80, 1207.9,  -22.13, 181.1
 21.82, 1208.9,  -22.25, 181.1
 21.84, 1209.9,  -22.13, 181.1
 21.86, 1211.1,  -22.38, 181.1
 21.88, 1212.1,  -22.38, 181.1
 21.90, 1213.1,  -22.38, 181.1
 21.92, 1214.3,  -22.63, 181.1
 21.94, 1215.5,  -22.50, 181.1
 21.96, 1216.6,  -22.75, 181.1
 21.98, 1217.7,  -22.75, 181.1
 22.00, 1218.7,  -22.88, 181.1
 22.02, 1219.9,  -22.88, 181.1
 22.04, 1221.1,  -22.88, 181.1
 22.06, 1222.3,  -23.00, 181.1
 22.08, 1223.4,  -23.00, 181.1
 22.10, 1224.5,  -23.25, 181.1
 22.12, 1225.7,  -23.00, 181.1
 22.14, 1226.7,  -23.38, 181.1
 22.16, 1227.8,  -23.25, 181.1
 22.18, 1229.0,  -23.38, 181.1
 22.20, 1230.2,  -23.38, 181.1
 22.22, 1231.4,  -23.63, 181.1
 22.24, 1232.6,  -23.38, 181.1
 22.26, 1233.7,  -23.75, 181.1
 22.28, 1234.9,  -23.63, 181.1
 22.30, 1236.1,  -23.75, 181.1
 22.32, 1237.3,  -23.75, 181.1
 22.34, 1238.5,  -23.88, 181.1
 22.36, 1239.7,  -23.63, 181.1
 22.38, 1240.9,  -23.88, 181.1
 22.40, 1242.2,  -23.75, 181.1
 22.42, 1243.3,  -23.88, 185.5
 22.44, 1244.5,  -23.88, 185.5
 22.46, 1245.6,  -23.88, 185.5
 22.48, 1246.9,  -23.88, 185.5
 22.50, 1248.0,  -23.88, 185.5
 22.52, 1249.2,  -23.88, 185.5
 22.54, 1250.4,  -23.75, 185.5
 22.56, 1251.6,  -23.88, 185.5
 22.58, 1252.8,  -23.75, 185.5
 22.60, 1254.0,  -23.88, 185.5
 22.62, 1255.2,  -23.75, 185.5
 22.64, 1256.4,  -23.88, 185.5
 22.66, 1257.5,  -23.63, 185.5
 22.68, 1258.6,  -23.88, 185.5
 22.70, 1259.8,  -23.50, 185.5
 22.72, 1261.0,  -23.75, 185.5
 22.74, 1262.2,  -23.63, 185.5
 22.76, 1263.3,  -23.38, 185.5
 22.78, 1264.5,  -23.63, 185.5
 22.80, 1265.6,  -23.38, 185.5
 22.82, 1266.7,  -23.38, 185.5
 22.84, 1267.9,  -23.50, 185.5
 22.86, 1269.0,  -23.13, 185.5
 22.88, 1270.2,  -23.25, 185.5
 22.90, 1271.2,  -23.25, 185.5
 22.92, 1272.3,  -23.13, 185.5
 22.94, 1273.5,  -23.25, 185.5
 22.96, 1274.6,  -23.00, 185.5
 22.98, 1275.7,  -23.13, 185.5
 23.00, 1276.7,  -23.13, 185.5
 23.02, 1277.9,  -22.88, 185.5
 23.04, 1279.0,  -23.00, 185.5
 23.06, 1280.1,  -23.00, 185.5
 23.08, 1281.1,  -22.88, 185.5
 23.10, 1282.3,  -23.00, 185.5
 23.12, 1283.4,  -23.00, 185.5
 23.14, 1284.5,  -22.75, 185.5
 23.16, 1285.5,  -22.88, 185.5
 23.18, 1286.6,  -22.88, 185.5
 23.20, 1287.7,  -22.75, 185.5
 23.22, 1288.7,  -22.88, 185.5
 23.24, 1289.8,  -22.88, 185.5
 23.26, 1290.9,  -22.88, 185.5
 23.28, 1291.9,  -23.00, 185.5
 23.30, 1293.0,  -22.88, 185.5
 23.32, 1294.2,  -23.00, 185.5
 23.34, 1295.1,  -23.00, 185.5
 23.36, 1296.3,  -23.00, 185.5
 23.38, 1297.4,  -23.13, 185.5
 23.40, 1298.3,  -23.13, 185.5
 23.42, 1299.5,  -23.00, 185.5
 23.44, 1300.7,  -23.25, 185.5
 23.46, 1301.7,  -23.13, 185.5
 23.48, 1302.7,  -23.25, 185.5
 23.50, 1303.9,  -23.50, 185.5
 23.52, 1305.1,  -23.13, 185.5
 23.54, 1306.2,  -23.50, 185.5
 23.56, 1307.1,  -23.38, 185.5
 23.58, 1308.3,  -23.50, 185.5
 23.60, 1309.5,  -23.75, 185.5
 23.62, 1310.6,  -23.63, 185.5
 23.64, 1311.7,  -23.88, 185.5
 23.66, 1312.7,  -23.88, 185.5
 23.68, 1313.9,  -24.00, 185.5
 23.70, 1315.1,  -23.88, 185.5
 23.72, 1316.3,  -24.25, 185.5
 23.74, 1317.5,  -24.00, 185.5
 23.76, 1318.6,  -24.25, 185.5
 23.78, 1319.8,  -24.13, 185.5
 23.80, 1321.0,  -24.38, 185.5
 23.82, 1322.2,  -24.25, 185.5
 23.84, 1323.3,  -24.50, 185.5
 23.86, 1324.5,  -24.25, 185.5
 23.88, 1325.6,  -24.63, 185.5
 23.90, 1326.7,  -24.50, 185.5
 23.92, 1327.9,  -24.63, 185.5
 23.94, 1329.1,  -24.63, 185.5
 23.96, 1330.3,  -24.88, 185.5
 23.98, 1331.5,  -24.50, 185.5
 24.00, 1332.7,  -25.00, 185.5
 24.02, 1333.9,  -24.75, 185.5
 24.04, 1335.1,  -24.88, 185.5
 24.06, 1336.3,  -24.75, 185.5
 24.08, 1337.5,  -25.00, 185.5
 24.10, 1338.8,  -24.75, 185.5
 24.12, 1340.0,  -25.00, 185.5
 24.14, 1341.3,  -24.75, 185.5
 24.16, 1342.5,  -24.88, 185.5
 24.18, 1343.7,  -24.75, 185.5
 24.20, 1344.9,  -24.88, 185.5
 24.22, 1346.1,  -24.63, 185.5
 24.24, 1347.2,  -24.88, 185.5
 24.26, 1348.4,  -24.75, 185.5
 24.28, 1349.5,  -24.75, 185.5
 24.30, 1350.7,  -24.88, 185.5
 24.32, 1351.9,  -24.50, 185.5
 24.34, 1353.1,  -24.75, 185.5
 24.36, 1354.3,  -24.50, 185.5
 24.38, 1355.5,  -24.63, 185.5
 24.40, 1356.7,  -24.38, 185.5
 24.42, 1357.9,  -24.63, 185.5
 24.44, 1359.1,  -24.38, 185.5
 24.46, 1360.3,  -24.25, 185.5
 24.48, 1361.4,  -24.50, 185.5
 24.50, 1362.5,  -24.13, 185.5
 24.52, 1363.6,  -24.25, 185.5
 24.54, 1364.7,  -24.25, 185.5
 24.56, 1365.9,  -24.00, 185.5
 24.58, 1367.1,  -24.25, 185.5
 24.60, 1368.1,  -24.00, 185.5
 24.62, 1369.2,  -24.00, 185.5
 24.64, 1370.3,  -24.13, 185.5
 24.66, 1371.5,  -23.88, 185.5
 24.68, 1372.6,  -24.00, 185.5
 24.70, 1373.6,  -24.00, 185.5
 24.72, 1374.7,  -23.88, 185.5
 24.74, 1375.9,  -24.00, 185.5
 24.76, 1377.0,  -23.88, 185.5
 24.78, 1378.1,  -23.88, 185.5
 24.80, 1379.1,  -24.00, 185.5
 24.82, 1380.3,  -23.75, 167.8
 24.84, 1381.5,  -24.00, 167.8
 24.86, 1382.5,  -23.88, 167.8
 24.88, 1383.5,  -23.75, 167.8
 24.90, 1384.7,  -24.00, 167.8
 24.92, 1385.7,  -23.88, 167.8
 24.94, 1386.6,  -23.88, 167.8
 24.96, 1387.7,  -24.00, 167.8
 24.98, 1388.8,  -23.88, 167.8
 25.00, 1389.9,  -24.13, 167.8
 25.02, 1390.9,  -24.13, 167.8
 25.04, 1392.1,  -24.00, 167.8
 25.06, 1393.1,  -24.25, 167.8
 25.08, 1394.3,  -24.00, 167.8
 25.10, 1395.3,  -24.25, 167.8
 25.12, 1396.5,  -24.25, 167.8
 25.14, 1397.7,  -24.25, 167.8
 25.16, 1398.7,  -24.50, 167.8
 25.18, 1399.9,  -24.38, 167.8
 25.20, 1401.1,  -24.63, 167.8
 25.22, 1402.1,  -24.50, 167.8
 25.24, 1403.3,  -24.75, 167.8
 25.26, 1404.5,  -24.63, 167.8
 25.28, 1405.6,  -24.75, 167.8
 25.30, 1406.7,  -24.88, 167.8
 25.32, 1407.9,  -24.88, 167.8
 25.34, 1409.0,  -24.88, 167.8
 25.36, 1410.1,  -25.00, 167.8
 25.38, 1411.3,  -25.00, 167.8
 25.40, 1412.5,  -25.13, 167.8
 25.42, 1413.7,  -25.25, 167.8
 25.44, 1414.9,  -25.25, 167.8
 25.46, 1416.1,  -25.25, 167.8
 25.48, 1417.3,  -25.50, 167.8
 25.50, 1418.5,  -25.38, 167.8
 25.52, 1419.7,  -25.63, 167.8
 25.54, 1420.9,  -25.50, 167.8
 25.56, 1422.1,  -25.63, 167.8
 25.58, 1423.3,  -25.50, 167.8
 25.60, 1424.5,  -25.75, 167.8
 25.62, 1425.7,  -25.50, 167.8
 25.64, 1426.9,  -25.88, 167.8
 25.66, 1428.1,  -25.63, 167.8
 25.68, 1429.3,  -25.75, 167.8
 25.70, 1430.5,  -25.63, 167.8
 25.72, 1431.8,  -25.88, 167.8
 25.74, 1433.0,  -25.63, 167.8
 25.76, 1434.2,  -25.88, 167.8
 25.78, 1435.5,  -25.75, 167.8
 25.80, 1436.7,  -25.88, 167.8
 25.82, 1437.9,  -25.63, 167.8
 25.84, 1439.1,  -25.88, 167.8
 25.86, 1440.3,  -25.50, 167.8
 25.88, 1441.5,  -25.88, 167.8
 25.90, 1442.7,  -25.50, 167.8
 25.92, 1443.9,  -25.63, 167.8
 25.94, 1445.1,  -25.50, 167.8
 25.96, 1446.3,  -25.50, 167.8
 25.98, 1447.5,  -25.50, 167.8
 26.00, 1448.7,  -25.38, 167.8
 26.02, 1449.9,  -25.50, 167.8
 26.04, 1451.0,  -25.25, 167.8
 26.06, 1452.1,  -25.50, 167.8
 26.08, 1453.3,  -25.25, 167.8
 26.10, 1454.4,  -25.25, 167.8
 26.12, 1455.6,  -25.25, 167.8
 26.14, 1456.7,  -25.00, 167.8
 26.16, 1457.9,  -25.13, 167.8
 26.18, 1459.1,  -25.00, 167.8
 26.20, 1460.3,  -25.13, 167.8
 26.22, 1461.3,  -25.00, 167.8
 26.24, 1462.4,  -24.88, 167.8
 26.26, 1463.5,  -25.00, 167.8
 26.28, 1464.6,  -24.75, 167.8
 26.30, 1465.8,  -24.88, 167.8
 26.32, 1466.8,  -24.88, 167.8
 26.34, 1467.9,  -24.75, 167.8
 26.36, 1469.0,  -24.88, 167.8
 26.38, 1470.2,  -24.75, 167.8
 26.40, 1471.2,  -24.63, 167.8
 26.42, 1472.4,  -24.88, 167.8
 26.44, 1473.4,  -24.75, 167.8
 26.46, 1474.6,  -24.75, 167.8
 26.48, 1475.6,  -24.88, 167.8
 26.50, 1476.7,  -24.63, 167.8
 26.52, 1477.8,  -24.88, 167.8
 26.54, 1479.0,  -24.88, 167.8
 26.56, 1480.0,  -24.75, 167.8
 26.58, 1481.2,  -24.88, 167.8
 26.60, 1482.2,  -24.88, 167.8
 26.62, 1483.4,  -24.88, 167.8
 26.64, 1484.5,  -25.00, 167.8
 26.66, 1485.5,  -24.88, 167.8
 26.68, 1486.6,  -25.00, 167.8
 26.70, 1487.8,  -25.00, 167.8
 26.72, 1489.0,  -25.25, 167.8
 26.74, 1490.0,  -25.13, 167.8
 26.76, 1491.0,  -25.25, 167.8
 26.78, 1492.2,  -25.50, 167.8
 26.80, 1493.4,  -25.25, 167.8
 26.82, 1494.6,  -25.63, 167.8
 26.84, 1495.6,  -25.50, 167.8
 26.86, 1496.7,  -25.63, 167.8
 26.88, 1497.8,  -25.63, 167.8
 26.90, 1499.0,  -25.88, 167.8
 26.92, 1500.2,  -25.75, 167.8
 26.94, 1501.4,  -26.00, 167.8
 26.96, 1502.6,  -25.88, 167.8
 26.98, 1503.8,  -26.00, 167.8
 27.00, 1505.0,  -26.00, 167.8
 27.02, 1506.2,  -26.00, 167.8
 27.04, 1507.3,  -26.13, 167.8
 27.06, 1508.4,  -26.13, 167.8
 27.08, 1509.6,  -26.25, 167.8
 27.10, 1510.8,  -26.25, 167.8
 27.12, 1511.9,  -26.38, 167.8
 27.14, 1513.2,  -26.50, 167.8
 27.16, 1514.3,  -26.38, 167.8
 27.18, 1515.5,  -26.63, 167.8
 27.20, 1516.7,  -26.50, 167.8
 27.22, 1518.0,  -26.63, 167.8
 27.24, 1519.2,  -26.63, 167.8
 27.26, 1520.4,  -26.75, 167.8
 27.28, 1521.6,  -26.50, 167.8
 27.30, 1522.9,  -26.75, 167.8
 27.32, 1524.1,  -26.63, 167.8
 27.34, 1525.3,  -26.63, 167.8
 27.36, 1526.6,  -26.63, 167.8
 27.38, 1527.8,  -26.75, 167.8
 27.40, 1529.0,  -26.63, 167.8
 27.42, 1530.2,  -26.75, 167.8
 27.44, 1531.4,  -26.63, 167.8
 27.46, 1532.5,  -26.63, 167.8
 27.48, 1533.7,  -26.63, 167.8
 27.50, 1534.9,  -26.63, 167.8
 27.52, 1535.9,  -26.63, 167.8
 27.54, 1537.1,  -26.50, 167.8
 27.56, 1538.3,  -26.63, 167.8
 27.58, 1539.5,  -26.38, 167.8
 27.60, 1540.7,  -26.63, 167.8
 27.62, 1541.9,  -26.38, 167.8
 27.64, 1543.0,  -26.50, 167.8
 27.66, 1544.2,  -26.38, 167.8
 27.68, 1545.3,  -26.25, 167.8
 27.70, 1546.5,  -26.25, 167.8
 27.72, 1547.7,  -26.13, 167.8
 27.74, 1548.9,  -26.25, 167.8
 27.76, 1550.0,  -26.00, 167.8
 27.78, 1551.1,  -26.13, 167.8
 27.80, 1552.2,  -26.13, 167.8
 27.82, 1553.3,  -26.00, 167.8
 27.84, 1554.5,  -26.13, 167.8
 27.86, 1555.6,  -26.00, 167.8
 27.88, 1556.7,  -25.88, 167.8
 27.90, 1557.7,  -26.00, 167.8
 27.92, 1558.9,  -25.88, 167.8
 27.94, 1560.1,  -25.88, 167.8
 27.96, 1561.2,  -26.00, 167.8
 27.98, 1562.2,  -25.75, 167.8
 28.00, 1563.3,  -25.88, 167.8
 28.02, 1564.5,  -26.00, 167.8
 28.04, 1565.6,  -25.75, 167.8
 28.06, 1566.7,  -25.88, 167.8
 28.08, 1567.7,  -25.88, 167.8
 28.10, 1568.9,  -25.75, 167.8
 28.12, 1569.9,  -25.88, 167.8
 28.14, 1570.9,  -25.88, 167.8
 28.16, 1572.1,  -25.75, 167.8
 28.18, 1573.2,  -25.88, 167.8
 28.20, 1574.3,  -25.88, 167.8
 28.22, 1575.3,  -26.00, 167.8
 28.24, 1576.5,  -25.88, 167.8
 28.26, 1577.5,  -26.00, 167.8
 28.28, 1578.7,  -26.13, 167.8
 28.30, 1579.7,  -26.00, 167.8
 28.32, 1580.9,  -26.25, 167.8
 28.34, 1582.0,  -26.13, 167.8
 28.36, 1583.1,  -26.25, 167.8
 28.38, 1584.2,  -26.50, 167.8
 28.40, 1585.3,  -26.25, 167.8
 28.42, 1586.5,  -26.50, 167.8
 28.44, 1587.6,  -26.50, 167.8
 28.46, 1588.7,  -26.63, 167.8
 28.48, 1589.9,  -26.50, 167.8
 28.50, 1590.9,  -26.75, 167.8
 28.52, 1592.1,  -26.75, 167.8
 28.54, 1593.3,  -26.75, 167.8
 28.56, 1594.4,  -27.00, 167.8
 28.58, 1595.5,  -26.75, 167.8
 28.60, 1596.7,  -27.00, 167.8
 28.62, 1597.9,  -27.00, 167.8
 28.64, 1599.0,  -27.13, 167.8
 28.66, 1600.2,  -27.13, 167.8
 28.68, 1601.3,  -27.38, 167.8
 28.70, 1602.6,  -27.13, 167.8
 28.72, 1603.7,  -27.50, 167.8
 28.74, 1605.0,  -27.38, 167.8
 28.76, 1606.1,  -27.50, 167.8
 28.78, 1607.4,  -27.38, 167.8
 28.80, 1608.5,  -27.63, 167.8
 28.82, 1609.7,  -27.38, 167.8
 28.84, 1610.9,  -27.63, 167.8
 28.86, 1612.1,  -27.50, 167.8
 28.88, 1613.3,  -27.75, 167.8
 28.90, 1614.5,  -27.50, 167.8
 28.92, 1615.7,  -27.88, 167.8
 28.94, 1616.9,  -27.63, 167.8
 28.96, 1618.1,  -27.75, 167.8
 28.98, 1619.3,  -27.63, 167.8
 29.00, 1620.5,  -27.75, 167.8
 29.02, 1621.7,  -27.63, 167.8
 29.04, 1622.9,  -27.88, 167.8
 29.06, 1624.2,  -27.50, 167.8
 29.08, 1625.3,  -27.75, 167.8
 29.10, 1626.6,  -27.63, 167.8
 29.12, 1627.7,  -27.75, 167.8
 29.14, 1629.0,  -27.50, 167.8
 29.16, 1630.1,  -27.63, 167.8
 29.18, 1631.3,  -27.50, 167.8
 29.20, 1632.5,  -27.50, 167.8
 29.22, 1633.7,  -27.63, 167.8
 29.24, 1634.7,  -27.25, 167.8
 29.26, 1635.9,  -27.50, 167.8
 29.28, 1637.1,  -27.38, 167.8
 29.30, 1638.3,  -27.50, 167.8
 29.32, 1639.4,  -27.25, 167.8
 29.34, 1640.6,  -27.38, 167.8
 29.36, 1641.8,  -27.38, 167.8
 29.38, 1642.9,  -27.00, 167.8
 29.40, 1643.9,  -27.38, 167.8
 29.42, 1645.1,  -27.13, 167.8
 29.44, 1646.3,  -27.00, 167.8
 29.46, 1647.5,  -27.25, 167.8
 29.48, 1648.6,  -26.88, 167.8
 29.50, 1649.7,  -27.00, 167.8
 29.52, 1650.7,  -27.13, 167.8
 29.54, 1651.9,  -26.75, 167.8
 29.56, 1653.0,  -27.00, 167.8
 29.58, 1654.1,  -27.00, 167.8
 29.60, 1655.1,  -26.75, 167.8
 29.62, 1656.3,  -27.00, 167.8
 29.64, 1657.4,  -26.88, 167.8
 29.66, 1658.5,  -26.88, 167.8
 29.68, 1659.5,  -27.00, 167.8
 29.70, 1660.7,  -26.75, 167.8
 29.72, 1661.8,  -27.00, 167.8
 29.74, 1662.8,  -26.88, 167.8
 29.76, 1663.9,  -26.88, 167.8
 29.78, 1665.1,  -27.13, 167.8
 29.80, 1666.2,  -26.88, 167.8
 29.82, 1667.3,  -27.13, 167.8
 29.84, 1668.3,  -27.13, 167.8
 29.86, 1669.5,  -26.88, 167.8
 29.88, 1670.6,  -27.13, 167.8
 29.90, 1671.7,  -27.00, 167.8
 29.92, 1672.7,  -27.13, 167.8
 29.94, 1673.9,  -27.38, 167.8
 29.96, 1675.0,  -27.13, 167.8
 29.98, 1676.2,  -27.38, 167.8
 30.00, 1677.1,  -27.38, 167.8
 30.02, 1678.3,  -27.50, 167.8
 30.04, 1679.5,  -27.50, 167.8
 30.06, 1680.6,  -27.63, 167.8
 30.08, 1681.8,  -27.75, 167.8
 30.10, 1682.8,  -27.63, 167.8
 30.12, 1683.9,  -27.88, 167.8
 30.14, 1685.1,  -27.75, 167.8
 30.16, 1686.3,  -28.00, 167.8
 30.18, 1687.5,  -27.88, 167.8
 30.20, 1688.7,  -28.13, 167.8
 30.22, 1689.9,  -27.88, 167.8
 30.24, 1691.0,  -28.25, 167.8
 30.26, 1692.2,  -28.00, 167.8
 30.28, 1693.4,  -28.25, 167.8
 30.30, 1694.6,  -28.13, 167.8
 30.32, 1695.7,  -28.38, 167.8
 30.34, 1696.9,  -28.13, 167.8
 30.36, 1698.0,  -28.63, 167.8
 30.38, 1699.1,  -28.38, 167.8
 30.40, 1700.3,  -28.63, 167.8
 30.42, 1701.5,  -28.50, 167.8
 30.44, 1702.7,  -28.75, 167.8
 30.46, 1704.1,  -28.50, 167.8
 30.48, 1705.3,  -28.88, 167.8
 30.50, 1706.5,  -28.63, 167.8
 30.52, 1707.7,  -28.75, 167.8
 30.54, 1709.0,  -28.63, 167.8
 30.56, 1710.2,  -28.88, 167.8
 30.58, 1711.5,  -28.50, 167.8
 30.60, 1712.7,  -28.88, 167.8
 30.62, 1713.9,  -28.63, 167.8
 30.64, 1715.1,  -28.75, 167.8
 30.66, 1716.3,  -28.63, 167.8
 30.68, 1717.5,  -28.88, 167.8
 30.70, 1718.7,  -28.50, 167.8
 30.72, 1719.9,  -28.88, 167.8
 30.74, 1721.1,  -28.50, 167.8
 30.76, 1722.3,  -28.75, 167.8
 30.78, 1723.4,  -28.50, 167.8
 30.80, 1724.7,  -28.75, 167.8
 30.82, 1726.0,  -28.75, 167.8
 30.84, 1727.1,  -28.75, 167.8
 30.86, 1728.3,  -28.38, 167.8
 30.88, 1729.4,  -28.50, 167.8
 30.90, 1730.7,  -28.50, 167.8
 30.92, 1731.8,  -28.38, 167.8
 30.94, 1733.0,  -28.38, 167.8
 30.96, 1734.1,  -28.25, 167.8
 30.98, 1735.2,  -28.38, 167.8
 31.00, 1736.4,  -28.13, 167.8
 31.02, 1737.6,  -28.25, 167.8
 31.04, 1738.8,  -28.25, 167.8
 31.06, 1739.9,  -28.00, 167.8
 31.08, 1741.0,  -28.25, 167.8
 31.10, 1742.0,  -28.00, 167.8
 31.12, 1743.1,  -28.00, 167.8
 31.14, 1744.3,  -28.00, 167.8
 31.16, 1745.5,  -28.00, 167.8
 31.18, 1746.6,  -28.00, 167.8
 31.20, 1747.6,  -27.75, 167.8
 31.22, 1748.6,  -27.75, 167.8
 31.24, 1749.8,  -28.00, 167.8
 31.26, 1751.0,  -27.75, 167.8
 31.28, 1752.2,  -28.00, 167.8
 31.30, 1753.2,  -27.88, 167.8
 31.32, 1754.3,  -27.88, 167.8
 31.34, 1755.4,  -28.00, 167.8
 31.36, 1756.6,  -27.75, 167.8
 31.38, 1757.6,  -28.00, 167.8
 31.40, 1758.8,  -28.00, 167.8
 31.42, 1759.8,  -27.88, 167.8
 31.44, 1761.0,  -28.13, 167.8
 31.46, 1762.1,  -28.00, 167.8
 31.48, 1763.2,  -28.13, 167.8
 31.50, 1764.2,  -28.00, 167.8
 31.52, 1765.4,  -28.25, 167.8
 31.54, 1766.6,  -28.13, 167.8
 31.56, 1767.7,  -28.13, 167.8
 31.58, 1768.8,  -28.38, 167.8
 31.60, 1770.0,  -28.13, 167.8
 31.62, 1771.2,  -28.13, 167.8
 31.64, 1772.3,  -28.38, 167.8
 31.66, 1773.5,  -28.50, 167.8
 31.68, 1774.7,  -28.38, 167.8
 31.70, 1775.8,  -28.75, 167.8
 31.72, 1776.9,  -28.50, 167.8
 31.74, 1778.1,  -28.63, 167.8
 31.76, 1779.3,  -28.75, 167.8
 31.78, 1780.4,  -28.88, 167.8
 31.80, 1781.6,  -28.88, 167.8
 31.82, 1782.7,  -29.00, 167.8
 31.84, 1783.9,  -29.00, 167.8
 31.86, 1785.1,  -29.00, 167.8
 31.88, 1786.3,  -29.13, 167.8
 31.90, 1787.5,  -29.25, 167.8
 31.92, 1788.7,  -29.13, 167.8
 31.94, 1789.9,  -29.38, 167.8
 31.96, 1791.1,  -29.25, 167.8
 31.98, 1792.3,  -29.38, 167.8
 32.00, 1793.5,  -29.38, 167.8
 32.02, 1794.7,  -29.38, 167.8
 32.04, 1796.0,  -29.25, 163.1
 32.06, 1797.1,  -29.63, 163.1
 32.08, 1798.4,  -29.38, 163.1
 32.10, 1799.6,  -29.50, 163.1
 32.12, 1800.9,  -29.50, 163.1
 32.14, 1802.1,  -29.63, 163.1
 32.16, 1803.3,  -29.50, 163.1
 32.18, 1804.5,  -29.75, 163.1
 32.20, 1805.7,  -29.50, 163.1
 32.22, 1806.9,  -29.63, 163.1
 32.24, 1808.1,  -29.50, 163.1
 32.26, 1809.3,  -29.63, 163.1
 32.28, 1810.5,  -29.50, 163.1
 32.30, 1811.7,  -29.63, 163.1
 32.32, 1812.9,  -29.50, 163.1
 32.34, 1814.2,  -29.63, 163.1
 32.36, 1815.4,  -29.50, 163.1
 32.38, 1816.6,  -29.63, 163.1
 32.40, 1817.9,  -29.38, 163.1
 32.42, 1819.2,  -29.38, 163.1
 32.44, 1820.5,  -29.38, 163.1
 32.46, 1821.6,  -29.50, 163.1
 32.48, 1822.7,  -29.25, 163.1
 32.50, 1823.9,  -29.38, 163.1
 32.52, 1825.1,  -29.13, 163.1
 32.54, 1826.3,  -29.25, 163.1
 32.56, 1827.5,  -29.38, 163.1
 32.58, 1828.7,  -29.13, 163.1
 32.60, 1829.9,  -29.25, 163.1
 32.62, 1830.9,  -29.13, 163.1
 32.64, 1832.1,  -29.25, 163.1
 32.66, 1833.3,  -29.00, 163.1
 32.68, 1834.4,  -29.13, 163.1
 32.70, 1835.5,  -29.00, 163.1
 32.72, 1836.7,  -28.88, 163.1
 32.74, 1837.9,  -29.13, 163.1
 32.76, 1839.1,  -28.88, 163.1
 32.78, 1840.2,  -29.00, 163.1
 32.80, 1841.3,  -29.00, 163.1
 32.82, 1842.4,  -29.00, 163.1
 32.84, 1843.5,  -29.00, 163.1
 32.86, 1844.7,  -28.88, 163.1
 32.88, 1845.9,  -28.88, 163.1
 32.90, 1846.9,  -28.88, 163.1
 32.92, 1847.9,  -28.88, 163.1
 32.94, 1849.1,  -29.00, 163.1
 32.96, 1850.3,  -28.88, 163.1
 32.98, 1851.4,  -29.00, 163.1
 33.00, 1852.5,  -29.00, 163.1
 33.02, 1853.5,  -28.88, 163.1
 33.04, 1854.7,  -29.13, 163.1
 33.06, 1855.9,  -29.00, 163.1
 33.08, 1857.1,  -29.13, 163.1
 33.10, 1858.1,  -29.13, 163.1
 33.12, 1859.2,  -29.13, 163.1
 33.14, 1860.3,  -29.13, 163.1
 33.16, 1861.5,  -29.13, 163.1
 33.18, 1862.7,  -29.38, 163.1
 33.20, 1863.9,  -29.13, 163.1
 33.22, 1865.1,  -29.13, 163.1
 33.24, 1866.2,  -29.38, 163.1
 33.26, 1867.3,  -29.38, 163.1
 33.28, 1868.5,  -29.50, 163.1
 33.30, 1869.7,  -29.50, 163.1
 33.32, 1870.9,  -29.63, 163.1
 33.34, 1872.0,  -29.63, 163.1
 33.36, 1873.1,  -29.88, 163.1
 33.38, 1874.3,  -29.63, 163.1
 33.40, 1875.4,  -29.88, 163.1
 33.42, 1876.7,  -29.88, 163.1
 33.44, 1877.7,  -30.00, 163.1
 33.46, 1878.9,  -29.88, 163.1
 33.48, 1880.1,  -30.13, 163.1
 33.50, 1881.3,  -30.00, 163.1
 33.52, 1882.5,  -30.13, 163.1
 33.54, 1883.7,  -30.13, 163.1
 33.56, 1884.9,  -30.25, 163.1
 33.58, 1886.1,  -30.13, 163.1
 33.60, 1887.3,  -30.38, 163.1
 33.62, 1888.5,  -30.38, 163.1
 33.64, 1889.7,  -30.38, 163.1
 33.66, 1890.9,  -30.38, 163.1
 33.68, 1892.1,  -30.38, 163.1
 33.70, 1893.3,  -30.38, 163.1
 33.72, 1894.5,  -30.50, 163.1
 33.74, 1895.7,  -30.38, 163.1
 33.76, 1896.9,  -30.50, 163.1
 33.78, 1898.1,  -30.50, 163.1
 33.80, 1899.3,  -30.50, 163.1
 33.82, 1900.6,  -30.50, 163.1
 33.84, 1901.7,  -30.63, 163.1
 33.86, 1903.1,  -30.50, 163.1
 33.88, 1904.2,  -30.50, 163.1
 33.90, 1905.5,  -30.50, 163.1
 33.92, 1906.6,  -30.63, 163.1
 33.94, 1907.9,  -30.38, 163.1
 33.96, 1908.9,  -30.63, 163.1
 33.98, 1910.2,  -30.38, 163.1
 34.00, 1911.3,  -30.50, 163.1
 34.02, 1912.5,  -30.38, 163.1
 34.04, 1913.7,  -30.50, 163.1
 34.06, 1914.9,  -30.25, 163.1
 34.08, 1916.1,  -30.38, 163.1
 34.10, 1917.3,  -30.38, 163.1
 34.12, 1918.5,  -30.25, 163.1
 34.14, 1919.7,  -30.38, 163.1
 34.16, 1920.8,  -30.25, 163.1
 34.18, 1922.0,  -30.38, 163.1
 34.20, 1923.1,  -30.13, 163.1
 34.22, 1924.3,  -30.25, 163.1
 34.24, 1925.5,  -30.13, 163.1
 34.26, 1926.5,  -30.00, 163.1
 34.28, 1927.7,  -30.25, 163.1
 34.30, 1928.9,  -30.00, 163.1
 34.32, 1930.1,  -30.00, 163.1
 34.34, 1931.1,  -30.13, 163.1
 34.36, 1932.1,  -29.88, 163.1
 34.38, 1933.3,  -30.00, 163.1
 34.40, 1934.5,  -30.00, 163.1
 34.42, 1935.6,  -30.00, 163.1
 34.44, 1936.7,  -30.00, 169.1
 34.46, 1937.7,  -30.00, 169.1
 34.48, 1938.9,  -30.13, 169.1
 34.50, 1940.1,  -29.88, 169.1
 34.52, 1941.3,  -30.13, 169.1
 34.54, 1942.3,  -30.13, 169.1
 34.56, 1943.3,  -29.88, 169.1
 34.58, 1944.5,  -30.25, 169.1
 34.60, 1945.7,  -30.00, 169.1
 34.62, 1946.9,  -30.00, 169.1
 34.64, 1947.9,  -30.13, 169.1
 34.66, 1948.9,  -30.00, 169.1
 34.68, 1950.1,  -30.13, 169.1
 34.70, 1951.3,  -30.13, 169.1
 34.72, 1952.3,  -30.25, 169.1
 34.74, 1953.5,  -30.25, 169.1
 34.76, 1954.5,  -30.13, 169.1
 34.78, 1955.7,  -30.50, 169.1
 34.80, 1956.9,  -30.13, 169.1
 34.82, 1957.9,  -30.50, 169.1
 34.84, 1959.1,  -30.38, 169.1
 34.86, 1960.2,  -30.50, 169.1
 34.88, 1961.4,  -30.50, 169.1
 34.90, 1962.5,  -30.63, 169.1
 34.92, 1963.7,  -30.63, 169.1
 34.94, 1964.9,  -30.63, 169.1
 34.96, 1966.1,  -30.88, 169.1
 34.98, 1967.1,  -30.75, 169.1
 35.00, 1968.3,  -31.00, 169.1
 35.02, 1969.5,  -30.88, 169.1
 35.04, 1970.7,  -31.00, 169.1
 35.06, 1971.8,  -30.88, 169.1
 35.08, 1972.9,  -31.13, 169.1
 35.10, 1974.2,  -31.00, 169.1
 35.12, 1975.3,  -31.25, 169.1
 35.14, 1976.5,  -31.13, 169.1
 35.16, 1977.7,  -31.38, 169.1
 35.18, 1978.9,  -31.13, 169.1
 35.20, 1980.1,  -31.50, 169.1
 35.22, 1981.3,  -31.25, 169.1
 35.24, 1982.4,  -31.50, 169.1
 35.26, 1983.7,  -31.25, 169.1
 35.28, 1984.8,  -31.63, 169.1
 35.30, 1986.1,  -31.25, 169.1
 35.32, 1987.3,  -31.63, 169.1
 35.34, 1988.5,  -31.50, 169.1
 35.36, 1989.7,  -31.63, 169.1
 35.38, 1990.9,  -31.38, 169.1
 35.40, 1992.1,  -31.63, 169.1
 35.42, 1993.3,  -31.38, 169.1
 35.44, 1994.4,  -31.63, 169.1
 35.46, 1995.7,  -31.50, 169.1
 35.48, 1996.7,  -31.50, 169.1
 35.50, 1997.9,  -31.38, 169.1
 35.52, 1999.1,  -31.63, 169.1
 35.54, 2000.3,  -31.50, 169.1
 35.56, 2001.5,  -31.50, 169.1
 35.58, 2002.7,  -31.63, 169.1
 35.60, 2003.9,  -31.50, 169.1
 35.62, 2005.1,  -31.50, 169.1
 35.64, 2006.3,  -31.38, 169.1
 35.66, 2007.5,  -31.50, 169.1
 35.68, 2008.7,  -31.13, 169.1
 35.70, 2009.9,  -31.50, 169.1
 35.72, 2011.1,  -31.25, 169.1
 35.74, 2012.3,  -31.38, 169.1
 35.76, 2013.4,  -31.38, 169.1
 35.78, 2014.5,  -31.13, 169.1
 35.80, 2015.8,  -31.38, 169.1
 35.82, 2016.7,  -31.00, 169.1
 35.84, 2017.9,  -31.25, 169.1
 35.86, 2019.1,  -31.13, 169.1
 35.88, 2020.3,  -31.13, 169.1
 35.90, 2021.4,  -31.25, 169.1
 35.92, 2022.5,  -31.00, 169.1
 35.94, 2023.6,  -31.13, 169.1
 35.96, 2024.7,  -31.00, 169.1
 35.98, 2025.9,  -31.13, 169.1
 36.00, 2027.1,  -31.13, 169.1
 36.02, 2028.2,  -31.00, 169.1
 36.04, 2029.4,  -31.13, 169.1
 36.06, 2030.3,  -31.00, 169.1
 36.08, 2031.5,  -31.13, 169.1
 36.10, 2032.7,  -31.25, 169.1
 36.12, 2033.9,  -30.88, 169.1
 36.14, 2035.0,  -31.25, 169.1
 36.16, 2036.0,  -31.00, 169.1
 36.18, 2037.1,  -31.00, 169.1
 36.20, 2038.3,  -31.25, 169.1
 36.22, 2039.4,  -31.00, 169.1
 36.24, 2040.6,  -31.25, 169.1
 36.26, 2041.5,  -31.13, 169.1
 36.28, 2042.7,  -31.38, 169.1
 36.30, 2043.9,  -31.25, 169.1
 36.32, 2045.0,  -31.25, 169.1
 36.34, 2046.2,  -31.50, 169.1
 36.36, 2047.1,  -31.25, 169.1
 36.38, 2048.3,  -31.50, 169.1
 36.40, 2049.5,  -31.38, 169.1
 36.42, 2050.7,  -31.63, 169.1
 36.44, 2051.9,  -31.38, 169.1
 36.46, 2053.0,  -31.63, 169.1
 36.48, 2054.2,  -31.63, 169.1
 36.50, 2055.3,  -31.50, 169.1
 36.52, 2056.4,  -31.88, 169.1
 36.54, 2057.5,  -31.63, 169.1
 36.56, 2058.7,  -31.88, 169.1
 36.58, 2059.9,  -31.75, 169.1
 36.60, 2061.1,  -32.00, 169.1
 36.62, 2062.3,  -31.75, 169.1
 36.64, 2063.5,  -32.13, 169.1
 36.66, 2064.6,  -31.88, 169.1
 36.68, 2065.7,  -32.13, 169.1
 36.70, 2067.0,  -32.00, 169.1
 36.72, 2068.1,  -32.38, 169.1
 36.74, 2069.4,  -32.13, 169.1
 36.76, 2070.5,  -32.38, 169.1
 36.78, 2071.8,  -32.25, 169.1
 36.80, 2072.9,  -32.38, 169.1
 36.82, 2074.2,  -32.25, 169.1
 36.84, 2075.4,  -32.50, 169.1
 36.86, 2076.7,  -32.38, 169.1
 36.88, 2077.9,  -32.50, 169.1
 36.90, 2079.1,  -32.50, 169.1
 36.92, 2080.3,  -32.50, 169.1
 36.94, 2081.5,  -32.50, 169.1
 36.96, 2082.7,  -32.63, 169.1
 36.98, 2083.9,  -32.63, 169.1
 37.00, 2085.1,  -32.50, 169.1
 37.02, 2086.3,  -32.63, 169.1
 37.04, 2087.5,  -32.50, 169.1
 37.06, 2088.7,  -32.63, 169.1
 37.08, 2089.9,  -32.50, 169.1
 37.10, 2091.1,  -32.75, 169.1
 37.12, 2092.3,  -32.38, 169.1
 37.14, 2093.5,  -32.75, 169.1
 37.16, 2094.7,  -32.50, 169.1
 37.18, 2095.9,  -32.75, 169.1
 37.20, 2097.0,  -32.50, 169.1
 37.22, 2098.2,  -32.75, 169.1
 37.24, 2099.5,  -32.50, 159.0
 37.26, 2100.7,  -32.63, 159.0
 37.28, 2101.8,  -32.50, 159.0
 37.30, 2103.0,  -32.50, 159.0
 37.32, 2104.2,  -32.38, 159.0
 37.34, 2105.4,  -32.38, 159.0
 37.36, 2106.6,  -32.38, 159.0
 37.38, 2107.8,  -32.13, 159.0
 37.40, 2109.0,  -32.50, 159.0
 37.42, 2110.2,  -32.13, 159.0
 37.44, 2111.4,  -32.38, 159.0
 37.46, 2112.6,  -32.13, 159.0
 37.48, 2113.7,  -32.38, 159.0
 37.50, 2115.0,  -32.13, 159.0
 37.52, 2116.0,  -32.38, 159.0
 37.54, 2117.2,  -32.25, 159.0
 37.56, 2118.4,  -32.13, 159.0
 37.58, 2119.6,  -32.38, 159.0
 37.60, 2120.7,  -32.00, 159.0
 37.62, 2121.8,  -32.13, 159.0
 37.64, 2123.0,  -32.13, 159.0
 37.66, 2124.2,  -32.13, 159.0
 37.68, 2125.4,  -32.13, 159.0
 37.70, 2126.4,  -32.00, 159.0
 37.72, 2127.6,  -32.25, 159.0
 37.74, 2128.6,  -31.88, 159.0
 37.76, 2129.8,  -32.13, 159.0
 37.78, 2131.0,  -32.13, 159.0
 37.80, 2132.1,  -32.13, 159.0
 37.82, 2133.2,  -32.13, 159.0
 37.84, 2134.4,  -32.13, 159.0
 37.86, 2135.6,  -32.38, 159.0
 37.88, 2136.6,  -32.13, 159.0
 37.90, 2137.8,  -32.38, 159.0
 37.92, 2139.0,  -32.25, 159.0
 37.94, 2140.1,  -32.38, 159.0
 37.96, 2141.3,  -32.38, 159.0
 37.98, 2142.3,  -32.38, 159.0
 38.00, 2143.5,  -32.38, 159.0
 38.02, 2144.7,  -32.38, 159.0
 38.04, 2145.8,  -32.63, 159.0
 38.06, 2146.9,  -32.38, 159.0
 38.08, 2148.1,  -32.63, 159.0
 38.10, 2149.3,  -32.50, 159.0
 38.12, 2150.4,  -32.75, 159.0
 38.14, 2151.6,  -32.50, 159.0
 38.16, 2152.7,  -32.88, 159.0
 38.18, 2153.9,  -32.63, 159.0
 38.20, 2155.1,  -32.88, 159.0
 38.22, 2156.3,  -32.88, 159.0
 38.24, 2157.5,  -33.13, 159.0
 38.26, 2158.7,  -32.88, 159.0
 38.28, 2159.9,  -33.25, 159.0
 38.30, 2161.1,  -33.00, 159.0
 38.32, 2162.3,  -33.13, 159.0
 38.34, 2163.5,  -33.13, 159.0
 38.36, 2164.7,  -33.38, 159.0
 38.38, 2165.9,  -33.13, 159.0
 38.40, 2167.1,  -33.38, 159.0
 38.42, 2168.3,  -33.25, 159.0
 38.44, 2169.6,  -33.38, 159.0
 38.46, 2170.8,  -33.38, 159.0
 38.48, 2172.0,  -33.38, 159.0
 38.50, 2173.3,  -33.50, 159.0
 38.52, 2174.4,  -33.38, 159.0
 38.54, 2175.7,  -33.63, 159.0
 38.56, 2176.9,  -33.38, 159.0
 38.58, 2178.1,  -33.63, 159.0
 38.60, 2179.3,  -33.50, 159.0
 38.62, 2180.5,  -33.75, 159.0
 38.64, 2181.8,  -33.50, 159.0
 38.66, 2183.1,  -33.75, 159.0
 38.68, 2184.3,  -33.63, 159.0
 38.70, 2185.5,  -33.63, 159.0
 38.72, 2186.7,  -33.63, 159.0
 38.74, 2187.9,  -33.63, 159.0
 38.76, 2189.1,  -33.50, 159.0
 38.78, 2190.4,  -33.63, 159.0
 38.80, 2191.6,  -33.50, 159.0
 38.82, 2192.8,  -33.50, 159.0
 38.84, 2194.1,  -33.50, 159.0
 38.86, 2195.2,  -33.63, 159.0
 38.88, 2196.5,  -33.38, 159.0
 38.90, 2197.6,  -33.50, 159.0
 38.92, 2198.8,  -33.50, 159.0
 38.94, 2200.0,  -33.50, 159.0
 38.96, 2201.1,  -33.38, 159.0
 38.98, 2202.3,  -33.63, 159.0
 39.00, 2203.5,  -33.38, 159.0
 39.02, 2204.7,  -33.50, 159.0
 39.04, 2205.9,  -33.38, 159.0
 39.06, 2207.1,  -33.50, 159.0
 39.08, 2208.3,  -33.25, 159.0
 39.10, 2209.5,  -33.38, 159.0
 39.12, 2210.7,  -33.38, 159.0
 39.14, 2211.9,  -33.13, 159.0
 39.16, 2213.1,  -33.38, 159.0
 39.18, 2214.3,  -33.13, 159.0
 39.20, 2215.3,  -33.13, 159.0
 39.22, 2216.5,  -33.00, 159.0
 39.24, 2217.5,  -33.13, 159.0
 39.26, 2218.7,  -33.13, 159.0
 39.28, 2219.9,  -33.00, 159.0
 39.30, 2221.1,  -33.25, 159.0
 39.32, 2222.2,  -33.13, 159.0
 39.34, 2223.3,  -33.25, 159.0
 39.36, 2224.5,  -33.13, 159.0
 39.38, 2225.5,  -33.25, 159.0
 39.40, 2226.7,  -33.13, 159.0
 39.42, 2227.9,  -33.13, 159.0
 39.44, 2229.1,  -33.38, 159.0
 39.46, 2230.3,  -33.13, 159.0
 39.48, 2231.4,  -33.38, 159.0
 39.50, 2232.5,  -33.25, 159.0
 39.52, 2233.5,  -33.25, 159.0
 39.54, 2234.7,  -33.25, 159.0
 39.56, 2235.9,  -33.25, 159.0
 39.58, 2237.1,  -33.38, 159.0
 39.60, 2238.3,  -33.25, 159.0
 39.62, 2239.3,  -33.63, 159.0
 39.64, 2240.5,  -33.38, 159.0
 39.66, 2241.5,  -33.63, 159.0
 39.68, 2242.7,  -33.50, 159.0
 39.70, 2243.9,  -33.63, 159.0
 39.72, 2245.1,  -33.50, 159.0
 39.74, 2246.3,  -33.88, 159.0
 39.76, 2247.5,  -33.75, 159.0
 39.78, 2248.6,  -33.88, 159.0
 39.80, 2249.8,  -33.88, 159.0
 39.82, 2250.9,  -33.88, 159.0
 39.84, 2252.1,  -33.88, 159.0
 39.86, 2253.3,  -34.00, 159.0
 39.88, 2254.5,  -34.13, 159.0
 39.90, 2255.7,  -34.00, 159.0
 39.92, 2256.9,  -34.13, 159.0
 39.94, 2258.1,  -34.13, 159.0
 39.96, 2259.3,  -34.25, 159.0
 39.98, 2260.5,  -34.13, 159.0
 40.00, 2261.6,  -34.38, 159.0
 40.02, 2262.8,  -34.25, 159.0
 40.04, 2263.9,  -34.25, 159.0
 40.06, 2265.2,  -34.50, 159.0
 40.08, 2266.3,  -34.50, 159.0
 40.10, 2267.6,  -34.50, 159.0
 40.12, 2268.7,  -34.50, 159.0
 40.14, 2270.1,  -34.63, 159.0
 40.16, 2271.3,  -34.50, 159.0
 40.18, 2272.5,  -34.63, 159.0
 40.20, 2273.7,  -34.50, 159.0
 40.22, 2274.9,  -34.63, 159.0
 40.24, 2276.2,  -34.50, 159.0
 40.26, 2277.4,  -34.75, 159.0
 40.28, 2278.6,  -34.50, 159.0
 40.30, 2279.8,  -34.63, 159.0
 40.32, 2281.1,  -34.63, 159.0
 40.34, 2282.2,  -34.75, 159.0
 40.36, 2283.5,  -34.50, 159.0
 40.38, 2284.6,  -34.63, 159.0
 40.40, 2285.8,  -34.63, 159.0
 40.42, 2286.9,  -34.63, 159.0
 40.44, 2288.1,  -34.63, 159.0
 40.46, 2289.2,  -34.63, 159.0
 40.48, 2290.4,  -34.50, 159.0
 40.50, 2291.5,  -34.50, 159.0
 40.52, 2292.7,  -34.63, 159.0
 40.54, 2293.9,  -34.38, 159.0
 40.56, 2295.1,  -34.63, 159.0
 40.58, 2296.3,  -34.50, 159.0
 40.60, 2297.5,  -34.63, 159.0
 40.62, 2298.7,  -34.38, 159.0
 40.64, 2299.7,  -34.50, 159.0
 40.66, 2300.9,  -34.38, 159.0
 40.68, 2302.1,  -34.38, 159.0
 40.70, 2303.3,  -34.50, 159.0
 40.72, 2304.5,  -34.25, 159.0
 40.74, 2305.7,  -34.38, 159.0
 40.76, 2306.7,  -34.25, 159.0
 40.78, 2307.9,  -34.38, 159.0
 40.80, 2309.0,  -34.25, 159.0
 40.82, 2310.0,  -34.13, 159.0
 40.84, 2311.2,  -34.38, 159.0
 40.86, 2312.4,  -34.13, 159.0
 40.88, 2313.5,  -34.38, 159.0
 40.90, 2314.6,  -34.25, 159.0
 40.92, 2315.8,  -34.38, 159.0
 40.94, 2316.9,  -34.25, 159.0
 40.96, 2318.0,  -34.25, 159.0
 40.98, 2319.2,  -34.50, 159.0
 41.00, 2320.3,  -34.13, 159.0
 41.02, 2321.4,  -34.38, 159.0
 41.04, 2322.6,  -34.38, 159.0
 41.06, 2323.7,  -34.25, 159.0
 41.08, 2324.8,  -34.50, 159.0
 41.10, 2326.0,  -34.25, 159.0
 41.12, 2327.2,  -34.50, 159.0
 41.14, 2328.2,  -34.38, 159.0
 41.16, 2329.4,  -34.50, 159.0
 41.18, 2330.5,  -34.50, 159.0
 41.20, 2331.6,  -34.38, 159.0
 41.22, 2332.8,  -34.75, 159.0
 41.24, 2333.8,  -34.50, 159.0
 41.26, 2335.0,  -34.75, 159.0
 41.28, 2336.2,  -34.63, 159.0
 41.30, 2337.4,  -34.88, 159.0
 41.32, 2338.5,  -34.63, 159.0
 41.34, 2339.6,  -35.00, 159.0
 41.36, 2340.8,  -34.88, 159.0
 41.38, 2342.0,  -34.88, 159.0
 41.40, 2343.2,  -34.88, 159.0
 41.42, 2344.3,  -35.00, 159.0
 41.44, 2345.4,  -35.13, 159.0
 41.46, 2346.6,  -35.00, 159.0
 41.48, 2347.8,  -35.25, 159.0
 41.50, 2349.0,  -35.00, 159.0
 41.52, 2350.2,  -35.25, 159.0
 41.54, 2351.4,  -35.13, 159.0
 41.56, 2352.5,  -35.38, 159.0
 41.58, 2353.7,  -35.13, 159.0
 41.60, 2354.9,  -35.50, 159.0
 41.62, 2356.1,  -35.38, 159.0
 41.64, 2357.3,  -35.50, 159.0
 41.66, 2358.5,  -35.38, 159.0
 41.68, 2359.7,  -35.63, 159.0
 41.70, 2360.9,  -35.50, 159.0
 41.72, 2362.1,  -35.63, 159.0
 41.74, 2363.3,  -35.63, 159.0
 41.76, 2364.5,  -35.63, 159.0
 41.78, 2365.7,  -35.63, 159.0
 41.80, 2367.0,  -35.75, 159.0
 41.82, 2368.2,  -35.63, 159.0
 41.84, 2369.4,  -35.75, 159.0
 41.86, 2370.6,  -35.63, 159.0
 41.88, 2371.8,  -35.88, 159.0
 41.90, 2373.0,  -35.50, 159.0
 41.92, 2374.2,  -35.75, 159.0
 41.94, 2375.4,  -35.63, 159.0
 41.96, 2376.6,  -35.75, 159.0
 41.98, 2377.8,  -35.50, 159.0
 42.00, 2378.9,  -35.88, 159.0
 42.02, 2380.1,  -35.50, 159.0
 42.04, 2381.3,  -35.75, 154.6
 42.06, 2382.5,  -35.63, 154.6
 42.08, 2383.7,  -35.88, 154.6
 42.10, 2384.9,  -35.50, 154.6
 42.12, 2386.1,  -35.88, 154.6
 42.14, 2387.3,  -35.50, 154.6
 42.16, 2388.5,  -35.75, 154.6
 42.18, 2389.7,  -35.50, 154.6
 42.20, 2390.9,  -35.75, 154.6
 42.22, 2392.1,  -35.50, 154.6
 42.24, 2393.2,  -35.50, 154.6
 42.26, 2394.4,  -35.63, 154.6
 42.28, 2395.4,  -35.25, 154.6
 42.30, 2396.6,  -35.50, 154.6
 42.32, 2397.8,  -35.38, 154.6
 42.34, 2399.0,  -35.50, 154.6
 42.36, 2400.2,  -35.25, 154.6
 42.38, 2401.4,  -35.63, 154.6
 42.40, 2402.5,  -35.50, 154.6
 42.42, 2403.6,  -35.38, 154.6
 42.44, 2404.8,  -35.63, 154.6
 42.46, 2405.8,  -35.38, 154.6
 42.48, 2407.0,  -35.50, 154.6
 42.50, 2408.2,  -35.25, 154.6
 42.52, 2409.4,  -35.50, 154.6
 42.54, 2410.6,  -35.38, 154.6
 42.56, 2411.7,  -35.38, 154.6
 42.58, 2412.9,  -35.63, 154.6
 42.60, 2414.0,  -35.25, 154.6
 42.62, 2415.0,  -35.50, 154.6
 42.64, 2416.2,  -35.38, 154.6
 42.66, 2417.4,  -35.50, 154.6
 42.68, 2418.6,  -35.38, 154.6
 42.70, 2419.7,  -35.38, 154.6
 42.72, 2420.9,  -35.63, 154.6
 42.74, 2421.8,  -35.25, 154.6
 42.76, 2422.9,  -35.63, 154.6
 42.78, 2424.1,  -35.50, 154.6
 42.80, 2425.3,  -35.75, 154.6
 42.82, 2426.5,  -35.50, 154.6
 42.84, 2427.7,  -35.88, 154.6
 42.86, 2428.8,  -35.63, 154.6
 42.88, 2429.9,  -35.88, 154.6
 42.90, 2431.1,  -35.88, 154.6
 42.92, 2432.2,  -36.00, 154.6
 42.94, 2433.3,  -35.88, 154.6
 42.96, 2434.5,  -36.00, 154.6
 42.98, 2435.7,  -36.00, 154.6
 43.00, 2436.9,  -35.88, 154.6
 43.02, 2438.1,  -36.13, 154.6
 43.04, 2439.3,  -36.00, 154.6
 43.06, 2440.5,  -36.13, 154.6
 43.08, 2441.7,  -36.00, 154.6
 43.10, 2442.9,  -36.38, 154.6
 43.12, 2444.1,  -36.25, 154.6
 43.14, 2445.3,  -36.25, 154.6
 43.16, 2446.5,  -36.38, 154.6
 43.18, 2447.7,  -36.38, 154.6
 43.20, 2448.9,  -36.50, 154.6
 43.22, 2450.1,  -36.50, 154.6
 43.24, 2451.3,  -36.75, 154.6
 43.26, 2452.5,  -36.38, 154.6
 43.28, 2453.7,  -36.75, 154.6
 43.30, 2454.9,  -36.50, 154.6
 43.32, 2456.1,  -36.75, 154.6
 43.34, 2457.3,  -36.50, 154.6
 43.36, 2458.5,  -36.88, 154.6
 43.38, 2459.9,  -36.63, 154.6
 43.40, 2461.1,  -36.75, 154.6
 43.42, 2462.3,  -36.75, 154.6
 43.44, 2463.5,  -36.75, 154.6
 43.46, 2464.8,  -36.63, 154.6
 43.48, 2466.0,  -36.75, 154.6
 43.50, 2467.3,  -36.88, 154.6
 43.52, 2468.5,  -36.63, 154.6
 43.54, 2469.7,  -36.88, 154.6
 43.56, 2470.9,  -36.75, 154.6
 43.58, 2472.1,  -36.88, 154.6
 43.60, 2473.3,  -36.50, 154.6
 43.62, 2474.5,  -37.00, 154.6
 43.64, 2475.7,  -36.63, 154.6
 43.66, 2476.9,  -36.88, 154.6
 43.68, 2478.1,  -36.63, 154.6
 43.70, 2479.4,  -36.88, 154.6
 43.72, 2480.7,  -36.50, 154.6
 43.74, 2481.9,  -36.88, 154.6
 43.76, 2483.1,  -36.50, 154.6
 43.78, 2484.3,  -36.75, 154.6
 43.80, 2485.5,  -36.50, 154.6
 43.82, 2486.7,  -36.75, 154.6
 43.84, 2487.9,  -36.50, 154.6
 43.86, 2489.1,  -36.50, 154.6
 43.88, 2490.3,  -36.50, 154.6
 43.90, 2491.4,  -36.63, 154.6
 43.92, 2492.6,  -36.50, 154.6
 43.94, 2493.7,  -36.50, 154.6
 43.96, 2494.9,  -36.63, 154.6
 43.98, 2496.1,  -36.38, 154.6
 44.00, 2497.3,  -36.63, 154.6
 44.02, 2498.5,  -36.38, 154.6
 44.04, 2499.7,  -36.50, 154.6
 44.06, 2500.9,  -36.25, 154.6
 44.08, 2502.0,  -36.63, 154.6
 44.10, 2503.2,  -36.25, 154.6
 44.12, 2504.4,  -36.50, 154.6
 44.14, 2505.5,  -36.50, 154.6
 44.16, 2506.7,  -36.50, 154.6
 44.18, 2507.9,  -36.50, 154.6
 44.20, 2509.1,  -36.38, 154.6
 44.22, 2510.2,  -36.63, 154.6
 44.24, 2511.3,  -36.25, 154.6
 44.26, 2512.5,  -36.50, 154.6
 44.28, 2513.7,  -36.38, 154.6
 44.30, 2514.8,  -36.50, 154.6
 44.32, 2515.9,  -36.38, 154.6
 44.34, 2517.0,  -36.63, 154.6
 44.36, 2518.2,  -36.50, 154.6
 44.38, 2519.4,  -36.63, 154.6
 44.40, 2520.6,  -36.75, 154.6
 44.42, 2521.7,  -36.75, 154.6
 44.44, 2522.9,  -36.75, 150.2
 44.46, 2524.0,  -36.75, 150.2
 44.48, 2525.2,  -36.88, 150.2
 44.50, 2526.4,  -36.75, 150.2
 44.52, 2527.6,  -36.88, 150.2
 44.54, 2528.8,  -36.88, 150.2
 44.56, 2530.0,  -37.00, 150.2
 44.58, 2531.2,  -36.88, 150.2
 44.60, 2532.3,  -37.13, 150.2
 44.62, 2533.6,  -36.88, 150.2
 44.64, 2534.7,  -37.13, 150.2
 44.66, 2535.9,  -37.13, 150.2
 44.68, 2537.1,  -37.25, 150.2
 44.70, 2538.3,  -37.13, 150.2
 44.72, 2539.4,  -37.25, 150.2
 44.74, 2540.7,  -37.38, 150.2
 44.76, 2541.9,  -37.25, 150.2
 44.78, 2543.1,  -37.38, 150.2
 44.80, 2544.3,  -37.50, 150.2
 44.82, 2545.6,  -37.63, 150.2
 44.84, 2546.7,  -37.38, 150.2
 44.86, 2548.0,  -37.75, 150.2
 44.88, 2549.2,  -37.50, 150.2
 44.90, 2550.5,  -37.63, 150.2
 44.92, 2551.8,  -37.63, 150.2
 44.94, 2553.0,  -37.75, 150.2
 44.96, 2554.2,  -37.50, 150.2
 44.98, 2555.4,  -37.63, 150.2
 45.00, 2556.6,  -37.63, 150.2
 45.02, 2557.8,  -37.63, 150.2
 45.04, 2559.0,  -37.63, 150.2
 45.06, 2560.2,  -37.75, 150.2
 45.08, 2561.4,  -37.88, 150.2
 45.10, 2562.7,  -37.63, 150.2
 45.12, 2564.0,  -37.88, 150.2
 45.14, 2565.1,  -37.75, 150.2
 45.16, 2566.4,  -37.88, 150.2
 45.18, 2567.6,  -37.75, 150.2
 45.20, 2568.8,  -38.00, 150.2
 45.22, 2570.2,  -37.75, 150.2
 45.24, 2571.4,  -37.88, 150.2
 45.26, 2572.6,  -37.75, 150.2
 45.28, 2573.8,  -37.88, 150.2
 45.30, 2575.0,  -37.63, 150.2
 45.32, 2576.2,  -37.88, 150.2
 45.34, 2577.4,  -37.75, 150.2
 45.36, 2578.6,  -37.75, 150.2
 45.38, 2579.8,  -37.63, 150.2
 45.40, 2581.0,  -37.88, 150.2
 45.42, 2582.2,  -37.50, 150.2
 45.44, 2583.4,  -37.63, 150.2
 45.46, 2584.6,  -37.63, 150.2
 45.48, 2585.8,  -37.63, 150.2
 45.50, 2587.0,  -37.50, 150.2
 45.52, 2588.2,  -37.63, 150.2
 45.54, 2589.4,  -37.63, 150.2
 45.56, 2590.4,  -37.50, 150.2
 45.58, 2591.6,  -37.63, 150.2
 45.60, 2592.7,  -37.50, 150.2
 45.62, 2593.9,  -37.63, 150.2
 45.64, 2595.1,  -37.50, 150.2
 45.66, 2596.2,  -37.75, 150.2
 45.68, 2597.3,  -37.50, 150.2
 45.70, 2598.5,  -37.63, 150.2
 45.72, 2599.7,  -37.63, 150.2
 45.74, 2600.9,  -37.50, 150.2
 45.76, 2602.1,  -37.50, 150.2
 45.78, 2603.3,  -37.50, 150.2
 45.80, 2604.5,  -37.75, 150.2
 45.82, 2605.5,  -37.50, 150.2
 45.84, 2606.7,  -37.63, 150.2
 45.86, 2607.8,  -37.50, 150.2
 45.88, 2608.9,  -37.50, 150.2
 45.90, 2610.1,  -37.63, 150.2
 45.92, 2611.3,  -37.63, 150.2
 45.94, 2612.5,  -37.75, 150.2
 45.96, 2613.6,  -37.63, 150.2
 45.98, 2614.7,  -37.88, 150.2
 46.00, 2615.9,  -37.75, 150.2
 46.02, 2617.0,  -37.88, 150.2
 46.04, 2618.1,  -37.75, 150.2
 46.06, 2619.3,  -38.00, 150.2
 46.08, 2620.5,  -37.75, 150.2
 46.10, 2621.7,  -38.00, 150.2
 46.12, 2622.9,  -38.00, 150.2
 46.14, 2624.1,  -38.00, 150.2
 46.16, 2625.3,  -38.00, 150.2
 46.18, 2626.5,  -38.00, 150.2
 46.20, 2627.6,  -38.13, 150.2
 46.22, 2628.8,  -38.00, 150.2
 46.24, 2629.9,  -38.25, 150.2
 46.26, 2631.1,  -38.13, 150.2
 46.28, 2632.2,  -38.25, 150.2
 46.30, 2633.4,  -38.13, 150.2
 46.32, 2634.5,  -38.50, 150.2
 46.34, 2635.7,  -38.25, 150.2
 46.36, 2636.9,  -38.38, 150.2
 46.38, 2638.0,  -38.38, 150.2
 46.40, 2639.2,  -38.50, 150.2
 46.42, 2640.4,  -38.38, 150.2
 46.44, 2641.6,  -38.63, 150.2
 46.46, 2642.8,  -38.63, 150.2
 46.48, 2644.0,  -38.63, 150.2
 46.50, 2645.3,  -38.63, 150.2
 46.52, 2646.4,  -38.75, 150.2
 46.54, 2647.7,  -38.63, 150.2
 46.56, 2648.8,  -38.75, 150.2
 46.58, 2650.1,  -38.75, 150.2
 46.60, 2651.3,  -38.88, 150.2
 46.62, 2652.5,  -38.75, 150.2
 46.64, 2653.7,  -38.88, 150.2
 46.66, 2654.9,  -38.88, 150.2
 46.68, 2656.1,  -38.75, 150.2
 46.70, 2657.3,  -38.88, 150.2
 46.72, 2658.5,  -38.88, 150.2
 46.74, 2659.7,  -38.88, 150.2
 46.76, 2660.9,  -38.75, 150.2
 46.78, 2662.1,  -38.88, 150.2
 46.80, 2663.3,  -38.88, 150.2
 46.82, 2664.4,  -38.88, 150.2
 46.84, 2665.6,  -39.00, 159.0
 46.86, 2666.8,  -39.00, 159.0
 46.88, 2668.0,  -38.88, 159.0
 46.90, 2669.2,  -38.75, 159.0
 46.92, 2670.3,  -39.00, 159.0
 46.94, 2671.5,  -38.63, 159.0
 46.96, 2672.7,  -38.88, 159.0
 46.98, 2673.9,  -38.75, 159.0
 47.00, 2675.1,  -39.00, 159.0
 47.02, 2676.2,  -38.63, 159.0
 47.04, 2677.3,  -38.88, 159.0
 47.06, 2678.5,  -38.75, 159.0
 47.08, 2679.7,  -38.75, 159.0
 47.10, 2680.9,  -38.75, 159.0
 47.12, 2682.1,  -38.75, 159.0
 47.14, 2683.2,  -38.88, 159.0
 47.16, 2684.3,  -38.50, 159.0
 47.18, 2685.5,  -38.88, 159.0
 47.20, 2686.7,  -38.63, 159.0
 47.22, 2687.9,  -38.88, 159.0
 47.24, 2689.0,  -38.75, 159.0
 47.26, 2690.1,  -38.88, 159.0
 47.28, 2691.3,  -38.75, 159.0
 47.30, 2692.5,  -38.63, 159.0
 47.32, 2693.7,  -38.88, 159.0
 47.34, 2694.7,  -38.50, 159.0
 47.36, 2695.9,  -38.75, 159.0
 47.38, 2697.1,  -38.75, 159.0
 47.40, 2698.3,  -38.75, 159.0
 47.42, 2699.4,  -38.75, 159.0
 47.44, 2700.5,  -38.63, 159.0
 47.46, 2701.7,  -38.88, 159.0
 47.48, 2702.7,  -38.63, 159.0
 47.50, 2703.9,  -38.88, 159.0
 47.52, 2705.1,  -38.75, 159.0
 47.54, 2706.2,  -38.88, 159.0
 47.56, 2707.4,  -38.75, 159.0
 47.58, 2708.5,  -39.00, 159.0
 47.60, 2709.7,  -39.13, 159.0
 47.62, 2710.8,  -38.88, 159.0
 47.64, 2711.9,  -39.13, 159.0
 47.66, 2713.1,  -39.00, 159.0
 47.68, 2714.3,  -39.13, 159.0
 47.70, 2715.5,  -38.88, 159.0
 47.72, 2716.7,  -39.25, 159.0
 47.74, 2717.8,  -39.00, 159.0
 47.76, 2719.0,  -39.25, 159.0
 47.78, 2720.2,  -39.25, 159.0
 47.80, 2721.3,  -39.38, 159.0
 47.82, 2722.5,  -39.25, 159.0
 47.84, 2723.5,  -39.38, 159.0
 47.86, 2724.7,  -39.38, 159.0
 47.88, 2725.9,  -39.38, 159.0
 47.90, 2727.1,  -39.50, 159.0
 47.92, 2728.3,  -39.50, 159.0
 47.94, 2729.5,  -39.50, 159.0
 47.96, 2730.7,  -39.50, 159.0
 47.98, 2731.9,  -39.63, 159.0
 48.00, 2733.1,  -39.75, 159.0
 48.02, 2734.3,  -39.63, 159.0
 48.04, 2735.5,  -39.88, 159.0
 48.06, 2736.7,  -39.75, 159.0
 48.08, 2737.9,  -39.88, 159.0
 48.10, 2739.1,  -39.75, 159.0
 48.12, 2740.3,  -40.00, 159.0
 48.14, 2741.5,  -39.75, 159.0
 48.16, 2742.7,  -39.88, 159.0
 48.18, 2743.9,  -39.88, 159.0
 48.20, 2745.1,  -40.00, 159.0
 48.22, 2746.3,  -39.75, 159.0
 48.24, 2747.5,  -40.00, 159.0
 48.26, 2748.7,  -39.88, 159.0
 48.28, 2749.9,  -40.00, 159.0
 48.30, 2751.1,  -39.88, 159.0
 48.32, 2752.3,  -40.13, 159.0
 48.34, 2753.5,  -39.88, 159.0
 48.36, 2754.7,  -40.13, 159.0
 48.38, 2755.9,  -40.00, 159.0
 48.40, 2757.1,  -40.13, 159.0
 48.42, 2758.3,  -39.88, 159.0
 48.44, 2759.5,  -40.13, 159.0
 48.46, 2760.7,  -39.88, 159.0
 48.48, 2761.9,  -40.13, 159.0
 48.50, 2763.1,  -39.88, 159.0
 48.52, 2764.3,  -40.13, 159.0
 48.54, 2765.5,  -40.00, 159.0
 48.56, 2766.7,  -40.00, 159.0
 48.58, 2767.9,  -40.00, 159.0
 48.60, 2769.1,  -40.00, 159.0
 48.62, 2770.3,  -39.88, 159.0
 48.64, 2771.5,  -39.88, 159.0
 48.66, 2772.7,  -40.00, 159.0
 48.68, 2773.9,  -39.75, 159.0
 48.70, 2775.1,  -40.00, 159.0
 48.72, 2776.3,  -39.88, 159.0
 48.74, 2777.5,  -40.00, 159.0
 48.76, 2778.7,  -39.63, 159.0
 48.78, 2779.9,  -40.13, 159.0
 48.80, 2781.1,  -39.75, 159.0
 48.82, 2782.2,  -40.00, 159.0
 48.84, 2783.4,  -39.75, 159.0
 48.86, 2784.5,  -40.00, 159.0
 48.88, 2785.7,  -39.75, 159.0
 48.90, 2786.9,  -39.88, 159.0
 48.92, 2788.1,  -40.00, 159.0
 48.94, 2789.1,  -39.88, 159.0
 48.96, 2790.3,  -40.00, 159.0
 48.98, 2791.5,  -39.75, 159.0
 49.00, 2792.7,  -40.00, 159.0
 49.02, 2793.9,  -39.63, 159.0
 49.04, 2795.1,  -40.00, 159.0
 49.06, 2796.3,  -39.88, 159.0
 49.08, 2797.3,  -40.00, 159.0
 49.10, 2798.5,  -39.88, 159.0
 49.12, 2799.6,  -40.13, 159.0
 49.14, 2800.7,  -40.00, 159.0
 49.16, 2801.9,  -40.00, 159.0
 49.18, 2803.1,  -40.13, 159.0
 49.20, 2804.3,  -40.13, 159.0
 49.22, 2805.5,  -40.13, 159.0
 49.24, 2806.7,  -40.00, 159.0
 49.26, 2807.9,  -40.38, 159.0
 49.28, 2809.1,  -40.13, 159.0
 49.30, 2810.3,  -40.38, 159.0
 49.32, 2811.5,  -40.13, 159.0
 49.34, 2812.7,  -40.50, 159.0
 49.36, 2813.9,  -40.13, 159.0
 49.38, 2815.1,  -40.50, 159.0
 49.40, 2816.3,  -40.25, 159.0
 49.42, 2817.4,  -40.50, 159.0
 49.44, 2818.7,  -40.25, 159.0
 49.46, 2819.8,  -40.63, 159.0
 49.48, 2821.0,  -40.50, 159.0
 49.50, 2822.2,  -40.63, 159.0
 49.52, 2823.4,  -40.63, 159.0
 49.54, 2824.6,  -40.75, 159.0
 49.56, 2825.9,  -40.63, 159.0
 49.58, 2827.0,  -40.63, 159.0
 49.60, 2828.3,  -40.88, 159.0
 49.62, 2829.5,  -40.63, 159.0
 49.64, 2830.7,  -40.88, 159.0
 49.66, 2831.9,  -40.75, 159.0
 49.68, 2833.1,  -41.00, 159.0
 49.70, 2834.3,  -40.63, 159.0
 49.72, 2835.5,  -41.13, 159.0
 49.74, 2836.8,  -40.88, 159.0
 49.76, 2838.1,  -41.13, 159.0
 49.78, 2839.3,  -40.75, 159.0
 49.80, 2840.5,  -41.00, 159.0
 49.82, 2841.7,  -40.75, 159.0
 49.84, 2842.9,  -40.88, 159.0
 49.86, 2844.1,  -40.63, 159.0
 49.88, 2845.3,  -40.75, 159.0
 49.90, 2846.5,  -40.63, 159.0
 49.92, 2847.7,  -40.50, 159.0
 49.94, 2848.8,  -40.75, 159.0
 49.96, 2849.9,  -40.50, 159.0
 49.98, 2851.1,  -40.63, 159.0
 50.00, 2852.3,  -40.50, 159.0
 50.02, 2853.5,  -40.75, 159.0
 50.04, 2854.7,  -40.38, 159.0
 50.06, 2855.8,  -40.50, 159.0
 50.08, 2857.0,  -40.50, 159.0
 50.10, 2858.1,  -40.38, 159.0
 50.12, 2859.3,  -40.50, 159.0
 50.14, 2860.5,  -40.38, 159.0
 50.16, 2861.6,  -40.63, 159.0
 50.18, 2862.7,  -40.25, 159.0
 50.20, 2863.9,  -40.50, 159.0
 50.22, 2865.1,  -40.50, 159.0
 50.24, 2866.1,  -40.38, 159.0
 50.26, 2867.3,  -40.50, 159.0
 50.28, 2868.5,  -40.50, 159.0
 50.30, 2869.6,  -40.63, 159.0
 50.32, 2870.7,  -40.38, 159.0
 50.34, 2871.8,  -40.75, 159.0
 50.36, 2873.0,  -40.63, 159.0
 50.38, 2874.1,  -40.63, 159.0
 50.40, 2875.3,  -40.75, 159.0
 50.42, 2876.5,  -41.00, 159.0
 50.44, 2877.7,  -41.00, 159.0
 50.46, 2878.8,  -40.63, 159.0
 50.48, 2880.0,  -41.00, 159.0
 50.50, 2881.1,  -40.75, 159.0
 50.52, 2882.3,  -40.63, 159.0
 50.54, 2883.5,  -40.75, 159.0
 50.56, 2884.6,  -40.63, 159.0
 50.58, 2885.7,  -40.75, 159.0
 50.60, 2886.9,  -40.50, 159.0
 50.62, 2887.9,  -40.63, 159.0
 50.64, 2889.0,  -40.75, 159.0
 50.66, 2890.1,  -40.50, 159.0
 50.68, 2891.2,  -40.88, 159.0
 50.70, 2892.3,  -40.63, 159.0
 50.72, 2893.4,  -40.63, 159.0
 50.74, 2894.6,  -40.75, 159.0
 50.76, 2895.6,  -40.75, 159.0
 50.78, 2896.8,  -40.88, 159.0
 50.80, 2898.0,  -40.75, 159.0
 50.82, 2899.0,  -41.00, 159.0
 50.84, 2900.2,  -41.13, 159.0
 50.86, 2901.3,  -40.88, 159.0
 50.88, 2902.4,  -41.13, 159.0
 50.90, 2903.6,  -41.00, 159.0
 50.92, 2904.8,  -41.00, 159.0
 50.94, 2905.8,  -40.88, 159.0
 50.96, 2906.9,  -40.88, 159.0
 50.98, 2908.1,  -41.00, 159.0
 51.00, 2909.2,  -40.75, 159.0
 51.02, 2910.4,  -40.88, 159.0
 51.04, 2911.4,  -41.00, 159.0
 51.06, 2912.5,  -40.88, 159.0
 51.08, 2913.6,  -41.00, 159.0
 51.10, 2914.8,  -41.00, 159.0
 51.12, 2915.8,  -41.00, 159.0
 51.14, 2917.0,  -41.13, 159.0
 51.16, 2918.0,  -41.00, 159.0
 51.18, 2919.2,  -41.25, 159.0
 51.20, 2920.3,  -41.13, 159.0
 51.22, 2921.3,  -41.13, 159.0
 51.24, 2922.4,  -41.38, 159.0
 51.26, 2923.6,  -41.25, 159.0
 51.28, 2924.8,  -41.13, 159.0
 51.30, 2925.8,  -41.38, 159.0
 51.32, 2926.9,  -41.25, 159.0
 51.34, 2928.0,  -41.13, 159.0
 51.36, 2929.2,  -41.13, 159.0
 51.38, 2930.3,  -41.13, 159.0
 51.40, 2931.3,  -41.25, 159.0
 51.42, 2932.4,  -41.13, 159.0
 51.44, 2933.6,  -41.25, 159.0
 51.46, 2934.6,  -41.50, 159.0
 51.48, 2935.6,  -41.13, 159.0
 51.50, 2936.8,  -41.25, 159.0
 51.52, 2937.9,  -41.50, 159.0
 51.54, 2938.9,  -41.38, 159.0
 51.56, 2940.0,  -41.38, 159.0
 51.58, 2941.2,  -41.63, 159.0
 51.60, 2942.2,  -41.50, 159.0
 51.62, 2943.2,  -41.50, 159.0
 51.64, 2944.4,  -41.50, 145.8
 51.66, 2945.5,  -41.50, 145.8
 51.68, 2946.5,  -41.75, 145.8
 51.70, 2947.6,  -41.63, 145.8
 51.72, 2948.8,  -41.63, 145.8
 51.74, 2949.8,  -41.88, 145.8
 51.76, 2950.8,  -41.63, 145.8
 51.78, 2952.0,  -41.50, 145.8
 51.80, 2953.1,  -41.63, 145.8
 51.82, 2954.1,  -41.63, 145.8
 51.84, 2955.2,  -41.50, 145.8
 51.86, 2956.4,  -41.63, 145.8
 51.88, 2957.3,  -41.88, 145.8
 51.90, 2958.4,  -41.63, 145.8
 51.92, 2959.6,  -41.75, 145.8
 51.94, 2960.5,  -41.88, 145.8
 51.96, 2961.6,  -41.88, 145.8
 51.98, 2962.8,  -41.88, 145.8
 52.00, 2963.7,  -41.88, 145.8
 52.02, 2964.8,  -41.88, 145.8
 52.04, 2965.9,  -42.00, 145.8
 52.06, 2966.8,  -41.88, 145.8
 52.08, 2968.0,  -42.00, 145.8
 52.10, 2969.1,  -42.13, 145.8
 52.12, 2970.0,  -42.13, 145.8
 52.14, 2971.2,  -42.00, 145.8
 52.16, 2972.3,  -42.13, 145.8
 52.18, 2973.2,  -42.13, 145.8
 52.20, 2974.4,  -41.88, 145.8
 52.22, 2975.5,  -42.00, 145.8
 52.24, 2976.4,  -42.25, 145.8
 52.26, 2977.6,  -42.00, 145.8
 52.28, 2978.6,  -42.00, 145.8
 52.30, 2979.6,  -42.25, 145.8
 52.32, 2980.8,  -42.13, 145.8
 52.34, 2981.8,  -42.00, 145.8
 52.36, 2982.8,  -42.13, 145.8
 52.38, 2983.8,  -42.38, 145.8
 52.40, 2984.8,  -42.25, 145.8
 52.42, 2986.0,  -42.13, 145.8
 52.44, 2986.8,  -42.50, 145.8
 52.46, 2988.0,  -42.38, 145.8
 52.48, 2989.0,  -42.25, 145.8
 52.50, 2990.0,  -42.50, 145.8
 52.52, 2991.2,  -42.63, 145.8
 52.54, 2992.0,  -42.50, 145.8
 52.56, 2993.2,  -42.38, 145.8
 52.58, 2994.2,  -42.50, 145.8
 52.60, 2995.2,  -42.38, 145.8
 52.62, 2996.3,  -42.38, 145.8
 52.64, 2997.2,  -42.38, 145.8
 52.66, 2998.4,  -42.75, 145.8
 52.68, 2999.3,  -42.50, 145.8
 52.70, 3000.4,  -42.38, 145.8
 52.72, 3001.3,  -42.50, 145.8
 52.74, 3002.3,  -42.63, 145.8
 52.76, 3003.3,  -42.50, 145.8
 52.78, 3004.3,  -42.38, 145.8
 52.80, 3005.3,  -42.50, 145.8
 52.82, 3006.3,  -42.88, 145.8
 52.84, 3007.3,  -42.63, 145.8
 52.86, 3008.3,  -42.50, 145.8
 52.88, 3009.2,  -42.63, 145.8
 52.90, 3010.3,  -42.88, 145.8
 52.92, 3011.2,  -42.75, 145.8
 52.94, 3012.3,  -42.63, 145.8
 52.96, 3013.1,  -42.75, 145.8
 52.98, 3014.3,  -42.88, 145.8
 53.00, 3015.1,  -42.88, 145.8
 53.02, 3016.2,  -42.63, 145.8
 53.04, 3017.1,  -42.63, 145.8
 53.06, 3018.2,  -42.75, 145.8
 53.08, 3019.1,  -42.75, 145.8
 53.10, 3020.1,  -42.88, 145.8
 53.12, 3021.1,  -42.88, 145.8
 53.14, 3022.1,  -42.75, 145.8
 53.16, 3023.1,  -42.63, 145.8
 53.18, 3023.9,  -42.88, 145.8
 53.20, 3024.9,  -43.00, 145.8
 53.22, 3025.9,  -42.88, 145.8
 53.24, 3026.7,  -42.75, 145.8
 53.26, 3027.6,  -42.88, 145.8
 53.28, 3028.5,  -42.75, 145.8
 53.30, 3029.5,  -42.75, 145.8
 53.32, 3030.3,  -43.00, 145.8
 53.34, 3031.3,  -43.13, 145.8
 53.36, 3032.2,  -43.13, 145.8
 53.38, 3033.1,  -42.88, 145.8
 53.40, 3034.1,  -42.88, 145.8
 53.42, 3035.0,  -43.00, 145.8
 53.44, 3035.9,  -43.00, 145.8
 53.46, 3036.9,  -43.00, 145.8
 53.48, 3037.7,  -43.13, 145.8
 53.50, 3038.7,  -43.13, 145.8
 53.52, 3039.6,  -43.13, 145.8
 53.54, 3040.4,  -43.00, 145.8
 53.56, 3041.2,  -42.88, 145.8
 53.58, 3042.0,  -42.88, 145.8
 53.60, 3042.9,  -42.75, 145.8
 53.62, 3043.8,  -42.75, 145.8
 53.64, 3044.7,  -42.75, 145.8
===============================
Changed Angle: -2.88
Elapsed Time : 6.64
Disk R.P.M   : 0
===============================
2018-04-13.  12:09:33.

