Device: Gyroscope
===============================
  Time  Rotation   Tilt   D-RPM
------- -------- ------- ------
  0.00,   -1.0,   -4.50, 189.9
  0.02,   -1.9,   -4.50, 189.9
  0.04,   -2.7,   -4.38, 189.9
  0.06,   -3.8,   -4.50, 189.9
  0.08,   -4.6,   -4.63, 189.9
  0.10,   -5.6,   -4.75, 189.9
  0.12,   -6.5,   -4.75, 189.9
  0.14,   -7.4,   -4.75, 189.9
  0.16,   -8.3,   -4.75, 189.9
  0.18,   -9.2,   -4.88, 189.9
  0.20,  -10.1,   -5.00, 189.9
  0.22,  -11.1,   -5.00, 189.9
  0.24,  -11.9,   -5.00, 189.9
  0.26,  -12.9,   -5.13, 189.9
  0.28,  -13.8,   -5.25, 189.9
  0.30,  -14.8,   -5.25, 189.9
  0.32,  -15.8,   -5.25, 189.9
  0.34,  -16.8,   -5.50, 189.9
  0.36,  -17.8,   -5.50, 189.9
  0.38,  -18.8,   -5.63, 189.9
  0.40,  -19.8,   -5.63, 189.9
  0.42,  -20.8,   -5.88, 189.9
  0.44,  -21.8,   -5.88, 189.9
  0.46,  -22.9,   -6.00, 189.9
  0.48,  -23.8,   -6.13, 189.9
  0.50,  -24.9,   -6.00, 189.9
  0.52,  -26.0,   -6.25, 189.9
  0.54,  -27.0,   -6.38, 189.9
  0.56,  -28.0,   -6.38, 189.9
  0.58,  -29.0,   -6.38, 189.9
  0.60,  -30.2,   -6.63, 189.9
  0.62,  -31.3,   -6.50, 189.9
  0.64,  -32.4,   -6.63, 189.9
  0.66,  -33.4,   -6.75, 189.9
  0.68,  -34.5,   -6.50, 189.9
  0.70,  -35.6,   -6.88, 189.9
  0.72,  -36.6,   -6.75, 189.9
  0.74,  -37.8,   -6.75, 189.9
  0.76,  -38.8,   -6.88, 189.9
  0.78,  -39.8,   -6.75, 189.9
  0.80,  -41.0,   -6.75, 189.9
  0.82,  -42.1,   -6.88, 189.9
  0.84,  -43.1,   -6.75, 189.9
  0.86,  -44.2,   -6.63, 189.9
  0.88,  -45.3,   -6.88, 189.9
  0.90,  -46.4,   -6.75, 189.9
  0.92,  -47.4,   -6.63, 189.9
  0.94,  -48.6,   -6.63, 189.9
  0.96,  -49.6,   -6.63, 189.9
  0.98,  -50.6,   -6.50, 189.9
  1.00,  -51.8,   -6.38, 189.9
  1.02,  -52.8,   -6.50, 189.9
  1.04,  -53.8,   -6.38, 189.9
  1.06,  -54.8,   -6.25, 189.9
  1.08,  -55.8,   -6.13, 189.9
  1.10,  -56.8,   -6.13, 189.9
  1.12,  -57.8,   -6.13, 189.9
  1.14,  -58.9,   -5.88, 189.9
  1.16,  -59.8,   -5.88, 189.9
  1.18,  -60.9,   -5.75, 189.9
  1.20,  -61.8,   -5.88, 189.9
  1.22,  -62.9,   -5.75, 189.9
  1.24,  -63.8,   -5.75, 189.9
  1.26,  -64.8,   -5.50, 189.9
  1.28,  -65.8,   -5.38, 189.9
  1.30,  -66.6,   -5.50, 189.9
  1.32,  -67.6,   -5.50, 189.9
  1.34,  -68.6,   -5.50, 189.9
  1.36,  -69.4,   -5.38, 189.9
  1.38,  -70.4,   -5.25, 189.9
  1.40,  -71.4,   -5.25, 189.9
  1.42,  -72.2,   -5.13, 189.9
  1.44,  -73.2,   -5.25, 189.9
  1.46,  -74.2,   -5.25, 189.9
  1.48,  -75.0,   -5.25, 189.9
  1.50,  -76.1,   -5.13, 189.9
  1.52,  -77.0,   -5.25, 189.9
  1.54,  -77.8,   -5.13, 189.9
  1.56,  -78.8,   -5.13, 189.9
  1.58,  -79.8,   -5.38, 189.9
  1.60,  -80.6,   -5.38, 189.9
  1.62,  -81.4,   -5.25, 189.9
  1.64,  -82.5,   -5.25, 189.9
  1.66,  -83.4,   -5.38, 189.9
  1.68,  -84.2,   -5.50, 189.9
  1.70,  -85.3,   -5.50, 189.9
  1.72,  -86.2,   -5.50, 189.9
  1.74,  -87.1,   -5.50, 189.9
  1.76,  -88.2,   -5.75, 189.9
  1.78,  -89.0,   -5.75, 189.9
  1.80,  -90.1,   -5.88, 189.9
  1.82,  -91.0,   -5.88, 189.9
  1.84,  -92.0,   -6.00, 189.9
  1.86,  -93.0,   -6.13, 189.9
  1.88,  -93.9,   -6.00, 189.9
  1.90,  -95.0,   -6.25, 189.9
  1.92,  -95.8,   -6.38, 189.9
  1.94,  -97.0,   -6.38, 189.9
  1.96,  -97.9,   -6.38, 189.9
  1.98,  -99.0,   -6.63, 189.9
  2.00, -100.1,   -6.75, 189.9
  2.02, -101.0,   -6.75, 189.9
  2.04, -102.2,   -7.00, 189.9
  2.06, -103.2,   -6.88, 189.9
  2.08, -104.2,   -7.00, 189.9
  2.10, -105.4,   -7.13, 189.9
  2.12, -106.3,   -7.13, 189.9
  2.14, -107.4,   -7.13, 189.9
  2.16, -108.6,   -7.25, 189.9
  2.18, -109.4,   -7.25, 189.9
  2.20, -110.6,   -7.38, 189.9
  2.22, -111.8,   -7.50, 189.9
  2.24, -112.7,   -7.38, 189.9
  2.26, -113.8,   -7.50, 189.9
  2.28, -115.0,   -7.50, 189.9
  2.30, -116.2,   -7.38, 189.9
  2.32, -117.2,   -7.50, 189.9
  2.34, -118.2,   -7.50, 189.9
  2.36, -119.4,   -7.50, 189.9
  2.38, -120.5,   -7.50, 189.9
  2.40, -121.5,   -7.50, 216.4
  2.42, -122.6,   -7.38, 216.4
  2.44, -123.7,   -7.50, 216.4
  2.46, -124.7,   -7.50, 216.4
  2.48, -125.8,   -7.25, 216.4
  2.50, -126.9,   -7.38, 216.4
  2.52, -127.9,   -7.25, 216.4
  2.54, -129.0,   -7.13, 216.4
  2.56, -130.1,   -7.00, 216.4
  2.58, -131.0,   -7.13, 216.4
  2.60, -132.2,   -7.13, 216.4
  2.62, -133.3,   -6.88, 216.4
  2.64, -134.2,   -6.88, 216.4
  2.66, -135.3,   -6.88, 216.4
  2.68, -136.2,   -6.88, 216.4
  2.70, -137.3,   -6.75, 216.4
  2.72, -138.2,   -6.50, 216.4
  2.74, -139.2,   -6.50, 216.4
  2.76, -140.2,   -6.38, 216.4
  2.78, -141.1,   -6.38, 216.4
  2.80, -142.0,   -6.38, 216.4
  2.82, -142.9,   -6.25, 216.4
  2.84, -144.0,   -6.13, 216.4
  2.86, -144.9,   -6.13, 216.4
  2.88, -145.9,   -6.25, 216.4
  2.90, -146.8,   -6.25, 216.4
  2.92, -147.7,   -6.25, 216.4
  2.94, -148.8,   -6.00, 216.4
  2.96, -149.6,   -6.00, 216.4
  2.98, -150.5,   -6.00, 216.4
  3.00, -151.5,   -6.00, 216.4
  3.02, -152.4,   -6.00, 216.4
  3.04, -153.2,   -5.88, 216.4
  3.06, -154.3,   -5.88, 216.4
  3.08, -155.2,   -5.88, 216.4
  3.10, -156.1,   -6.00, 216.4
  3.12, -157.1,   -6.00, 216.4
  3.14, -158.0,   -6.13, 216.4
  3.16, -158.9,   -6.13, 216.4
  3.18, -160.0,   -6.13, 216.4
  3.20, -160.8,   -6.13, 216.4
  3.22, -161.7,   -6.25, 216.4
  3.24, -162.7,   -6.38, 216.4
  3.26, -163.6,   -6.25, 216.4
  3.28, -164.5,   -6.38, 216.4
  3.30, -165.6,   -6.50, 216.4
  3.32, -166.4,   -6.50, 216.4
  3.34, -167.5,   -6.50, 216.4
  3.36, -168.4,   -6.63, 216.4
  3.38, -169.5,   -6.88, 216.4
  3.40, -170.4,   -6.88, 216.4
  3.42, -171.5,   -6.88, 216.4
  3.44, -172.4,   -7.13, 216.4
  3.46, -173.5,   -7.13, 216.4
  3.48, -174.4,   -7.13, 216.4
  3.50, -175.5,   -7.25, 216.4
  3.52, -176.5,   -7.50, 216.4
  3.54, -177.6,   -7.38, 216.4
  3.56, -178.5,   -7.50, 216.4
  3.58, -179.6,   -7.63, 216.4
  3.60, -180.7,   -7.63, 216.4
  3.62, -181.7,   -7.88, 216.4
  3.64, -182.8,   -7.88, 216.4
  3.66, -183.9,   -7.88, 216.4
  3.68, -184.9,   -8.00, 216.4
  3.70, -186.0,   -8.00, 216.4
  3.72, -187.2,   -8.00, 216.4
  3.74, -188.3,   -8.13, 216.4
  3.76, -189.3,   -8.13, 216.4
  3.78, -190.4,   -8.13, 216.4
  3.80, -191.5,   -8.38, 216.4
  3.82, -192.5,   -8.13, 216.4
  3.84, -193.6,   -8.25, 216.4
  3.86, -194.8,   -8.38, 216.4
  3.88, -195.9,   -8.13, 216.4
  3.90, -196.9,   -8.38, 216.4
  3.92, -198.0,   -8.25, 216.4
  3.94, -199.2,   -8.25, 216.4
  3.96, -200.3,   -8.25, 216.4
  3.98, -201.3,   -8.25, 216.4
  4.00, -202.4,   -8.13, 216.4
  4.02, -203.5,   -8.13, 216.4
  4.04, -204.5,   -8.13, 216.4
  4.06, -205.6,   -8.00, 216.4
  4.08, -206.7,   -8.00, 216.4
  4.10, -207.7,   -8.00, 216.4
  4.12, -208.8,   -7.88, 216.4
  4.14, -209.8,   -7.88, 216.4
  4.16, -210.8,   -7.75, 216.4
  4.18, -211.9,   -7.88, 216.4
  4.20, -212.9,   -7.63, 216.4
  4.22, -213.9,   -7.63, 216.4
  4.24, -214.9,   -7.50, 216.4
  4.26, -216.0,   -7.50, 216.4
  4.28, -216.9,   -7.50, 216.4
  4.30, -218.0,   -7.38, 216.4
  4.32, -218.9,   -7.25, 216.4
  4.34, -219.9,   -7.13, 216.4
  4.36, -220.9,   -7.13, 216.4
  4.38, -221.9,   -7.13, 216.4
  4.40, -222.8,   -7.13, 216.4
  4.42, -223.7,   -7.00, 216.4
  4.44, -224.7,   -6.88, 216.4
  4.46, -225.6,   -7.00, 216.4
  4.48, -226.6,   -7.00, 216.4
  4.50, -227.5,   -7.00, 216.4
  4.52, -228.5,   -7.00, 216.4
  4.54, -229.5,   -6.88, 216.4
  4.56, -230.4,   -6.75, 216.4
  4.58, -231.4,   -6.75, 216.4
  4.60, -232.3,   -6.88, 216.4
  4.62, -233.2,   -6.88, 216.4
  4.64, -234.1,   -6.88, 216.4
  4.66, -235.1,   -6.75, 216.4
  4.68, -236.0,   -6.88, 216.4
  4.70, -236.9,   -7.00, 216.4
  4.72, -237.9,   -7.00, 216.4
  4.74, -238.8,   -7.13, 216.4
  4.76, -239.7,   -7.00, 216.4
  4.78, -240.7,   -7.25, 216.4
  4.80, -241.7,   -7.38, 216.4
  4.82, -242.7,   -7.25, 220.8
  4.84, -243.6,   -7.25, 220.8
  4.86, -244.6,   -7.25, 220.8
  4.88, -245.6,   -7.50, 220.8
  4.90, -246.6,   -7.50, 220.8
  4.92, -247.5,   -7.50, 220.8
  4.94, -248.5,   -7.75, 220.8
  4.96, -249.5,   -7.88, 220.8
  4.98, -250.5,   -7.88, 220.8
  5.00, -251.5,   -8.00, 220.8
  5.02, -252.6,   -8.13, 220.8
  5.04, -253.6,   -8.00, 220.8
  5.06, -254.6,   -8.38, 220.8
  5.08, -255.7,   -8.38, 220.8
  5.10, -256.7,   -8.25, 220.8
  5.12, -257.8,   -8.50, 220.8
  5.14, -258.9,   -8.50, 220.8
  5.16, -259.9,   -8.50, 220.8
  5.18, -261.0,   -8.63, 220.8
  5.20, -262.1,   -8.75, 220.8
  5.22, -263.1,   -8.75, 220.8
  5.24, -264.2,   -8.88, 220.8
  5.26, -265.3,   -8.88, 220.8
  5.28, -266.3,   -8.88, 220.8
  5.30, -267.4,   -9.13, 220.8
  5.32, -268.5,   -8.88, 220.8
  5.34, -269.7,   -9.13, 220.8
  5.36, -270.7,   -9.25, 220.8
  5.38, -271.9,   -9.00, 220.8
  5.40, -273.0,   -9.13, 220.8
  5.42, -274.1,   -9.00, 220.8
  5.44, -275.1,   -8.88, 220.8
  5.46, -276.3,   -9.00, 220.8
  5.48, -277.4,   -9.13, 220.8
  5.50, -278.5,   -9.00, 220.8
  5.52, -279.5,   -9.25, 220.8
  5.54, -280.6,   -9.25, 220.8
  5.56, -281.7,   -8.88, 220.8
  5.58, -282.7,   -9.00, 220.8
  5.60, -283.8,   -8.88, 220.8
  5.62, -284.9,   -8.63, 220.8
  5.64, -285.9,   -8.75, 220.8
  5.66, -287.0,   -8.75, 220.8
  5.68, -288.1,   -8.75, 220.8
  5.70, -289.1,   -8.50, 220.8
  5.72, -290.2,   -8.63, 220.8
  5.74, -291.1,   -8.63, 220.8
  5.76, -292.2,   -8.50, 220.8
  5.78, -293.1,   -8.25, 220.8
  5.80, -294.2,   -8.25, 220.8
  5.82, -295.1,   -8.38, 220.8
  5.84, -296.2,   -8.25, 220.8
  5.86, -297.1,   -8.13, 220.8
  5.88, -298.2,   -8.00, 220.8
  5.90, -299.1,   -8.00, 220.8
  5.92, -300.2,   -8.13, 220.8
  5.94, -301.0,   -8.00, 220.8
  5.96, -302.0,   -8.00, 220.8
  5.98, -303.0,   -7.75, 220.8
  6.00, -303.9,   -7.75, 220.8
  6.02, -304.8,   -7.75, 220.8
  6.04, -305.6,   -7.88, 220.8
  6.06, -306.6,   -7.88, 220.8
  6.08, -307.6,   -7.63, 220.8
  6.10, -308.5,   -7.63, 220.8
  6.12, -309.4,   -7.75, 220.8
  6.14, -310.4,   -7.75, 220.8
  6.16, -311.3,   -7.88, 220.8
  6.18, -312.2,   -7.63, 220.8
  6.20, -313.2,   -7.63, 220.8
  6.22, -314.1,   -7.75, 220.8
  6.24, -315.2,   -8.00, 220.8
  6.26, -316.1,   -8.00, 220.8
  6.28, -317.0,   -8.00, 220.8
  6.30, -318.0,   -7.88, 220.8
  6.32, -318.9,   -8.00, 220.8
  6.34, -320.0,   -8.13, 220.8
  6.36, -320.8,   -8.00, 220.8
  6.38, -321.7,   -8.00, 220.8
  6.40, -322.8,   -8.25, 220.8
  6.42, -323.9,   -8.25, 220.8
  6.44, -325.0,   -8.25, 220.8
  6.46, -325.9,   -8.38, 220.8
  6.48, -327.0,   -8.63, 220.8
  6.50, -327.9,   -8.75, 220.8
  6.52, -329.0,   -8.63, 220.8
  6.54, -330.0,   -8.88, 220.8
  6.56, -331.0,   -8.88, 220.8
  6.58, -332.2,   -8.88, 220.8
  6.60, -333.1,   -9.00, 220.8
  6.62, -334.2,   -9.25, 220.8
  6.64, -335.1,   -9.00, 220.8
  6.66, -336.2,   -9.38, 220.8
  6.68, -337.3,   -9.38, 220.8
  6.70, -338.3,   -9.25, 220.8
  6.72, -339.4,   -9.50, 220.8
  6.74, -340.6,   -9.38, 220.8
  6.76, -341.5,   -9.50, 220.8
  6.78, -342.6,   -9.75, 220.8
  6.80, -343.8,   -9.63, 220.8
  6.82, -344.9,   -9.88, 220.8
  6.84, -345.9,   -9.88, 220.8
  6.86, -347.0,   -9.75, 220.8
  6.88, -348.2,   -9.88, 220.8
  6.90, -349.2,   -9.88, 220.8
  6.92, -350.3,   -9.88, 220.8
  6.94, -351.4,   -9.88, 220.8
  6.96, -352.5,   -9.88, 220.8
  6.98, -353.5,   -9.88, 220.8
  7.00, -354.6,  -10.00, 220.8
  7.02, -355.8,   -9.88, 220.8
  7.04, -357.0,   -9.88, 220.8
  7.06, -357.9,  -10.00, 220.8
  7.08, -359.0,   -9.63, 220.8
  7.10, -360.2,   -9.75, 220.8
  7.12, -361.2,   -9.75, 220.8
  7.14, -362.3,   -9.75, 220.8
  7.16, -363.4,   -9.63, 220.8
  7.18, -364.4,   -9.63, 220.8
  7.20, -365.5,   -9.63, 220.8
  7.22, -366.6,   -9.38, 220.8
  7.24, -367.5,   -9.50, 220.8
  7.26, -368.6,   -9.50, 220.8
  7.28, -369.6,   -9.38, 220.8
  7.30, -370.6,   -9.13, 220.8
  7.32, -371.7,   -9.13, 220.8
  7.34, -372.7,   -9.25, 220.8
  7.36, -373.8,   -9.13, 220.8
  7.38, -374.8,   -9.00, 220.8
  7.40, -375.8,   -8.88, 220.8
  7.42, -376.8,   -9.00, 220.8
  7.44, -377.8,   -9.00, 220.8
  7.46, -378.7,   -8.88, 220.8
  7.48, -379.7,   -8.75, 220.8
  7.50, -380.6,   -8.63, 220.8
  7.52, -381.6,   -8.63, 220.8
  7.54, -382.6,   -8.75, 220.8
  7.56, -383.5,   -8.63, 220.8
  7.58, -384.5,   -8.50, 220.8
  7.60, -385.5,   -8.38, 220.8
  7.62, -386.4,   -8.63, 220.8
  7.64, -387.4,   -8.63, 209.3
  7.66, -388.4,   -8.50, 209.3
  7.68, -389.4,   -8.50, 209.3
  7.70, -390.3,   -8.38, 209.3
  7.72, -391.2,   -8.50, 209.3
  7.74, -392.2,   -8.50, 209.3
  7.76, -393.1,   -8.63, 209.3
  7.78, -394.0,   -8.50, 209.3
  7.80, -395.0,   -8.50, 209.3
  7.82, -396.0,   -8.75, 209.3
  7.84, -396.9,   -8.75, 209.3
  7.86, -397.8,   -8.75, 209.3
  7.88, -398.8,   -8.63, 209.3
  7.90, -399.8,   -8.88, 209.3
  7.92, -400.8,   -9.00, 209.3
  7.94, -401.8,   -8.88, 209.3
  7.96, -402.8,   -8.88, 209.3
  7.98, -403.8,   -9.00, 209.3
  8.00, -404.8,   -9.25, 209.3
  8.02, -405.8,   -9.13, 209.3
  8.04, -406.8,   -9.13, 209.3
  8.06, -407.8,   -9.50, 209.3
  8.08, -408.8,   -9.38, 209.3
  8.10, -409.8,   -9.50, 209.3
  8.12, -410.8,   -9.63, 209.3
  8.14, -411.8,   -9.63, 209.3
  8.16, -412.8,   -9.75, 209.3
  8.18, -413.9,   -9.88, 209.3
  8.20, -415.0,   -9.88, 209.3
  8.22, -416.0,   -9.88, 209.3
  8.24, -417.2,  -10.13, 209.3
  8.26, -418.2,  -10.13, 209.3
  8.28, -419.2,  -10.13, 209.3
  8.30, -420.4,  -10.38, 209.3
  8.32, -421.4,  -10.13, 209.3
  8.34, -422.5,  -10.38, 209.3
  8.36, -423.6,  -10.38, 209.3
  8.38, -424.6,  -10.25, 209.3
  8.40, -425.8,  -10.50, 209.3
  8.42, -426.8,  -10.38, 209.3
  8.44, -428.0,  -10.50, 209.3
  8.46, -429.0,  -10.63, 209.3
  8.48, -430.2,  -10.50, 209.3
  8.50, -431.2,  -10.63, 209.3
  8.52, -432.4,  -10.63, 209.3
  8.54, -433.5,  -10.50, 209.3
  8.56, -434.6,  -10.50, 209.3
  8.58, -435.6,  -10.63, 209.3
  8.60, -436.8,  -10.38, 209.3
  8.62, -437.8,  -10.50, 209.3
  8.64, -438.9,  -10.50, 209.3
  8.66, -440.0,  -10.38, 209.3
  8.68, -441.0,  -10.50, 209.3
  8.70, -442.0,  -10.38, 209.3
  8.72, -443.2,  -10.25, 209.3
  8.74, -444.3,  -10.38, 209.3
  8.76, -445.3,  -10.38, 209.3
  8.78, -446.4,  -10.13, 209.3
  8.80, -447.5,  -10.00, 209.3
  8.82, -448.5,  -10.13, 209.3
  8.84, -449.5,  -10.13, 209.3
  8.86, -450.5,   -9.88, 209.3
  8.88, -451.5,   -9.88, 209.3
  8.90, -452.4,   -9.88, 209.3
  8.92, -453.4,   -9.88, 209.3
  8.94, -454.5,   -9.63, 209.3
  8.96, -455.4,   -9.63, 209.3
  8.98, -456.4,   -9.63, 209.3
  9.00, -457.4,   -9.63, 209.3
  9.02, -458.4,   -9.63, 209.3
  9.04, -459.4,   -9.50, 209.3
  9.06, -460.4,   -9.50, 209.3
  9.08, -461.4,   -9.50, 209.3
  9.10, -462.4,   -9.50, 209.3
  9.12, -463.4,   -9.38, 209.3
  9.14, -464.3,   -9.25, 209.3
  9.16, -465.4,   -9.25, 209.3
  9.18, -466.2,   -9.13, 209.3
  9.20, -467.2,   -9.38, 209.3
  9.22, -468.2,   -9.25, 209.3
  9.24, -469.0,   -9.13, 209.3
  9.26, -470.1,   -9.25, 209.3
  9.28, -471.0,   -9.38, 209.3
  9.30, -472.0,   -9.50, 209.3
  9.32, -473.0,   -9.38, 209.3
  9.34, -473.8,   -9.25, 209.3
  9.36, -475.0,   -9.38, 209.3
  9.38, -475.8,   -9.50, 209.3
  9.40, -476.9,   -9.50, 209.3
  9.42, -477.8,   -9.38, 209.3
  9.44, -478.8,   -9.50, 209.3
  9.46, -479.8,   -9.75, 209.3
  9.48, -480.7,   -9.63, 209.3
  9.50, -481.8,   -9.75, 209.3
  9.52, -482.6,   -9.75, 209.3
  9.54, -483.8,  -10.00, 209.3
  9.56, -484.6,   -9.88, 209.3
  9.58, -485.8,   -9.88, 209.3
  9.60, -486.6,  -10.13, 209.3
  9.62, -487.8,  -10.00, 209.3
  9.64, -488.8,  -10.25, 209.3
  9.66, -489.8,  -10.38, 209.3
  9.68, -491.0,  -10.38, 209.3
  9.70, -491.9,  -10.38, 209.3
  9.72, -493.0,  -10.50, 209.3
  9.74, -494.1,  -10.63, 209.3
  9.76, -495.0,  -10.63, 209.3
  9.78, -496.2,  -10.88, 209.3
  9.80, -497.1,  -10.75, 209.3
  9.82, -498.2,  -10.88, 209.3
  9.84, -499.4,  -11.00, 209.3
  9.86, -500.4,  -10.88, 209.3
  9.88, -501.5,  -11.13, 209.3
  9.90, -502.6,  -11.00, 209.3
  9.92, -503.8,  -11.00, 209.3
  9.94, -504.9,  -11.25, 209.3
  9.96, -505.9,  -11.13, 209.3
  9.98, -507.0,  -11.25, 209.3
 10.00, -508.2,  -11.25, 209.3
 10.02, -509.3,  -11.25, 209.3
 10.04, -510.3,  -11.38, 209.3
 10.06, -511.3,  -11.13, 203.2
 10.08, -512.5,  -11.25, 203.2
 10.10, -513.6,  -11.38, 203.2
 10.12, -514.6,  -11.25, 203.2
 10.14, -515.7,  -11.25, 203.2
 10.16, -516.8,  -11.25, 203.2
 10.18, -517.9,  -11.25, 203.2
 10.20, -519.0,  -11.25, 203.2
 10.22, -520.1,  -11.25, 203.2
 10.24, -521.3,  -11.13, 203.2
 10.26, -522.4,  -11.13, 203.2
 10.28, -523.3,  -11.13, 203.2
 10.30, -524.5,  -10.88, 203.2
 10.32, -525.6,  -11.00, 203.2
 10.34, -526.5,  -11.00, 203.2
 10.36, -527.7,  -11.00, 203.2
 10.38, -528.6,  -10.75, 203.2
 10.40, -529.7,  -10.75, 203.2
 10.42, -530.8,  -10.75, 203.2
 10.44, -531.7,  -10.50, 203.2
 10.46, -532.8,  -10.63, 203.2
 10.48, -533.8,  -10.50, 203.2
 10.50, -534.9,  -10.50, 203.2
 10.52, -535.8,  -10.50, 203.2
 10.54, -536.9,  -10.38, 203.2
 10.56, -537.9,  -10.38, 203.2
 10.58, -538.9,  -10.38, 203.2
 10.60, -539.9,  -10.38, 203.2
 10.62, -540.9,  -10.25, 203.2
 10.64, -541.8,  -10.13, 203.2
 10.66, -542.9,  -10.13, 203.2
 10.68, -543.8,  -10.13, 203.2
 10.70, -544.8,  -10.25, 203.2
 10.72, -545.7,  -10.00, 203.2
 10.74, -546.7,  -10.00, 203.2
 10.76, -547.7,  -10.13, 203.2
 10.78, -548.6,  -10.13, 203.2
 10.80, -549.6,  -10.13, 203.2
 10.82, -550.6,  -10.00, 203.2
 10.84, -551.6,  -10.13, 203.2
 10.86, -552.5,  -10.25, 203.2
 10.88, -553.6,  -10.25, 203.2
 10.90, -554.5,  -10.13, 203.2
 10.92, -555.4,  -10.13, 203.2
 10.94, -556.5,  -10.25, 203.2
 10.96, -557.4,  -10.38, 203.2
 10.98, -558.4,  -10.25, 203.2
 11.00, -559.3,  -10.38, 203.2
 11.02, -560.4,  -10.50, 203.2
 11.04, -561.3,  -10.63, 203.2
 11.06, -562.4,  -10.50, 203.2
 11.08, -563.3,  -10.63, 203.2
 11.10, -564.4,  -10.88, 203.2
 11.12, -565.4,  -10.75, 203.2
 11.14, -566.4,  -10.88, 203.2
 11.16, -567.4,  -11.00, 203.2
 11.18, -568.5,  -11.00, 203.2
 11.20, -569.5,  -11.00, 203.2
 11.22, -570.5,  -11.13, 203.2
 11.24, -571.6,  -11.13, 203.2
 11.26, -572.6,  -11.25, 203.2
 11.28, -573.7,  -11.50, 203.2
 11.30, -574.7,  -11.38, 203.2
 11.32, -575.8,  -11.63, 203.2
 11.34, -576.9,  -11.75, 203.2
 11.36, -578.0,  -11.63, 203.2
 11.38, -579.0,  -11.88, 203.2
 11.40, -580.1,  -11.75, 203.2
 11.42, -581.3,  -11.75, 203.2
 11.44, -582.4,  -12.00, 203.2
 11.46, -583.4,  -11.88, 203.2
 11.48, -584.5,  -12.00, 203.2
 11.50, -585.6,  -12.00, 203.2
 11.52, -586.8,  -11.88, 203.2
 11.54, -587.8,  -12.13, 203.2
 11.56, -588.9,  -12.00, 203.2
 11.58, -590.0,  -12.13, 203.2
 11.60, -591.2,  -12.25, 203.2
 11.62, -592.3,  -12.13, 203.2
 11.64, -593.4,  -12.25, 203.2
 11.66, -594.4,  -12.13, 203.2
 11.68, -595.6,  -12.13, 203.2
 11.70, -596.7,  -12.13, 203.2
 11.72, -597.8,  -12.13, 203.2
 11.74, -598.9,  -12.00, 203.2
 11.76, -600.0,  -12.13, 203.2
 11.78, -601.1,  -12.00, 203.2
 11.80, -602.2,  -11.88, 203.2
 11.82, -603.2,  -12.00, 203.2
 11.84, -604.3,  -11.88, 203.2
 11.86, -605.4,  -11.75, 203.2
 11.88, -606.4,  -12.00, 203.2
 11.90, -607.5,  -11.88, 203.2
 11.92, -608.6,  -11.75, 203.2
 11.94, -609.6,  -11.75, 203.2
 11.96, -610.7,  -11.75, 203.2
 11.98, -611.8,  -11.63, 203.2
 12.00, -612.8,  -11.38, 203.2
 12.02, -613.8,  -11.50, 203.2
 12.04, -614.8,  -11.50, 203.2
 12.06, -615.8,  -11.50, 203.2
 12.08, -616.8,  -11.25, 203.2
 12.10, -617.8,  -11.13, 203.2
 12.12, -618.8,  -11.38, 203.2
 12.14, -619.8,  -11.25, 203.2
 12.16, -620.7,  -11.13, 203.2
 12.18, -621.8,  -11.13, 203.2
 12.20, -622.7,  -11.13, 203.2
 12.22, -623.8,  -11.13, 203.2
 12.24, -624.7,  -11.00, 203.2
 12.26, -625.7,  -11.00, 203.2
 12.28, -626.7,  -11.00, 203.2
 12.30, -627.7,  -11.00, 203.2
 12.32, -628.6,  -11.13, 203.2
 12.34, -629.6,  -10.88, 203.2
 12.36, -630.6,  -10.88, 203.2
 12.38, -631.5,  -11.00, 203.2
 12.40, -632.6,  -11.00, 203.2
 12.42, -633.5,  -11.00, 203.2
 12.44, -634.5,  -10.88, 203.2
 12.46, -635.4,  -11.13, 203.2
 12.48, -636.4,  -11.13, 207.6
 12.50, -637.4,  -11.13, 207.6
 12.52, -638.3,  -11.13, 207.6
 12.54, -639.4,  -11.25, 207.6
 12.56, -640.3,  -11.38, 207.6
 12.58, -641.4,  -11.25, 207.6
 12.60, -642.4,  -11.38, 207.6
 12.62, -643.4,  -11.50, 207.6
 12.64, -644.5,  -11.50, 207.6
 12.66, -645.4,  -11.50, 207.6
 12.68, -646.4,  -11.63, 207.6
 12.70, -647.4,  -11.88, 207.6
 12.72, -648.5,  -11.63, 207.6
 12.74, -649.5,  -11.88, 207.6
 12.76, -650.6,  -12.00, 207.6
 12.78, -651.5,  -11.88, 207.6
 12.80, -652.6,  -12.13, 207.6
 12.82, -653.7,  -12.25, 207.6
 12.84, -654.7,  -12.13, 207.6
 12.86, -655.8,  -12.38, 207.6
 12.88, -656.9,  -12.38, 207.6
 12.90, -658.0,  -12.38, 207.6
 12.92, -659.1,  -12.50, 207.6
 12.94, -660.2,  -12.50, 207.6
 12.96, -661.3,  -12.75, 207.6
 12.98, -662.3,  -12.75, 207.6
 13.00, -663.4,  -12.63, 207.6
 13.02, -664.6,  -12.88, 207.6
 13.04, -665.6,  -12.75, 207.6
 13.06, -666.7,  -12.88, 207.6
 13.08, -667.8,  -12.88, 207.6
 13.10, -668.9,  -12.75, 207.6
 13.12, -670.0,  -13.00, 207.6
 13.14, -671.1,  -13.00, 207.6
 13.16, -672.2,  -13.00, 207.6
 13.18, -673.4,  -13.00, 207.6
 13.20, -674.5,  -13.00, 207.6
 13.22, -675.6,  -13.00, 207.6
 13.24, -676.7,  -13.13, 207.6
 13.26, -677.8,  -12.88, 207.6
 13.28, -679.0,  -13.00, 207.6
 13.30, -679.9,  -13.00, 207.6
 13.32, -681.0,  -12.63, 207.6
 13.34, -682.2,  -12.88, 207.6
 13.36, -683.2,  -12.88, 207.6
 13.38, -684.3,  -12.50, 207.6
 13.40, -685.4,  -12.88, 207.6
 13.42, -686.5,  -12.75, 207.6
 13.44, -687.5,  -12.63, 207.6
 13.46, -688.6,  -12.50, 207.6
 13.48, -689.8,  -12.63, 207.6
 13.50, -690.8,  -12.63, 207.6
 13.52, -691.8,  -12.25, 207.6
 13.54, -692.8,  -12.38, 207.6
 13.56, -693.9,  -12.38, 207.6
 13.58, -695.0,  -12.25, 207.6
 13.60, -695.9,  -12.13, 207.6
 13.62, -697.0,  -12.13, 207.6
 13.64, -697.9,  -12.25, 207.6
 13.66, -699.0,  -12.00, 207.6
 13.68, -699.9,  -11.88, 207.6
 13.70, -701.0,  -12.13, 207.6
 13.72, -702.0,  -12.00, 207.6
 13.74, -703.0,  -12.00, 207.6
 13.76, -704.0,  -11.75, 207.6
 13.78, -705.0,  -11.88, 207.6
 13.80, -706.0,  -12.00, 207.6
 13.82, -707.0,  -11.88, 207.6
 13.84, -708.0,  -11.88, 207.6
 13.86, -709.0,  -11.63, 207.6
 13.88, -709.9,  -11.75, 207.6
 13.90, -710.8,  -11.88, 207.6
 13.92, -711.8,  -11.88, 207.6
 13.94, -712.8,  -11.75, 207.6
 13.96, -713.8,  -11.75, 207.6
 13.98, -714.8,  -12.00, 207.6
 14.00, -715.8,  -12.00, 207.6
 14.02, -716.7,  -11.75, 207.6
 14.04, -717.8,  -11.88, 207.6
 14.06, -718.7,  -12.00, 207.6
 14.08, -719.8,  -12.13, 207.6
 14.10, -720.7,  -12.00, 207.6
 14.12, -721.7,  -12.00, 207.6
 14.14, -722.7,  -12.25, 207.6
 14.16, -723.8,  -12.13, 207.6
 14.18, -724.7,  -12.13, 207.6
 14.20, -725.7,  -12.38, 207.6
 14.22, -726.7,  -12.38, 207.6
 14.24, -727.8,  -12.38, 207.6
 14.26, -728.8,  -12.50, 207.6
 14.28, -729.8,  -12.63, 207.6
 14.30, -730.8,  -12.50, 207.6
 14.32, -731.9,  -12.75, 207.6
 14.34, -733.0,  -12.88, 207.6
 14.36, -734.0,  -12.75, 207.6
 14.38, -735.1,  -13.00, 207.6
 14.40, -736.1,  -13.00, 207.6
 14.42, -737.2,  -13.00, 207.6
 14.44, -738.3,  -13.25, 207.6
 14.46, -739.3,  -13.00, 207.6
 14.48, -740.3,  -13.25, 207.6
 14.50, -741.4,  -13.38, 207.6
 14.52, -742.5,  -13.25, 207.6
 14.54, -743.5,  -13.50, 207.6
 14.56, -744.7,  -13.38, 207.6
 14.58, -745.7,  -13.50, 207.6
 14.60, -746.9,  -13.63, 207.6
 14.62, -747.9,  -13.50, 207.6
 14.64, -749.1,  -13.75, 207.6
 14.66, -750.2,  -13.63, 207.6
 14.68, -751.3,  -13.63, 207.6
 14.70, -752.5,  -13.75, 207.6
 14.72, -753.5,  -13.63, 207.6
 14.74, -754.7,  -13.63, 207.6
 14.76, -755.8,  -13.75, 207.6
 14.78, -756.8,  -13.63, 207.6
 14.80, -757.9,  -13.63, 207.6
 14.82, -759.1,  -13.63, 207.6
 14.84, -760.1,  -13.63, 207.6
 14.86, -761.3,  -13.63, 207.6
 14.88, -762.5,  -13.63, 207.6
 14.90, -763.7,  -13.50, 207.6
 14.92, -764.7,  -13.63, 207.6
 14.94, -765.8,  -13.50, 207.6
 14.96, -766.9,  -13.25, 207.6
 14.98, -768.1,  -13.50, 207.6
 15.00, -769.1,  -13.25, 207.6
 15.02, -770.1,  -13.25, 207.6
 15.04, -771.3,  -13.25, 207.6
 15.06, -772.2,  -13.25, 207.6
 15.08, -773.2,  -13.13, 207.6
 15.10, -774.3,  -13.00, 207.6
 15.12, -775.2,  -13.13, 207.6
 15.14, -776.4,  -13.00, 207.6
 15.16, -777.4,  -12.88, 207.6
 15.18, -778.4,  -12.88, 207.6
 15.20, -779.4,  -12.88, 207.6
 15.22, -780.4,  -12.88, 207.6
 15.24, -781.5,  -12.75, 207.6
 15.26, -782.4,  -12.63, 207.6
 15.28, -783.6,  -12.75, 207.6
 15.30, -784.5,  -12.63, 207.6
 15.32, -785.6,  -12.50, 207.6
 15.34, -786.5,  -12.50, 207.6
 15.36, -787.6,  -12.50, 207.6
 15.38, -788.4,  -12.63, 207.6
 15.40, -789.5,  -12.38, 207.6
 15.42, -790.4,  -12.50, 207.6
 15.44, -791.4,  -12.38, 207.6
 15.46, -792.4,  -12.50, 207.6
 15.48, -793.4,  -12.50, 207.6
 15.50, -794.4,  -12.38, 207.6
 15.52, -795.3,  -12.50, 207.6
 15.54, -796.4,  -12.63, 207.6
 15.56, -797.3,  -12.50, 207.6
 15.58, -798.4,  -12.50, 207.6
 15.60, -799.3,  -12.50, 207.6
 15.62, -800.4,  -12.75, 207.6
 15.64, -801.3,  -12.63, 207.6
 15.66, -802.4,  -12.63, 207.6
 15.68, -803.2,  -12.75, 207.6
 15.70, -804.4,  -12.88, 207.6
 15.72, -805.1,  -12.88, 207.6
 15.74, -806.3,  -12.88, 207.6
 15.76, -807.1,  -13.00, 207.6
 15.78, -808.3,  -13.00, 207.6
 15.80, -809.2,  -13.00, 207.6
 15.82, -810.3,  -13.38, 207.6
 15.84, -811.4,  -13.25, 207.6
 15.86, -812.3,  -13.25, 207.6
 15.88, -813.5,  -13.50, 207.6
 15.90, -814.5,  -13.38, 207.6
 15.92, -815.5,  -13.50, 207.6
 15.94, -816.7,  -13.63, 207.6
 15.96, -817.6,  -13.50, 207.6
 15.98, -818.7,  -13.75, 207.6
 16.00, -819.9,  -13.88, 207.6
 16.02, -820.8,  -13.88, 207.6
 16.04, -821.9,  -14.00, 207.6
 16.06, -823.1,  -13.88, 207.6
 16.08, -824.2,  -14.00, 207.6
 16.10, -825.2,  -14.13, 207.6
 16.12, -826.3,  -14.13, 207.6
 16.14, -827.5,  -14.25, 207.6
 16.16, -828.7,  -14.13, 207.6
 16.18, -829.7,  -14.25, 207.6
 16.20, -830.8,  -14.38, 207.6
 16.22, -831.9,  -14.38, 207.6
 16.24, -833.1,  -14.38, 207.6
 16.26, -834.2,  -14.38, 207.6
 16.28, -835.2,  -14.38, 207.6
 16.30, -836.3,  -14.38, 207.6
 16.32, -837.5,  -14.38, 207.6
 16.34, -838.7,  -14.38, 207.6
 16.36, -839.7,  -14.38, 207.6
 16.38, -840.7,  -14.38, 207.6
 16.40, -841.9,  -14.38, 207.6
 16.42, -843.1,  -14.38, 207.6
 16.44, -844.3,  -14.25, 207.6
 16.46, -845.3,  -14.38, 207.6
 16.48, -846.3,  -14.25, 207.6
 16.50, -847.5,  -14.13, 207.6
 16.52, -848.7,  -14.25, 207.6
 16.54, -849.6,  -14.13, 207.6
 16.56, -850.7,  -14.00, 207.6
 16.58, -851.9,  -14.13, 207.6
 16.60, -852.8,  -14.00, 207.6
 16.62, -853.9,  -14.00, 207.6
 16.64, -855.1,  -14.00, 207.6
 16.66, -856.0,  -13.88, 207.6
 16.68, -857.1,  -13.75, 207.6
 16.70, -858.2,  -13.63, 207.6
 16.72, -859.2,  -13.88, 207.6
 16.74, -860.3,  -13.63, 207.6
 16.76, -861.4,  -13.50, 207.6
 16.78, -862.3,  -13.50, 207.6
 16.80, -863.5,  -13.50, 207.6
 16.82, -864.4,  -13.50, 207.6
 16.84, -865.5,  -13.50, 207.6
 16.86, -866.4,  -13.38, 207.6
 16.88, -867.5,  -13.50, 207.6
 16.90, -868.4,  -13.38, 207.6
 16.92, -869.5,  -13.38, 207.6
 16.94, -870.4,  -13.25, 207.6
 16.96, -871.5,  -13.38, 207.6
 16.98, -872.4,  -13.25, 207.6
 17.00, -873.5,  -13.13, 207.6
 17.02, -874.4,  -13.25, 207.6
 17.04, -875.5,  -13.38, 207.6
 17.06, -876.4,  -13.25, 207.6
 17.08, -877.5,  -13.25, 207.6
 17.10, -878.4,  -13.25, 207.6
 17.12, -879.5,  -13.50, 207.6
 17.14, -880.4,  -13.50, 207.6
 17.16, -881.5,  -13.38, 207.6
 17.18, -882.3,  -13.50, 207.6
 17.20, -883.5,  -13.50, 207.6
 17.22, -884.4,  -13.50, 207.6
 17.24, -885.4,  -13.50, 207.6
 17.26, -886.3,  -13.75, 207.6
 17.28, -887.4,  -13.75, 207.6
 17.30, -888.3,  -13.63, 185.5
 17.32, -889.4,  -13.88, 185.5
 17.34, -890.5,  -14.00, 185.5
 17.36, -891.4,  -13.88, 185.5
 17.38, -892.5,  -14.13, 185.5
 17.40, -893.5,  -14.13, 185.5
 17.42, -894.6,  -14.00, 185.5
 17.44, -895.7,  -14.25, 185.5
 17.46, -896.7,  -14.25, 185.5
 17.48, -897.8,  -14.38, 185.5
 17.50, -898.9,  -14.50, 185.5
 17.52, -899.8,  -14.50, 185.5
 17.54, -901.0,  -14.63, 185.5
 17.56, -902.1,  -14.63, 185.5
 17.58, -903.1,  -14.75, 185.5
 17.60, -904.2,  -14.88, 185.5
 17.62, -905.4,  -14.75, 185.5
 17.64, -906.5,  -14.88, 185.5
 17.66, -907.6,  -15.00, 185.5
 17.68, -908.7,  -15.00, 185.5
 17.70, -909.8,  -15.13, 185.5
 17.72, -911.0,  -15.00, 185.5
 17.74, -912.1,  -15.13, 185.5
 17.76, -913.2,  -15.25, 185.5
 17.78, -914.2,  -15.13, 185.5
 17.80, -915.4,  -15.25, 185.5
 17.82, -916.5,  -15.13, 185.5
 17.84, -917.7,  -15.38, 185.5
 17.86, -918.7,  -15.25, 185.5
 17.88, -919.8,  -15.25, 185.5
 17.90, -921.0,  -15.38, 185.5
 17.92, -922.2,  -15.13, 185.5
 17.94, -923.3,  -15.25, 185.5
 17.96, -924.5,  -15.25, 185.5
 17.98, -925.5,  -15.13, 185.5
 18.00, -926.7,  -15.25, 185.5
 18.02, -927.8,  -15.25, 185.5
 18.04, -928.9,  -15.00, 185.5
 18.06, -930.0,  -15.13, 185.5
 18.08, -931.0,  -15.13, 185.5
 18.10, -932.0,  -15.13, 185.5
 18.12, -933.1,  -15.00, 185.5
 18.14, -934.1,  -15.00, 185.5
 18.16, -935.2,  -14.88, 185.5
 18.18, -936.3,  -15.00, 185.5
 18.20, -937.4,  -14.88, 185.5
 18.22, -938.5,  -14.63, 185.5
 18.24, -939.5,  -14.88, 185.5
 18.26, -940.6,  -14.75, 185.5
 18.28, -941.7,  -14.63, 185.5
 18.30, -942.7,  -14.50, 185.5
 18.32, -943.7,  -14.63, 185.5
 18.34, -944.8,  -14.63, 185.5
 18.36, -945.8,  -14.38, 185.5
 18.38, -946.8,  -14.38, 185.5
 18.40, -947.9,  -14.50, 185.5
 18.42, -948.8,  -14.38, 185.5
 18.44, -949.9,  -14.25, 185.5
 18.46, -950.8,  -14.25, 185.5
 18.48, -951.9,  -14.38, 185.5
 18.50, -952.9,  -14.38, 185.5
 18.52, -953.9,  -14.13, 185.5
 18.54, -954.9,  -14.25, 185.5
 18.56, -955.9,  -14.38, 185.5
 18.58, -957.0,  -14.25, 185.5
 18.60, -957.9,  -14.13, 185.5
 18.62, -958.9,  -14.13, 185.5
 18.64, -959.8,  -14.38, 185.5
 18.66, -960.9,  -14.25, 185.5
 18.68, -961.8,  -14.13, 185.5
 18.70, -962.8,  -14.38, 185.5
 18.72, -963.8,  -14.38, 185.5
 18.74, -964.8,  -14.38, 185.5
 18.76, -965.8,  -14.38, 185.5
 18.78, -966.8,  -14.50, 185.5
 18.80, -967.8,  -14.63, 185.5
 18.82, -968.9,  -14.38, 185.5
 18.84, -969.9,  -14.75, 185.5
 18.86, -970.9,  -14.75, 185.5
 18.88, -972.0,  -14.63, 185.5
 18.90, -973.0,  -14.88, 185.5
 18.92, -974.1,  -14.88, 185.5
 18.94, -975.1,  -14.88, 185.5
 18.96, -976.1,  -15.00, 185.5
 18.98, -977.2,  -15.00, 185.5
 19.00, -978.2,  -15.00, 185.5
 19.02, -979.3,  -15.13, 185.5
 19.04, -980.3,  -15.25, 185.5
 19.06, -981.4,  -15.25, 185.5
 19.08, -982.5,  -15.50, 185.5
 19.10, -983.6,  -15.50, 185.5
 19.12, -984.7,  -15.63, 185.5
 19.14, -985.8,  -15.63, 185.5
 19.16, -986.9,  -15.63, 185.5
 19.18, -988.1,  -15.88, 185.5
 19.20, -989.1,  -15.75, 185.5
 19.22, -990.2,  -15.88, 185.5
 19.24, -991.3,  -15.88, 185.5
 19.26, -992.5,  -15.88, 185.5
 19.28, -993.6,  -15.88, 185.5
 19.30, -994.6,  -15.88, 185.5
 19.32, -995.8,  -16.00, 185.5
 19.34, -996.9,  -16.00, 185.5
 19.36, -998.1,  -16.13, 185.5
 19.38, -999.2,  -16.25, 185.5
 19.40, 1000.2,  -16.00, 185.5
 19.42, 1001.4,  -16.25, 185.5
 19.44, 1002.5,  -16.13, 185.5
 19.46, 1003.7,  -16.13, 185.5
 19.48, 1004.9,  -16.25, 185.5
 19.50, 1006.0,  -16.13, 185.5
 19.52, 1007.0,  -16.13, 185.5
 19.54, 1008.2,  -16.13, 185.5
 19.56, 1009.3,  -15.88, 185.5
 19.58, 1010.5,  -16.00, 185.5
 19.60, 1011.5,  -16.00, 185.5
 19.62, 1012.6,  -15.88, 185.5
 19.64, 1013.7,  -16.00, 185.5
 19.66, 1014.8,  -16.00, 185.5
 19.68, 1015.8,  -15.75, 185.5
 19.70, 1016.9,  -15.88, 185.5
 19.72, 1018.1,  -15.75, 185.5
 19.74, 1019.2,  -15.50, 185.5
 19.76, 1020.2,  -15.88, 185.5
 19.78, 1021.3,  -15.75, 185.5
 19.80, 1022.5,  -15.50, 185.5
 19.82, 1023.4,  -15.63, 185.5
 19.84, 1024.5,  -15.63, 185.5
 19.86, 1025.6,  -15.50, 185.5
 19.88, 1026.5,  -15.25, 185.5
 19.90, 1027.7,  -15.38, 185.5
 19.92, 1028.6,  -15.38, 185.5
 19.94, 1029.7,  -15.13, 185.5
 19.96, 1030.6,  -15.13, 185.5
 19.98, 1031.7,  -15.25, 185.5
 20.00, 1032.6,  -15.25, 185.5
 20.02, 1033.7,  -15.13, 185.5
 20.04, 1034.7,  -15.00, 185.5
 20.06, 1035.7,  -15.25, 185.5
 20.08, 1036.8,  -15.25, 185.5
 20.10, 1037.7,  -15.00, 185.5
 20.12, 1038.9,  -15.13, 189.9
 20.14, 1039.8,  -15.13, 189.9
 20.16, 1040.9,  -15.13, 189.9
 20.18, 1041.8,  -15.00, 189.9
 20.20, 1042.9,  -15.00, 189.9
 20.22, 1043.7,  -15.25, 189.9
 20.24, 1044.9,  -15.13, 189.9
 20.26, 1045.7,  -15.00, 189.9
 20.28, 1046.7,  -15.25, 189.9
 20.30, 1047.7,  -15.25, 189.9
 20.32, 1048.9,  -15.25, 189.9
 20.34, 1049.8,  -15.25, 189.9
 20.36, 1050.9,  -15.50, 189.9
 20.38, 1051.8,  -15.63, 189.9
 20.40, 1052.9,  -15.38, 189.9
 20.42, 1053.9,  -15.50, 189.9
 20.44, 1054.9,  -15.50, 189.9
 20.46, 1056.1,  -15.25, 189.9
 20.48, 1057.0,  -15.75, 189.9
 20.50, 1058.1,  -15.88, 189.9
 20.52, 1059.1,  -15.88, 189.9
 20.54, 1060.1,  -16.13, 189.9
 20.56, 1061.1,  -15.88, 189.9
 20.58, 1062.2,  -15.75, 189.9
 20.60, 1063.3,  -15.88, 189.9
 20.62, 1064.3,  -15.88, 189.9
 20.64, 1065.4,  -16.25, 189.9
 20.66, 1066.5,  -16.38, 189.9
 20.68, 1067.7,  -16.25, 189.9
 20.70, 1068.7,  -16.50, 189.9
 20.72, 1069.8,  -16.50, 189.9
 20.74, 1070.9,  -16.50, 189.9
 20.76, 1072.1,  -16.75, 189.9
 20.78, 1073.2,  -16.63, 189.9
 20.80, 1074.3,  -16.75, 189.9
 20.82, 1075.4,  -16.63, 189.9
 20.84, 1076.5,  -16.75, 189.9
 20.86, 1077.7,  -16.88, 189.9
 20.88, 1078.7,  -16.63, 189.9
 20.90, 1079.8,  -16.88, 189.9
 20.92, 1080.9,  -16.75, 189.9
 20.94, 1082.1,  -17.00, 189.9
 20.96, 1083.3,  -16.88, 189.9
 20.98, 1084.4,  -16.88, 189.9
 21.00, 1085.5,  -17.13, 189.9
 21.02, 1086.7,  -16.88, 189.9
 21.04, 1087.8,  -17.00, 189.9
 21.06, 1088.9,  -17.00, 189.9
 21.08, 1090.1,  -16.75, 189.9
 21.10, 1091.1,  -17.00, 189.9
 21.12, 1092.3,  -16.88, 189.9
 21.14, 1093.3,  -16.75, 189.9
 21.16, 1094.5,  -16.88, 189.9
 21.18, 1095.5,  -16.63, 189.9
 21.20, 1096.7,  -16.75, 189.9
 21.22, 1097.7,  -16.75, 189.9
 21.24, 1098.9,  -16.63, 189.9
 21.26, 1099.9,  -16.63, 189.9
 21.28, 1101.1,  -16.63, 189.9
 21.30, 1102.1,  -16.50, 189.9
 21.32, 1103.1,  -16.50, 189.9
 21.34, 1104.1,  -16.50, 189.9
 21.36, 1105.2,  -16.38, 189.9
 21.38, 1106.3,  -16.13, 189.9
 21.40, 1107.3,  -16.25, 189.9
 21.42, 1108.3,  -16.25, 189.9
 21.44, 1109.3,  -16.00, 189.9
 21.46, 1110.4,  -16.00, 189.9
 21.48, 1111.3,  -16.13, 189.9
 21.50, 1112.4,  -16.13, 189.9
 21.52, 1113.4,  -15.88, 189.9
 21.54, 1114.4,  -16.00, 189.9
 21.56, 1115.4,  -16.00, 189.9
 21.58, 1116.5,  -15.88, 189.9
 21.60, 1117.5,  -15.75, 189.9
 21.62, 1118.5,  -15.88, 189.9
 21.64, 1119.6,  -15.88, 189.9
 21.66, 1120.6,  -15.88, 189.9
 21.68, 1121.6,  -15.63, 189.9
 21.70, 1122.6,  -15.88, 189.9
 21.72, 1123.6,  -15.88, 189.9
 21.74, 1124.6,  -15.75, 189.9
 21.76, 1125.6,  -15.75, 189.9
 21.78, 1126.6,  -15.88, 189.9
 21.80, 1127.6,  -15.88, 189.9
 21.82, 1128.6,  -15.75, 189.9
 21.84, 1129.6,  -15.75, 189.9
 21.86, 1130.6,  -16.00, 189.9
 21.88, 1131.6,  -15.88, 189.9
 21.90, 1132.6,  -15.88, 189.9
 21.92, 1133.6,  -16.13, 189.9
 21.94, 1134.7,  -16.00, 189.9
 21.96, 1135.7,  -16.00, 189.9
 21.98, 1136.8,  -16.13, 189.9
 22.00, 1137.8,  -16.25, 189.9
 22.02, 1138.8,  -16.25, 189.9
 22.04, 1139.8,  -16.25, 189.9
 22.06, 1140.8,  -16.38, 189.9
 22.08, 1142.0,  -16.38, 189.9
 22.10, 1143.0,  -16.50, 189.9
 22.12, 1144.0,  -16.63, 189.9
 22.14, 1145.1,  -16.50, 189.9
 22.16, 1146.2,  -16.75, 189.9
 22.18, 1147.2,  -16.88, 189.9
 22.20, 1148.4,  -16.88, 189.9
 22.22, 1149.4,  -17.00, 189.9
 22.24, 1150.4,  -17.00, 189.9
 22.26, 1151.6,  -17.00, 189.9
 22.28, 1152.8,  -17.13, 189.9
 22.30, 1153.8,  -17.00, 189.9
 22.32, 1154.9,  -17.25, 189.9
 22.34, 1156.0,  -17.25, 189.9
 22.36, 1157.2,  -17.25, 189.9
 22.38, 1158.2,  -17.38, 189.9
 22.40, 1159.3,  -17.38, 189.9
 22.42, 1160.4,  -17.50, 189.9
 22.44, 1161.6,  -17.50, 189.9
 22.46, 1162.8,  -17.63, 189.9
 22.48, 1163.8,  -17.50, 189.9
 22.50, 1165.0,  -17.63, 189.9
 22.52, 1166.0,  -17.63, 189.9
 22.54, 1167.1,  -17.63, 194.3
 22.56, 1168.3,  -17.75, 194.3
 22.58, 1169.5,  -17.50, 194.3
 22.60, 1170.7,  -17.63, 194.3
 22.62, 1171.7,  -17.63, 194.3
 22.64, 1172.8,  -17.50, 194.3
 22.66, 1173.9,  -17.63, 194.3
 22.68, 1175.1,  -17.50, 194.3
 22.70, 1176.3,  -17.50, 194.3
 22.72, 1177.3,  -17.50, 194.3
 22.74, 1178.3,  -17.50, 194.3
 22.76, 1179.5,  -17.63, 194.3
 22.78, 1180.7,  -17.38, 194.3
 22.80, 1181.8,  -17.38, 194.3
 22.82, 1182.8,  -17.50, 194.3
 22.84, 1183.9,  -17.25, 194.3
 22.86, 1185.1,  -17.25, 194.3
 22.88, 1186.3,  -17.25, 194.3
 22.90, 1187.2,  -17.25, 194.3
 22.92, 1188.3,  -17.13, 194.3
 22.94, 1189.5,  -17.13, 194.3
 22.96, 1190.5,  -17.13, 194.3
 22.98, 1191.5,  -16.88, 194.3
 23.00, 1192.7,  -16.88, 194.3
 23.02, 1193.6,  -17.00, 194.3
 23.04, 1194.7,  -16.75, 194.3
 23.06, 1195.7,  -16.88, 194.3
 23.08, 1196.7,  -16.88, 194.3
 23.10, 1197.9,  -16.75, 194.3
 23.12, 1198.8,  -16.75, 194.3
 23.14, 1199.9,  -16.63, 194.3
 23.16, 1201.0,  -16.75, 194.3
 23.18, 1201.9,  -16.63, 194.3
 23.20, 1203.1,  -16.50, 194.3
 23.22, 1204.0,  -16.63, 194.3
 23.24, 1205.1,  -16.63, 194.3
 23.26, 1206.1,  -16.50, 194.3
 23.28, 1207.1,  -16.50, 194.3
 23.30, 1208.1,  -16.63, 194.3
 23.32, 1209.1,  -16.63, 194.3
 23.34, 1210.1,  -16.50, 194.3
 23.36, 1211.1,  -16.63, 194.3
 23.38, 1212.2,  -16.75, 194.3
 23.40, 1213.1,  -16.50, 194.3
 23.42, 1214.2,  -16.63, 194.3
 23.44, 1215.1,  -16.75, 194.3
 23.46, 1216.3,  -16.63, 194.3
 23.48, 1217.2,  -16.75, 194.3
 23.50, 1218.3,  -16.88, 194.3
 23.52, 1219.4,  -16.88, 194.3
 23.54, 1220.3,  -16.88, 194.3
 23.56, 1221.5,  -17.00, 194.3
 23.58, 1222.4,  -17.13, 194.3
 23.60, 1223.5,  -17.00, 194.3
 23.62, 1224.6,  -17.13, 194.3
 23.64, 1225.5,  -17.25, 194.3
 23.66, 1226.7,  -17.13, 194.3
 23.68, 1227.7,  -17.38, 194.3
 23.70, 1228.7,  -17.38, 194.3
 23.72, 1229.9,  -17.38, 194.3
 23.74, 1231.0,  -17.63, 194.3
 23.76, 1231.9,  -17.50, 194.3
 23.78, 1233.1,  -17.75, 194.3
 23.80, 1234.3,  -17.75, 194.3
 23.82, 1235.4,  -17.75, 194.3
 23.84, 1236.4,  -18.00, 194.3
 23.86, 1237.5,  -17.88, 194.3
 23.88, 1238.7,  -18.00, 194.3
 23.90, 1239.8,  -18.00, 194.3
 23.92, 1240.9,  -18.00, 194.3
 23.94, 1241.9,  -18.25, 194.3
 23.96, 1243.1,  -18.13, 194.3
 23.98, 1244.3,  -18.25, 194.3
 24.00, 1245.4,  -18.13, 194.3
 24.02, 1246.4,  -18.25, 194.3
 24.04, 1247.6,  -18.25, 194.3
 24.06, 1248.7,  -18.38, 194.3
 24.08, 1249.9,  -18.38, 194.3
 24.10, 1251.1,  -18.38, 194.3
 24.12, 1252.3,  -18.50, 194.3
 24.14, 1253.5,  -18.50, 194.3
 24.16, 1254.7,  -18.50, 194.3
 24.18, 1255.7,  -18.50, 194.3
 24.20, 1256.8,  -18.38, 194.3
 24.22, 1258.0,  -18.50, 194.3
 24.24, 1259.2,  -18.38, 194.3
 24.26, 1260.3,  -18.38, 194.3
 24.28, 1261.4,  -18.38, 194.3
 24.30, 1262.4,  -18.25, 194.3
 24.32, 1263.6,  -18.38, 194.3
 24.34, 1264.8,  -18.13, 194.3
 24.36, 1265.9,  -18.25, 194.3
 24.38, 1267.0,  -18.38, 194.3
 24.40, 1268.1,  -18.13, 194.3
 24.42, 1269.2,  -18.25, 194.3
 24.44, 1270.4,  -18.25, 194.3
 24.46, 1271.5,  -18.13, 194.3
 24.48, 1272.6,  -18.13, 194.3
 24.50, 1273.6,  -18.00, 194.3
 24.52, 1274.8,  -17.88, 194.3
 24.54, 1275.8,  -17.88, 194.3
 24.56, 1276.8,  -18.00, 194.3
 24.58, 1278.0,  -17.88, 194.3
 24.60, 1279.0,  -17.75, 194.3
 24.62, 1280.0,  -18.00, 194.3
 24.64, 1281.1,  -17.75, 194.3
 24.66, 1282.1,  -17.63, 194.3
 24.68, 1283.2,  -17.88, 194.3
 24.70, 1284.3,  -17.63, 194.3
 24.72, 1285.3,  -17.50, 194.3
 24.74, 1286.3,  -17.63, 194.3
 24.76, 1287.4,  -17.63, 194.3
 24.78, 1288.4,  -17.50, 194.3
 24.80, 1289.5,  -17.38, 194.3
 24.82, 1290.5,  -17.50, 194.3
 24.84, 1291.6,  -17.63, 194.3
 24.86, 1292.6,  -17.38, 194.3
 24.88, 1293.6,  -17.50, 194.3
 24.90, 1294.5,  -17.63, 194.3
 24.92, 1295.5,  -17.50, 194.3
 24.94, 1296.5,  -17.50, 194.3
 24.96, 1297.5,  -17.63, 198.8
 24.98, 1298.6,  -17.63, 198.8
 25.00, 1299.6,  -17.63, 198.8
 25.02, 1300.6,  -17.75, 198.8
 25.04, 1301.7,  -17.88, 198.8
 25.06, 1302.8,  -17.63, 198.8
 25.08, 1303.8,  -17.75, 198.8
 25.10, 1304.9,  -17.88, 198.8
 25.12, 1305.9,  -17.75, 198.8
 25.14, 1307.0,  -17.88, 198.8
 25.16, 1308.0,  -18.13, 198.8
 25.18, 1309.0,  -17.88, 198.8
 25.20, 1310.1,  -18.13, 198.8
 25.22, 1311.1,  -18.13, 198.8
 25.24, 1312.2,  -18.00, 198.8
 25.26, 1313.3,  -18.38, 198.8
 25.28, 1314.3,  -18.25, 198.8
 25.30, 1315.4,  -18.50, 198.8
 25.32, 1316.5,  -18.63, 198.8
 25.34, 1317.6,  -18.50, 198.8
 25.36, 1318.7,  -18.88, 198.8
 25.38, 1319.8,  -18.75, 198.8
 25.40, 1321.0,  -18.88, 198.8
 25.42, 1322.1,  -19.00, 198.8
 25.44, 1323.2,  -18.50, 198.8
 25.46, 1324.3,  -18.63, 198.8
 25.48, 1325.4,  -18.50, 198.8
 25.50, 1326.5,  -18.75, 198.8
 25.52, 1327.7,  -19.25, 198.8
 25.54, 1328.8,  -19.38, 198.8
 25.56, 1329.9,  -19.75, 198.8
 25.58, 1331.0,  -19.50, 198.8
 25.60, 1332.1,  -19.50, 198.8
 25.62, 1333.2,  -19.25, 198.8
 25.64, 1334.4,  -19.38, 198.8
 25.66, 1335.6,  -19.25, 198.8
 25.68, 1336.7,  -19.25, 198.8
 25.70, 1337.8,  -19.25, 198.8
 25.72, 1338.9,  -19.00, 198.8
 25.74, 1340.1,  -19.13, 198.8
 25.76, 1341.2,  -19.00, 198.8
 25.78, 1342.4,  -19.25, 198.8
 25.80, 1343.6,  -19.50, 198.8
 25.82, 1344.6,  -19.25, 198.8
 25.84, 1345.7,  -19.63, 198.8
 25.86, 1346.8,  -19.38, 198.8
 25.88, 1348.0,  -19.25, 198.8
 25.90, 1349.2,  -19.38, 198.8
 25.92, 1350.2,  -19.00, 198.8
 25.94, 1351.3,  -19.13, 198.8
 25.96, 1352.4,  -19.13, 198.8
 25.98, 1353.6,  -18.88, 198.8
 26.00, 1354.8,  -19.13, 198.8
 26.02, 1355.8,  -19.13, 198.8
 26.04, 1356.9,  -19.00, 198.8
 26.06, 1358.0,  -19.13, 198.8
 26.08, 1359.2,  -19.00, 198.8
 26.10, 1360.1,  -18.75, 198.8
 26.12, 1361.2,  -18.75, 198.8
 26.14, 1362.4,  -18.88, 198.8
 26.16, 1363.3,  -18.63, 198.8
 26.18, 1364.4,  -18.63, 198.8
 26.20, 1365.5,  -18.88, 198.8
 26.22, 1366.5,  -18.63, 198.8
 26.24, 1367.6,  -18.50, 198.8
 26.26, 1368.6,  -18.75, 198.8
 26.28, 1369.6,  -18.63, 198.8
 26.30, 1370.8,  -18.38, 198.8
 26.32, 1371.7,  -18.50, 198.8
 26.34, 1372.8,  -18.50, 198.8
 26.36, 1374.0,  -18.38, 198.8
 26.38, 1374.9,  -18.38, 198.8
 26.40, 1376.0,  -18.50, 198.8
 26.42, 1376.9,  -18.63, 198.8
 26.44, 1378.0,  -18.25, 198.8
 26.46, 1378.9,  -18.50, 198.8
 26.48, 1380.0,  -18.63, 198.8
 26.50, 1381.0,  -18.38, 198.8
 26.52, 1382.0,  -18.38, 198.8
 26.54, 1383.1,  -18.63, 198.8
 26.56, 1384.1,  -18.38, 198.8
 26.58, 1385.2,  -18.38, 198.8
 26.60, 1386.1,  -18.63, 198.8
 26.62, 1387.2,  -18.75, 198.8
 26.64, 1388.4,  -18.63, 198.8
 26.66, 1389.3,  -18.88, 198.8
 26.68, 1390.4,  -19.00, 198.8
 26.70, 1391.6,  -18.75, 198.8
 26.72, 1392.5,  -19.00, 198.8
 26.74, 1393.6,  -19.00, 198.8
 26.76, 1394.5,  -18.75, 198.8
 26.78, 1395.6,  -19.13, 198.8
 26.80, 1396.8,  -19.25, 198.8
 26.82, 1397.7,  -19.13, 198.8
 26.84, 1398.8,  -19.38, 198.8
 26.86, 1400.0,  -19.13, 198.8
 26.88, 1400.9,  -19.38, 198.8
 26.90, 1402.0,  -19.50, 198.8
 26.92, 1403.2,  -19.25, 198.8
 26.94, 1404.4,  -19.75, 198.8
 26.96, 1405.3,  -19.63, 198.8
 26.98, 1406.5,  -19.75, 198.8
 27.00, 1407.6,  -19.88, 198.8
 27.02, 1408.8,  -19.63, 198.8
 27.04, 1410.0,  -19.88, 198.8
 27.06, 1410.9,  -19.75, 198.8
 27.08, 1412.0,  -20.00, 198.8
 27.10, 1413.2,  -20.00, 198.8
 27.12, 1414.4,  -20.00, 198.8
 27.14, 1415.5,  -20.13, 198.8
 27.16, 1416.5,  -20.00, 198.8
 27.18, 1417.7,  -20.13, 198.8
 27.20, 1418.8,  -20.00, 198.8
 27.22, 1420.0,  -20.25, 198.8
 27.24, 1421.2,  -20.13, 198.8
 27.26, 1422.3,  -20.25, 198.8
 27.28, 1423.4,  -20.38, 198.8
 27.30, 1424.5,  -20.00, 198.8
 27.32, 1425.7,  -20.38, 198.8
 27.34, 1426.8,  -20.13, 198.8
 27.36, 1427.9,  -20.13, 198.8
 27.38, 1429.1,  -20.38, 194.3
 27.40, 1430.1,  -20.00, 194.3
 27.42, 1431.2,  -20.25, 194.3
 27.44, 1432.3,  -20.13, 194.3
 27.46, 1433.5,  -20.00, 194.3
 27.48, 1434.7,  -20.25, 194.3
 27.50, 1435.7,  -19.88, 194.3
 27.52, 1436.8,  -20.00, 194.3
 27.54, 1437.9,  -20.13, 194.3
 27.56, 1439.1,  -19.75, 194.3
 27.58, 1440.3,  -20.00, 194.3
 27.60, 1441.3,  -20.00, 194.3
 27.62, 1442.4,  -19.63, 194.3
 27.64, 1443.5,  -19.88, 194.3
 27.66, 1444.5,  -19.88, 194.3
 27.68, 1445.6,  -19.63, 194.3
 27.70, 1446.7,  -19.63, 194.3
 27.72, 1447.8,  -19.63, 194.3
 27.74, 1448.8,  -19.50, 194.3
 27.76, 1449.9,  -19.50, 194.3
 27.78, 1450.9,  -19.50, 194.3
 27.80, 1452.0,  -19.50, 194.3
 27.82, 1453.1,  -19.25, 194.3
 27.84, 1454.1,  -19.50, 194.3
 27.86, 1455.1,  -19.50, 194.3
 27.88, 1456.3,  -19.13, 194.3
 27.90, 1457.2,  -19.38, 194.3
 27.92, 1458.3,  -19.50, 194.3
 27.94, 1459.3,  -19.25, 194.3
 27.96, 1460.4,  -19.25, 194.3
 27.98, 1461.4,  -19.38, 194.3
 28.00, 1462.4,  -19.38, 194.3
 28.02, 1463.5,  -19.25, 194.3
 28.04, 1464.5,  -19.25, 194.3
 28.06, 1465.5,  -19.38, 194.3
 28.08, 1466.5,  -19.25, 194.3
 28.10, 1467.5,  -19.13, 194.3
 28.12, 1468.5,  -19.50, 194.3
 28.14, 1469.6,  -19.38, 194.3
 28.16, 1470.7,  -19.25, 194.3
 28.18, 1471.7,  -19.50, 194.3
 28.20, 1472.7,  -19.50, 194.3
 28.22, 1473.8,  -19.38, 194.3
 28.24, 1474.8,  -19.63, 194.3
 28.26, 1475.9,  -19.63, 194.3
 28.28, 1476.9,  -19.50, 194.3
 28.30, 1478.0,  -19.75, 194.3
 28.32, 1479.1,  -19.75, 194.3
 28.34, 1480.1,  -19.63, 194.3
 28.36, 1481.1,  -19.88, 194.3
 28.38, 1482.2,  -19.88, 194.3
 28.40, 1483.3,  -19.88, 194.3
 28.42, 1484.3,  -20.00, 194.3
 28.44, 1485.4,  -20.00, 194.3
 28.46, 1486.5,  -20.13, 194.3
 28.48, 1487.6,  -20.13, 194.3
 28.50, 1488.7,  -20.25, 194.3
 28.52, 1489.8,  -20.38, 194.3
 28.54, 1490.9,  -20.25, 194.3
 28.56, 1492.1,  -20.50, 194.3
 28.58, 1493.1,  -20.50, 194.3
 28.60, 1494.3,  -20.50, 194.3
 28.62, 1495.4,  -20.75, 194.3
 28.64, 1496.5,  -20.50, 194.3
 28.66, 1497.7,  -20.75, 194.3
 28.68, 1498.8,  -20.63, 194.3
 28.70, 1499.9,  -20.75, 194.3
 28.72, 1501.0,  -20.88, 194.3
 28.74, 1502.1,  -20.75, 194.3
 28.76, 1503.3,  -21.00, 194.3
 28.78, 1504.4,  -20.88, 194.3
 28.80, 1505.5,  -21.00, 194.3
 28.82, 1506.7,  -20.88, 194.3
 28.84, 1507.8,  -21.00, 194.3
 28.86, 1508.9,  -21.00, 194.3
 28.88, 1510.1,  -21.00, 194.3
 28.90, 1511.3,  -21.00, 194.3
 28.92, 1512.5,  -21.00, 194.3
 28.94, 1513.6,  -21.00, 194.3
 28.96, 1514.7,  -21.00, 194.3
 28.98, 1515.9,  -20.88, 194.3
 29.00, 1516.9,  -20.88, 194.3
 29.02, 1518.1,  -20.75, 194.3
 29.04, 1519.2,  -20.88, 194.3
 29.06, 1520.3,  -20.75, 194.3
 29.08, 1521.4,  -20.63, 194.3
 29.10, 1522.5,  -20.88, 194.3
 29.12, 1523.7,  -20.75, 194.3
 29.14, 1524.8,  -20.75, 194.3
 29.16, 1525.9,  -20.88, 194.3
 29.18, 1526.9,  -20.63, 194.3
 29.20, 1528.1,  -20.75, 194.3
 29.22, 1529.2,  -20.63, 194.3
 29.24, 1530.2,  -20.50, 194.3
 29.26, 1531.3,  -20.38, 194.3
 29.28, 1532.4,  -20.38, 194.3
 29.30, 1533.5,  -20.25, 194.3
 29.32, 1534.5,  -20.13, 194.3
 29.34, 1535.6,  -20.38, 194.3
 29.36, 1536.7,  -20.25, 194.3
 29.38, 1537.7,  -20.13, 194.3
 29.40, 1538.8,  -20.25, 194.3
 29.42, 1539.8,  -20.25, 194.3
 29.44, 1540.8,  -20.00, 194.3
 29.46, 1542.0,  -20.25, 194.3
 29.48, 1543.0,  -20.25, 194.3
 29.50, 1544.0,  -20.00, 194.3
 29.52, 1545.1,  -20.13, 194.3
 29.54, 1546.1,  -20.13, 194.3
 29.56, 1547.2,  -20.00, 194.3
 29.58, 1548.2,  -20.00, 194.3
 29.60, 1549.2,  -20.13, 194.3
 29.62, 1550.4,  -20.13, 194.3
 29.64, 1551.4,  -20.00, 194.3
 29.66, 1552.4,  -20.13, 194.3
 29.68, 1553.4,  -20.13, 194.3
 29.70, 1554.4,  -20.00, 194.3
 29.72, 1555.5,  -20.13, 194.3
 29.74, 1556.5,  -20.25, 194.3
 29.76, 1557.6,  -20.13, 194.3
 29.78, 1558.6,  -20.38, 185.5
 29.80, 1559.6,  -20.38, 185.5
 29.82, 1560.8,  -20.25, 185.5
 29.84, 1561.8,  -20.50, 185.5
 29.86, 1562.9,  -20.50, 185.5
 29.88, 1564.0,  -20.38, 185.5
 29.90, 1565.1,  -20.75, 185.5
 29.92, 1566.1,  -20.50, 185.5
 29.94, 1567.2,  -20.63, 185.5
 29.96, 1568.3,  -20.88, 185.5
 29.98, 1569.3,  -20.63, 185.5
 30.00, 1570.4,  -20.88, 185.5
 30.02, 1571.5,  -21.00, 185.5
 30.04, 1572.6,  -20.88, 185.5
 30.06, 1573.7,  -21.13, 185.5
 30.08, 1574.8,  -21.00, 185.5
 30.10, 1575.9,  -21.13, 185.5
 30.12, 1577.0,  -21.13, 185.5
 30.14, 1578.1,  -21.25, 185.5
 30.16, 1579.3,  -21.50, 185.5
 30.18, 1580.4,  -21.38, 185.5
 30.20, 1581.6,  -21.50, 185.5
 30.22, 1582.7,  -21.50, 185.5
 30.24, 1583.9,  -21.50, 185.5
 30.26, 1585.0,  -21.50, 185.5
 30.28, 1586.0,  -21.63, 185.5
 30.30, 1587.1,  -21.63, 185.5
 30.32, 1588.3,  -21.63, 185.5
 30.34, 1589.5,  -21.75, 185.5
 30.36, 1590.6,  -21.63, 185.5
 30.38, 1591.8,  -21.88, 185.5
 30.40, 1592.9,  -21.63, 185.5
 30.42, 1594.0,  -21.88, 185.5
 30.44, 1595.2,  -21.75, 185.5
 30.46, 1596.3,  -21.88, 185.5
 30.48, 1597.5,  -21.88, 185.5
 30.50, 1598.7,  -21.75, 185.5
 30.52, 1599.9,  -21.88, 185.5
 30.54, 1601.0,  -21.75, 185.5
 30.56, 1602.2,  -21.88, 185.5
 30.58, 1603.4,  -21.88, 185.5
 30.60, 1604.5,  -21.75, 185.5
 30.62, 1605.7,  -21.75, 185.5
 30.64, 1606.8,  -21.50, 185.5
 30.66, 1608.0,  -21.75, 185.5
 30.68, 1609.1,  -21.63, 185.5
 30.70, 1610.1,  -21.50, 185.5
 30.72, 1611.3,  -21.75, 185.5
 30.74, 1612.4,  -21.38, 185.5
 30.76, 1613.6,  -21.50, 185.5
 30.78, 1614.7,  -21.63, 185.5
 30.80, 1615.7,  -21.25, 185.5
 30.82, 1616.9,  -21.50, 185.5
 30.84, 1618.0,  -21.38, 185.5
 30.86, 1619.1,  -21.13, 185.5
 30.88, 1620.2,  -21.38, 185.5
 30.90, 1621.3,  -21.25, 185.5
 30.92, 1622.4,  -21.13, 185.5
 30.94, 1623.4,  -21.13, 185.5
 30.96, 1624.5,  -21.13, 185.5
 30.98, 1625.6,  -21.13, 185.5
 31.00, 1626.6,  -21.00, 185.5
 31.02, 1627.6,  -21.13, 185.5
 31.04, 1628.7,  -21.00, 185.5
 31.06, 1629.8,  -21.00, 185.5
 31.08, 1630.8,  -21.13, 185.5
 31.10, 1631.9,  -21.00, 185.5
 31.12, 1633.0,  -21.00, 185.5
 31.14, 1634.0,  -21.13, 185.5
 31.16, 1635.1,  -21.00, 185.5
 31.18, 1636.2,  -20.88, 185.5
 31.20, 1637.2,  -21.13, 185.5
 31.22, 1638.3,  -21.00, 185.5
 31.24, 1639.3,  -20.88, 185.5
 31.26, 1640.4,  -21.25, 185.5
 31.28, 1641.4,  -21.13, 185.5
 31.30, 1642.5,  -21.00, 185.5
 31.32, 1643.5,  -21.25, 185.5
 31.34, 1644.6,  -21.13, 185.5
 31.36, 1645.6,  -21.25, 185.5
 31.38, 1646.7,  -21.38, 185.5
 31.40, 1647.8,  -21.25, 185.5
 31.42, 1648.8,  -21.38, 185.5
 31.44, 1649.9,  -21.50, 185.5
 31.46, 1651.0,  -21.38, 185.5
 31.48, 1652.1,  -21.63, 185.5
 31.50, 1653.1,  -21.63, 185.5
 31.52, 1654.3,  -21.63, 185.5
 31.54, 1655.4,  -21.88, 185.5
 31.56, 1656.5,  -21.63, 185.5
 31.58, 1657.5,  -21.88, 185.5
 31.60, 1658.6,  -21.88, 185.5
 31.62, 1659.8,  -21.75, 185.5
 31.64, 1660.9,  -22.13, 185.5
 31.66, 1661.9,  -21.88, 185.5
 31.68, 1663.1,  -22.25, 185.5
 31.70, 1664.2,  -22.13, 185.5
 31.72, 1665.3,  -22.25, 185.5
 31.74, 1666.5,  -22.50, 185.5
 31.76, 1667.6,  -22.38, 185.5
 31.78, 1668.7,  -22.50, 185.5
 31.80, 1669.9,  -22.38, 185.5
 31.82, 1671.1,  -22.63, 185.5
 31.84, 1672.2,  -22.38, 185.5
 31.86, 1673.4,  -22.75, 185.5
 31.88, 1674.6,  -22.50, 185.5
 31.90, 1675.7,  -22.63, 185.5
 31.92, 1676.8,  -22.75, 185.5
 31.94, 1677.9,  -22.50, 185.5
 31.96, 1679.1,  -22.88, 185.5
 31.98, 1680.2,  -22.50, 185.5
 32.00, 1681.4,  -22.88, 185.5
 32.02, 1682.6,  -22.63, 185.5
 32.04, 1683.8,  -22.88, 185.5
 32.06, 1684.9,  -22.75, 185.5
 32.08, 1686.1,  -22.88, 185.5
 32.10, 1687.2,  -22.88, 185.5
 32.12, 1688.3,  -22.75, 185.5
 32.14, 1689.5,  -23.00, 185.5
 32.16, 1690.7,  -22.63, 185.5
 32.18, 1691.8,  -22.88, 185.5
 32.20, 1693.0,  -22.75, 185.5
 32.22, 1694.2,  -22.50, 185.5
 32.24, 1695.3,  -22.75, 185.5
 32.26, 1696.3,  -22.50, 185.5
 32.28, 1697.5,  -22.63, 185.5
 32.30, 1698.6,  -22.75, 185.5
 32.32, 1699.8,  -22.38, 185.5
 32.34, 1700.8,  -22.63, 185.5
 32.36, 1701.9,  -22.50, 185.5
 32.38, 1703.0,  -22.25, 185.5
 32.40, 1704.2,  -22.63, 185.5
 32.42, 1705.3,  -22.38, 185.5
 32.44, 1706.3,  -22.25, 185.5
 32.46, 1707.4,  -22.50, 185.5
 32.48, 1708.6,  -22.25, 185.5
 32.50, 1709.7,  -22.13, 185.5
 32.52, 1710.7,  -22.38, 185.5
 32.54, 1711.8,  -22.13, 185.5
 32.56, 1713.0,  -22.00, 185.5
 32.58, 1713.9,  -22.25, 185.5
 32.60, 1715.0,  -22.13, 187.1
 32.62, 1716.1,  -22.00, 187.1
 32.64, 1717.1,  -22.13, 187.1
 32.66, 1718.2,  -22.13, 187.1
 32.68, 1719.2,  -21.88, 187.1
 32.70, 1720.2,  -22.00, 187.1
 32.72, 1721.4,  -22.13, 187.1
 32.74, 1722.3,  -21.88, 187.1
 32.76, 1723.4,  -22.13, 187.1
 32.78, 1724.6,  -22.25, 187.1
 32.80, 1725.5,  -22.00, 187.1
 32.82, 1726.6,  -22.13, 187.1
 32.84, 1727.8,  -22.25, 187.1
 32.86, 1728.7,  -22.00, 187.1
 32.88, 1729.8,  -22.00, 187.1
 32.90, 1730.8,  -22.38, 187.1
 32.92, 1731.9,  -22.13, 187.1
 32.94, 1733.0,  -22.25, 187.1
 32.96, 1733.9,  -22.38, 187.1
 32.98, 1735.0,  -22.13, 187.1
 33.00, 1736.2,  -22.50, 187.1
 33.02, 1737.1,  -22.50, 187.1
 33.04, 1738.2,  -22.38, 187.1
 33.06, 1739.4,  -22.75, 187.1
 33.08, 1740.4,  -22.50, 187.1
 33.10, 1741.5,  -22.63, 187.1
 33.12, 1742.6,  -22.88, 187.1
 33.14, 1743.8,  -22.63, 187.1
 33.16, 1744.9,  -23.00, 187.1
 33.18, 1745.9,  -22.88, 187.1
 33.20, 1747.0,  -22.88, 187.1
 33.22, 1748.2,  -23.13, 187.1
 33.24, 1749.2,  -22.88, 187.1
 33.26, 1750.3,  -23.13, 187.1
 33.28, 1751.4,  -23.13, 187.1
 33.30, 1752.6,  -23.13, 187.1
 33.32, 1753.8,  -23.25, 187.1
 33.34, 1754.8,  -23.25, 187.1
 33.36, 1755.9,  -23.38, 187.1
 33.38, 1757.1,  -23.25, 187.1
 33.40, 1758.2,  -23.63, 187.1
 33.42, 1759.4,  -23.25, 187.1
 33.44, 1760.6,  -23.63, 187.1
 33.46, 1761.8,  -23.50, 187.1
 33.48, 1763.0,  -23.63, 187.1
 33.50, 1764.1,  -23.75, 187.1
 33.52, 1765.1,  -23.50, 187.1
 33.54, 1766.3,  -23.75, 187.1
 33.56, 1767.5,  -23.50, 187.1
 33.58, 1768.6,  -23.75, 187.1
 33.60, 1769.8,  -23.63, 187.1
 33.62, 1771.0,  -23.75, 187.1
 33.64, 1772.2,  -23.75, 187.1
 33.66, 1773.2,  -23.63, 187.1
 33.68, 1774.3,  -23.88, 187.1
 33.70, 1775.5,  -23.50, 187.1
 33.72, 1776.6,  -23.75, 187.1
 33.74, 1777.8,  -23.63, 187.1
 33.76, 1779.0,  -23.50, 187.1
 33.78, 1780.2,  -23.75, 187.1
 33.80, 1781.4,  -23.75, 187.1
 33.82, 1782.5,  -23.63, 187.1
 33.84, 1783.7,  -23.63, 187.1
 33.86, 1784.8,  -23.25, 187.1
 33.88, 1786.0,  -23.50, 187.1
 33.90, 1787.0,  -23.38, 187.1
 33.92, 1788.1,  -23.25, 187.1
 33.94, 1789.2,  -23.50, 187.1
 33.96, 1790.4,  -23.25, 187.1
 33.98, 1791.4,  -23.13, 187.1
 34.00, 1792.5,  -23.38, 187.1
 34.02, 1793.6,  -23.00, 187.1
 34.04, 1794.8,  -23.13, 187.1
 34.06, 1795.7,  -23.25, 187.1
 34.08, 1796.7,  -23.00, 187.1
 34.10, 1797.9,  -23.13, 187.1
 34.12, 1798.9,  -23.25, 187.1
 34.14, 1800.0,  -22.88, 187.1
 34.16, 1801.1,  -23.00, 187.1
 34.18, 1802.1,  -23.13, 187.1
 34.20, 1803.1,  -23.13, 187.1
 34.22, 1804.2,  -22.88, 187.1
 34.24, 1805.2,  -23.00, 187.1
 34.26, 1806.2,  -23.00, 187.1
 34.28, 1807.4,  -22.88, 187.1
 34.30, 1808.3,  -23.00, 187.1
 34.32, 1809.4,  -23.00, 187.1
 34.34, 1810.4,  -22.88, 187.1
 34.36, 1811.5,  -23.00, 187.1
 34.38, 1812.6,  -23.13, 187.1
 34.40, 1813.6,  -22.88, 187.1
 34.42, 1814.6,  -23.00, 187.1
 34.44, 1815.8,  -23.13, 187.1
 34.46, 1816.8,  -22.88, 187.1
 34.48, 1817.8,  -23.13, 187.1
 34.50, 1819.0,  -23.13, 187.1
 34.52, 1820.0,  -23.00, 187.1
 34.54, 1821.0,  -23.13, 187.1
 34.56, 1822.1,  -23.25, 187.1
 34.58, 1823.2,  -23.00, 187.1
 34.60, 1824.2,  -23.38, 187.1
 34.62, 1825.2,  -23.25, 187.1
 34.64, 1826.4,  -23.25, 187.1
 34.66, 1827.3,  -23.50, 187.1
 34.68, 1828.5,  -23.38, 187.1
 34.70, 1829.5,  -23.63, 187.1
 34.72, 1830.6,  -23.63, 187.1
 34.74, 1831.7,  -23.63, 187.1
 34.76, 1832.9,  -23.75, 187.1
 34.78, 1833.9,  -23.63, 187.1
 34.80, 1835.1,  -23.88, 187.1
 34.82, 1836.2,  -23.75, 187.1
 34.84, 1837.3,  -23.88, 187.1
 34.86, 1838.5,  -24.00, 187.1
 34.88, 1839.5,  -23.88, 187.1
 34.90, 1840.7,  -24.13, 187.1
 34.92, 1841.8,  -24.00, 187.1
 34.94, 1842.9,  -24.25, 187.1
 34.96, 1844.1,  -24.13, 187.1
 34.98, 1845.1,  -24.13, 187.1
 35.00, 1846.3,  -24.38, 187.1
 35.02, 1847.5,  -24.13, 187.1
 35.04, 1848.6,  -24.38, 187.1
 35.06, 1849.7,  -24.25, 187.1
 35.08, 1850.9,  -24.50, 187.1
 35.10, 1852.0,  -24.38, 187.1
 35.12, 1853.2,  -24.50, 187.1
 35.14, 1854.3,  -24.38, 187.1
 35.16, 1855.4,  -24.38, 187.1
 35.18, 1856.6,  -24.50, 187.1
 35.20, 1857.8,  -24.25, 187.1
 35.22, 1858.9,  -24.50, 187.1
 35.24, 1859.9,  -24.38, 187.1
 35.26, 1861.1,  -24.38, 187.1
 35.28, 1862.2,  -24.50, 187.1
 35.30, 1863.3,  -24.25, 187.1
 35.32, 1864.5,  -24.38, 187.1
 35.34, 1865.6,  -24.25, 187.1
 35.36, 1866.8,  -24.38, 187.1
 35.38, 1867.9,  -24.25, 187.1
 35.40, 1869.1,  -24.25, 187.1
 35.42, 1870.1,  -24.38, 187.1
 35.44, 1871.3,  -24.13, 187.1
 35.46, 1872.5,  -24.25, 187.1
 35.48, 1873.6,  -24.13, 187.1
 35.50, 1874.7,  -24.13, 187.1
 35.52, 1875.8,  -24.13, 187.1
 35.54, 1876.9,  -24.00, 187.1
 35.56, 1878.1,  -24.00, 187.1
 35.58, 1879.1,  -24.00, 187.1
 35.60, 1880.1,  -23.88, 187.1
 35.62, 1881.3,  -23.88, 187.1
 35.64, 1882.3,  -23.88, 187.1
 35.66, 1883.4,  -23.88, 187.1
 35.68, 1884.5,  -23.75, 187.1
 35.70, 1885.6,  -23.88, 187.1
 35.72, 1886.6,  -23.75, 187.1
 35.74, 1887.7,  -23.75, 187.1
 35.76, 1888.9,  -23.88, 187.1
 35.78, 1889.9,  -23.75, 187.1
 35.80, 1890.9,  -23.63, 187.1
 35.82, 1892.1,  -23.75, 187.1
 35.84, 1893.1,  -23.75, 187.1
 35.86, 1894.1,  -23.50, 187.1
 35.88, 1895.3,  -23.75, 187.1
 35.90, 1896.3,  -23.75, 187.1
 35.92, 1897.3,  -23.50, 187.1
 35.94, 1898.4,  -23.75, 187.1
 35.96, 1899.4,  -23.75, 187.1
 35.98, 1900.5,  -23.63, 187.1
 36.00, 1901.6,  -23.88, 187.1
 36.02, 1902.6,  -23.75, 187.1
 36.04, 1903.7,  -23.75, 187.1
 36.06, 1904.8,  -24.00, 187.1
 36.08, 1905.8,  -23.88, 187.1
 36.10, 1906.9,  -23.88, 187.1
 36.12, 1908.0,  -24.13, 187.1
 36.14, 1909.1,  -23.88, 187.1
 36.16, 1910.2,  -24.13, 187.1
 36.18, 1911.3,  -24.13, 187.1
 36.20, 1912.4,  -24.00, 187.1
 36.22, 1913.4,  -24.25, 187.1
 36.24, 1914.4,  -24.13, 187.1
 36.26, 1915.6,  -24.25, 187.1
 36.28, 1916.6,  -24.38, 187.1
 36.30, 1917.7,  -24.38, 187.1
 36.32, 1918.8,  -24.50, 187.1
 36.34, 1919.9,  -24.50, 187.1
 36.36, 1921.1,  -24.63, 187.1
 36.38, 1922.1,  -24.50, 187.1
 36.40, 1923.2,  -24.75, 187.1
 36.42, 1924.4,  -24.75, 187.1
 36.44, 1925.6,  -24.63, 187.1
 36.46, 1926.8,  -25.00, 187.1
 36.48, 1927.9,  -24.75, 187.1
 36.50, 1929.0,  -25.00, 187.1
 36.52, 1930.2,  -24.88, 187.1
 36.54, 1931.3,  -25.00, 187.1
 36.56, 1932.4,  -25.13, 187.1
 36.58, 1933.6,  -25.13, 187.1
 36.60, 1934.8,  -25.13, 187.1
 36.62, 1936.0,  -25.13, 187.1
 36.64, 1937.1,  -25.13, 187.1
 36.66, 1938.3,  -25.00, 187.1
 36.68, 1939.4,  -25.38, 187.1
 36.70, 1940.5,  -25.13, 187.1
 36.72, 1941.7,  -25.38, 187.1
 36.74, 1942.9,  -25.25, 187.1
 36.76, 1944.0,  -25.38, 187.1
 36.78, 1945.2,  -25.25, 187.1
 36.80, 1946.4,  -25.38, 187.1
 36.82, 1947.6,  -25.25, 187.1
 36.84, 1948.8,  -25.25, 187.1
 36.86, 1950.0,  -25.38, 187.1
 36.88, 1951.1,  -25.13, 187.1
 36.90, 1952.3,  -25.38, 187.1
 36.92, 1953.4,  -25.13, 187.1
 36.94, 1954.5,  -25.13, 187.1
 36.96, 1955.7,  -25.25, 187.1
 36.98, 1956.8,  -25.00, 187.1
 37.00, 1958.0,  -25.13, 187.1
 37.02, 1959.1,  -25.00, 187.1
 37.04, 1960.3,  -25.00, 187.1
 37.06, 1961.4,  -25.00, 187.1
 37.08, 1962.5,  -24.88, 187.1
 37.10, 1963.6,  -25.00, 187.1
 37.12, 1964.8,  -24.88, 187.1
 37.14, 1965.9,  -24.88, 187.1
 37.16, 1967.0,  -24.88, 187.1
 37.18, 1968.1,  -24.88, 187.1
 37.20, 1969.2,  -24.88, 187.1
 37.22, 1970.4,  -24.88, 187.1
 37.24, 1971.5,  -24.63, 187.1
 37.26, 1972.5,  -24.75, 187.1
 37.28, 1973.6,  -24.75, 187.1
 37.30, 1974.7,  -24.50, 187.1
 37.32, 1975.8,  -24.63, 187.1
 37.34, 1976.8,  -24.63, 187.1
 37.36, 1978.0,  -24.50, 187.1
 37.38, 1979.0,  -24.63, 187.1
 37.40, 1980.1,  -24.50, 187.1
 37.42, 1981.2,  -24.50, 187.1
 37.44, 1982.3,  -24.63, 172.3
 37.46, 1983.3,  -24.63, 172.3
 37.48, 1984.4,  -24.63, 172.3
 37.50, 1985.5,  -24.75, 172.3
 37.52, 1986.6,  -24.63, 172.3
 37.54, 1987.7,  -24.63, 172.3
 37.56, 1988.7,  -24.75, 172.3
 37.58, 1989.8,  -24.63, 172.3
 37.60, 1990.9,  -24.63, 172.3
 37.62, 1992.0,  -24.75, 172.3
 37.64, 1993.0,  -24.63, 172.3
 37.66, 1994.1,  -24.88, 172.3
 37.68, 1995.2,  -24.88, 172.3
 37.70, 1996.3,  -24.88, 172.3
 37.72, 1997.4,  -25.00, 172.3
 37.74, 1998.4,  -24.88, 172.3
 37.76, 1999.5,  -25.13, 172.3
 37.78, 2000.7,  -25.13, 172.3
 37.80, 2001.8,  -25.13, 172.3
 37.82, 2002.9,  -25.38, 172.3
 37.84, 2004.0,  -25.13, 172.3
 37.86, 2005.1,  -25.50, 172.3
 37.88, 2006.3,  -25.38, 172.3
 37.90, 2007.4,  -25.38, 172.3
 37.92, 2008.5,  -25.63, 172.3
 37.94, 2009.6,  -25.38, 172.3
 37.96, 2010.7,  -25.63, 172.3
 37.98, 2011.9,  -25.63, 172.3
 38.00, 2013.0,  -25.75, 172.3
 38.02, 2014.2,  -25.63, 172.3
 38.04, 2015.3,  -25.88, 172.3
 38.06, 2016.5,  -25.75, 172.3
 38.08, 2017.6,  -26.00, 172.3
 38.10, 2018.7,  -26.00, 172.3
 38.12, 2019.9,  -26.00, 172.3
 38.14, 2021.1,  -26.13, 172.3
 38.16, 2022.3,  -26.00, 172.3
 38.18, 2023.5,  -26.13, 172.3
 38.20, 2024.6,  -26.00, 172.3
 38.22, 2025.8,  -26.25, 172.3
 38.24, 2027.0,  -26.00, 172.3
 38.26, 2028.2,  -26.38, 172.3
 38.28, 2029.3,  -26.00, 172.3
 38.30, 2030.5,  -26.25, 172.3
 38.32, 2031.7,  -26.25, 172.3
 38.34, 2032.7,  -26.25, 172.3
 38.36, 2033.9,  -26.25, 172.3
 38.38, 2035.1,  -26.25, 172.3
 38.40, 2036.3,  -26.38, 172.3
 38.42, 2037.5,  -26.25, 172.3
 38.44, 2038.6,  -26.38, 172.3
 38.46, 2039.8,  -26.13, 172.3
 38.48, 2041.0,  -26.38, 172.3
 38.50, 2042.2,  -26.25, 172.3
 38.52, 2043.4,  -26.13, 172.3
 38.54, 2044.5,  -26.38, 172.3
 38.56, 2045.7,  -25.88, 172.3
 38.58, 2046.7,  -26.13, 172.3
 38.60, 2047.9,  -26.00, 172.3
 38.62, 2049.0,  -26.00, 172.3
 38.64, 2050.2,  -26.00, 172.3
 38.66, 2051.3,  -25.88, 172.3
 38.68, 2052.4,  -26.00, 172.3
 38.70, 2053.5,  -25.88, 172.3
 38.72, 2054.6,  -25.88, 172.3
 38.74, 2055.8,  -26.00, 172.3
 38.76, 2056.9,  -25.88, 172.3
 38.78, 2057.9,  -26.00, 172.3
 38.80, 2059.1,  -25.88, 172.3
 38.82, 2060.2,  -25.75, 172.3
 38.84, 2061.4,  -25.88, 172.3
 38.86, 2062.3,  -25.88, 172.3
 38.88, 2063.5,  -25.63, 172.3
 38.90, 2064.6,  -25.75, 172.3
 38.92, 2065.7,  -25.75, 172.3
 38.94, 2066.7,  -25.50, 172.3
 38.96, 2067.8,  -25.63, 172.3
 38.98, 2069.0,  -25.63, 172.3
 39.00, 2069.9,  -25.50, 172.3
 39.02, 2071.0,  -25.75, 172.3
 39.04, 2072.2,  -25.63, 172.3
 39.06, 2073.1,  -25.63, 172.3
 39.08, 2074.2,  -25.75, 172.3
 39.10, 2075.4,  -25.63, 172.3
 39.12, 2076.4,  -25.63, 172.3
 39.14, 2077.5,  -25.75, 172.3
 39.16, 2078.6,  -25.63, 172.3
 39.18, 2079.7,  -25.75, 172.3
 39.20, 2080.7,  -25.88, 172.3
 39.22, 2081.8,  -25.75, 172.3
 39.24, 2083.0,  -26.00, 172.3
 39.26, 2083.9,  -25.88, 172.3
 39.28, 2085.1,  -25.88, 172.3
 39.30, 2086.2,  -26.00, 172.3
 39.32, 2087.2,  -25.88, 172.3
 39.34, 2088.3,  -26.00, 172.3
 39.36, 2089.4,  -26.13, 172.3
 39.38, 2090.6,  -26.00, 172.3
 39.40, 2091.5,  -26.38, 172.3
 39.42, 2092.7,  -26.13, 172.3
 39.44, 2093.8,  -26.38, 172.3
 39.46, 2095.0,  -26.50, 172.3
 39.48, 2096.0,  -26.25, 172.3
 39.50, 2097.1,  -26.63, 172.3
 39.52, 2098.3,  -26.38, 172.3
 39.54, 2099.4,  -26.63, 172.3
 39.56, 2100.6,  -26.63, 172.3
 39.58, 2101.8,  -26.75, 172.3
 39.60, 2103.0,  -26.88, 172.3
 39.62, 2104.0,  -26.75, 172.3
 39.64, 2105.1,  -27.00, 172.3
 39.66, 2106.3,  -26.75, 172.3
 39.68, 2107.4,  -27.00, 172.3
 39.70, 2108.6,  -26.88, 172.3
 39.72, 2109.8,  -27.13, 172.3
 39.74, 2111.0,  -27.00, 172.3
 39.76, 2112.0,  -27.13, 172.3
 39.78, 2113.2,  -27.00, 172.3
 39.80, 2114.3,  -27.38, 172.3
 39.82, 2115.5,  -27.13, 172.3
 39.84, 2116.7,  -27.13, 172.3
 39.86, 2117.9,  -27.38, 181.1
 39.88, 2119.1,  -27.13, 181.1
 39.90, 2120.2,  -27.38, 181.1
 39.92, 2121.4,  -27.13, 181.1
 39.94, 2122.6,  -27.38, 181.1
 39.96, 2123.8,  -27.25, 181.1
 39.98, 2125.0,  -27.38, 181.1
 40.00, 2126.1,  -27.25, 181.1
 40.02, 2127.2,  -27.13, 181.1
 40.04, 2128.3,  -27.38, 181.1
 40.06, 2129.5,  -27.00, 181.1
 40.08, 2130.6,  -27.38, 181.1
 40.10, 2131.8,  -27.13, 181.1
 40.12, 2133.0,  -27.13, 181.1
 40.14, 2134.2,  -27.25, 181.1
 40.16, 2135.2,  -27.00, 181.1
 40.18, 2136.3,  -27.13, 181.1
 40.20, 2137.5,  -27.00, 181.1
 40.22, 2138.6,  -27.00, 181.1
 40.24, 2139.8,  -27.13, 181.1
 40.26, 2141.0,  -26.88, 181.1
 40.28, 2142.0,  -27.00, 181.1
 40.30, 2143.1,  -27.00, 181.1
 40.32, 2144.2,  -26.75, 181.1
 40.34, 2145.4,  -26.88, 181.1
 40.36, 2146.4,  -26.88, 181.1
 40.38, 2147.5,  -26.63, 181.1
 40.40, 2148.6,  -26.75, 181.1
 40.42, 2149.7,  -26.75, 181.1
 40.44, 2150.8,  -26.63, 181.1
 40.46, 2151.8,  -26.75, 181.1
 40.48, 2153.0,  -26.63, 181.1
 40.50, 2154.0,  -26.63, 181.1
 40.52, 2155.1,  -26.75, 181.1
 40.54, 2156.2,  -26.50, 181.1
 40.56, 2157.4,  -26.50, 181.1
 40.58, 2158.4,  -26.63, 181.1
 40.60, 2159.4,  -26.50, 181.1
 40.62, 2160.6,  -26.50, 181.1
 40.64, 2161.6,  -26.63, 181.1
 40.66, 2162.6,  -26.50, 181.1
 40.68, 2163.8,  -26.50, 181.1
 40.70, 2164.8,  -26.63, 181.1
 40.72, 2165.8,  -26.50, 181.1
 40.74, 2167.0,  -26.50, 181.1
 40.76, 2167.9,  -26.75, 181.1
 40.78, 2169.0,  -26.63, 181.1
 40.80, 2170.2,  -26.75, 181.1
 40.82, 2171.2,  -26.75, 181.1
 40.84, 2172.2,  -26.75, 181.1
 40.86, 2173.3,  -26.88, 181.1
 40.88, 2174.3,  -26.88, 181.1
 40.90, 2175.4,  -26.88, 181.1
 40.92, 2176.5,  -27.00, 181.1
 40.94, 2177.7,  -26.88, 181.1
 40.96, 2178.7,  -27.13, 181.1
 40.98, 2179.8,  -27.13, 181.1
 41.00, 2180.9,  -27.13, 181.1
 41.02, 2182.1,  -27.38, 181.1
 41.04, 2183.1,  -27.13, 181.1
 41.06, 2184.2,  -27.38, 181.1
 41.08, 2185.3,  -27.25, 181.1
 41.10, 2186.5,  -27.38, 181.1
 41.12, 2187.6,  -27.63, 181.1
 41.14, 2188.7,  -27.38, 181.1
 41.16, 2189.9,  -27.63, 181.1
 41.18, 2191.0,  -27.63, 181.1
 41.20, 2192.1,  -27.75, 181.1
 41.22, 2193.3,  -27.63, 181.1
 41.24, 2194.5,  -27.88, 181.1
 41.26, 2195.6,  -27.75, 181.1
 41.28, 2196.7,  -27.88, 181.1
 41.30, 2197.9,  -28.00, 181.1
 41.32, 2199.1,  -27.75, 181.1
 41.34, 2200.3,  -28.00, 181.1
 41.36, 2201.4,  -27.88, 181.1
 41.38, 2202.5,  -28.00, 181.1
 41.40, 2203.7,  -27.88, 181.1
 41.42, 2204.8,  -28.13, 181.1
 41.44, 2205.9,  -28.00, 181.1
 41.46, 2207.1,  -28.13, 181.1
 41.48, 2208.3,  -28.00, 181.1
 41.50, 2209.5,  -28.13, 181.1
 41.52, 2210.7,  -28.13, 181.1
 41.54, 2211.8,  -28.00, 181.1
 41.56, 2213.0,  -28.13, 181.1
 41.58, 2214.1,  -28.00, 181.1
 41.60, 2215.3,  -28.13, 181.1
 41.62, 2216.5,  -28.00, 181.1
 41.64, 2217.7,  -28.13, 181.1
 41.66, 2218.8,  -28.00, 181.1
 41.68, 2219.9,  -27.88, 181.1
 41.70, 2221.1,  -28.00, 181.1
 41.72, 2222.3,  -27.88, 181.1
 41.74, 2223.3,  -27.88, 181.1
 41.76, 2224.5,  -28.00, 181.1
 41.78, 2225.5,  -27.75, 181.1
 41.80, 2226.7,  -27.88, 181.1
 41.82, 2227.9,  -27.75, 181.1
 41.84, 2229.0,  -27.75, 181.1
 41.86, 2230.1,  -27.75, 181.1
 41.88, 2231.2,  -27.63, 181.1
 41.90, 2232.3,  -27.75, 181.1
 41.92, 2233.5,  -27.63, 181.1
 41.94, 2234.6,  -27.50, 181.1
 41.96, 2235.7,  -27.63, 181.1
 41.98, 2236.7,  -27.50, 181.1
 42.00, 2237.9,  -27.50, 181.1
 42.02, 2239.1,  -27.50, 181.1
 42.04, 2240.1,  -27.50, 181.1
 42.06, 2241.1,  -27.38, 181.1
 42.08, 2242.3,  -27.50, 181.1
 42.10, 2243.3,  -27.38, 181.1
 42.12, 2244.3,  -27.38, 181.1
 42.14, 2245.5,  -27.38, 181.1
 42.16, 2246.5,  -27.38, 181.1
 42.18, 2247.4,  -27.50, 181.1
 42.20, 2248.5,  -27.38, 181.1
 42.22, 2249.7,  -27.38, 181.1
 42.24, 2250.6,  -27.50, 181.1
 42.26, 2251.7,  -27.38, 185.5
 42.28, 2252.9,  -27.50, 185.5
 42.30, 2253.9,  -27.50, 185.5
 42.32, 2254.9,  -27.38, 185.5
 42.34, 2256.1,  -27.50, 185.5
 42.36, 2257.3,  -27.63, 185.5
 42.38, 2258.2,  -27.50, 185.5
 42.40, 2259.3,  -27.50, 185.5
 42.42, 2260.5,  -27.63, 185.5
 42.44, 2261.5,  -27.50, 185.5
 42.46, 2262.5,  -27.75, 185.5
 42.48, 2263.7,  -27.63, 185.5
 42.50, 2264.8,  -27.75, 185.5
 42.52, 2265.9,  -27.88, 185.5
 42.54, 2266.9,  -27.75, 185.5
 42.56, 2268.1,  -28.00, 185.5
 42.58, 2269.3,  -28.00, 185.5
 42.60, 2270.4,  -28.13, 185.5
 42.62, 2271.4,  -28.13, 185.5
 42.64, 2272.5,  -28.13, 185.5
 42.66, 2273.7,  -28.25, 185.5
 42.68, 2274.9,  -28.25, 185.5
 42.70, 2276.1,  -28.38, 185.5
 42.72, 2277.2,  -28.25, 185.5
 42.74, 2278.2,  -28.50, 185.5
 42.76, 2279.4,  -28.38, 185.5
 42.78, 2280.5,  -28.38, 185.5
 42.80, 2281.7,  -28.50, 185.5
 42.82, 2282.9,  -28.50, 185.5
 42.84, 2284.1,  -28.50, 185.5
 42.86, 2285.2,  -28.63, 185.5
 42.88, 2286.4,  -28.63, 185.5
 42.90, 2287.5,  -28.63, 185.5
 42.92, 2288.6,  -28.88, 185.5
 42.94, 2289.8,  -28.75, 185.5
 42.96, 2291.0,  -28.88, 185.5
 42.98, 2292.2,  -28.88, 185.5
 43.00, 2293.4,  -29.00, 185.5
 43.02, 2294.6,  -28.88, 185.5
 43.04, 2295.7,  -29.13, 185.5
 43.06, 2296.8,  -29.13, 185.5
 43.08, 2298.0,  -29.00, 185.5
 43.10, 2299.2,  -28.88, 185.5
 43.12, 2300.4,  -28.88, 185.5
 43.14, 2301.6,  -28.88, 185.5
 43.16, 2302.8,  -28.88, 185.5
 43.18, 2304.0,  -28.88, 185.5
 43.20, 2305.1,  -28.88, 185.5
 43.22, 2306.2,  -29.00, 185.5
 43.24, 2307.3,  -28.75, 185.5
 43.26, 2308.5,  -28.88, 185.5
 43.28, 2309.7,  -28.75, 185.5
 43.30, 2310.8,  -28.75, 185.5
 43.32, 2312.0,  -28.88, 185.5
 43.34, 2313.2,  -28.75, 185.5
 43.36, 2314.4,  -28.88, 185.5
 43.38, 2315.5,  -28.75, 185.5
 43.40, 2316.7,  -28.75, 185.5
 43.42, 2317.8,  -28.63, 185.5
 43.44, 2318.9,  -28.50, 185.5
 43.46, 2320.0,  -28.75, 185.5
 43.48, 2321.2,  -28.38, 185.5
 43.50, 2322.3,  -28.50, 185.5
 43.52, 2323.4,  -28.63, 185.5
 43.54, 2324.4,  -28.38, 185.5
 43.56, 2325.6,  -28.50, 185.5
 43.58, 2326.8,  -28.50, 185.5
 43.60, 2327.9,  -28.38, 185.5
 43.62, 2328.9,  -28.50, 185.5
 43.64, 2330.0,  -28.38, 185.5
 43.66, 2331.2,  -28.38, 185.5
 43.68, 2332.3,  -28.50, 185.5
 43.70, 2333.3,  -28.25, 185.5
 43.72, 2334.5,  -28.38, 185.5
 43.74, 2335.6,  -28.50, 185.5
 43.76, 2336.7,  -28.25, 185.5
 43.78, 2337.7,  -28.38, 185.5
 43.80, 2338.8,  -28.38, 185.5
 43.82, 2340.0,  -28.25, 185.5
 43.84, 2341.0,  -28.38, 185.5
 43.86, 2342.1,  -28.38, 185.5
 43.88, 2343.2,  -28.38, 185.5
 43.90, 2344.3,  -28.50, 185.5
 43.92, 2345.3,  -28.38, 185.5
 43.94, 2346.4,  -28.63, 185.5
 43.96, 2347.6,  -28.50, 185.5
 43.98, 2348.7,  -28.63, 185.5
 44.00, 2349.8,  -28.63, 185.5
 44.02, 2350.9,  -28.63, 185.5
 44.04, 2352.0,  -28.88, 185.5
 44.06, 2353.2,  -28.63, 185.5
 44.08, 2354.3,  -28.88, 185.5
 44.10, 2355.4,  -29.00, 185.5
 44.12, 2356.5,  -28.75, 185.5
 44.14, 2357.6,  -29.13, 185.5
 44.16, 2358.8,  -28.88, 185.5
 44.18, 2359.9,  -29.13, 185.5
 44.20, 2361.0,  -29.00, 185.5
 44.22, 2362.1,  -29.25, 185.5
 44.24, 2363.3,  -29.13, 185.5
 44.26, 2364.4,  -29.25, 185.5
 44.28, 2365.6,  -29.38, 185.5
 44.30, 2366.7,  -29.25, 185.5
 44.32, 2367.9,  -29.50, 185.5
 44.34, 2369.1,  -29.50, 185.5
 44.36, 2370.2,  -29.63, 185.5
 44.38, 2371.4,  -29.50, 185.5
 44.40, 2372.6,  -29.75, 185.5
 44.42, 2373.7,  -29.50, 185.5
 44.44, 2374.9,  -29.88, 185.5
 44.46, 2376.1,  -29.63, 185.5
 44.48, 2377.2,  -29.88, 185.5
 44.50, 2378.4,  -29.75, 185.5
 44.52, 2379.6,  -29.88, 185.5
 44.54, 2380.8,  -29.75, 185.5
 44.56, 2382.0,  -30.00, 185.5
 44.58, 2383.1,  -29.75, 185.5
 44.60, 2384.3,  -29.88, 185.5
 44.62, 2385.5,  -29.88, 185.5
 44.64, 2386.7,  -29.88, 185.5
 44.66, 2387.9,  -30.00, 185.5
 44.68, 2389.1,  -30.00, 167.8
 44.70, 2390.2,  -30.00, 167.8
 44.72, 2391.4,  -29.88, 167.8
 44.74, 2392.6,  -30.13, 167.8
 44.76, 2393.8,  -29.75, 167.8
 44.78, 2395.0,  -30.00, 167.8
 44.80, 2396.2,  -29.88, 167.8
 44.82, 2397.3,  -29.88, 167.8
 44.84, 2398.5,  -29.88, 167.8
 44.86, 2399.6,  -29.75, 167.8
 44.88, 2400.8,  -29.88, 167.8
 44.90, 2401.9,  -29.63, 167.8
 44.92, 2403.1,  -30.00, 167.8
 44.94, 2404.2,  -29.75, 167.8
 44.96, 2405.4,  -29.88, 167.8
 44.98, 2406.5,  -29.88, 167.8
 45.00, 2407.6,  -29.63, 167.8
 45.02, 2408.7,  -29.88, 167.8
 45.04, 2409.9,  -29.63, 167.8
 45.06, 2411.1,  -29.63, 167.8
 45.08, 2412.2,  -29.75, 167.8
 45.10, 2413.2,  -29.50, 167.8
 45.12, 2414.4,  -29.75, 167.8
 45.14, 2415.4,  -29.63, 167.8
 45.16, 2416.6,  -29.50, 167.8
 45.18, 2417.7,  -29.63, 167.8
 45.20, 2418.8,  -29.50, 167.8
 45.22, 2419.9,  -29.50, 167.8
 45.24, 2421.0,  -29.50, 167.8
 45.26, 2422.1,  -29.38, 167.8
 45.28, 2423.2,  -29.63, 167.8
 45.30, 2424.2,  -29.50, 167.8
 45.32, 2425.4,  -29.50, 167.8
 45.34, 2426.5,  -29.63, 167.8
 45.36, 2427.6,  -29.38, 167.8
 45.38, 2428.6,  -29.63, 167.8
 45.40, 2429.8,  -29.75, 167.8
 45.42, 2430.9,  -29.38, 167.8
 45.44, 2432.1,  -29.75, 167.8
 45.46, 2433.1,  -29.63, 167.8
 45.48, 2434.2,  -29.50, 167.8
 45.50, 2435.3,  -29.88, 167.8
 45.52, 2436.4,  -29.63, 167.8
 45.54, 2437.4,  -29.75, 167.8
 45.56, 2438.5,  -29.88, 167.8
 45.58, 2439.6,  -29.63, 167.8
 45.60, 2440.8,  -29.88, 167.8
 45.62, 2441.8,  -29.75, 167.8
 45.64, 2442.9,  -30.00, 167.8
 45.66, 2444.0,  -29.88, 167.8
 45.68, 2445.2,  -30.00, 167.8
 45.70, 2446.3,  -30.13, 167.8
 45.72, 2447.3,  -29.88, 167.8
 45.74, 2448.5,  -30.38, 167.8
 45.76, 2449.6,  -30.13, 167.8
 45.78, 2450.8,  -30.38, 167.8
 45.80, 2452.0,  -30.38, 167.8
 45.82, 2453.1,  -30.38, 167.8
 45.84, 2454.3,  -30.50, 167.8
 45.86, 2455.4,  -30.38, 167.8
 45.88, 2456.5,  -30.50, 167.8
 45.90, 2457.7,  -30.38, 167.8
 45.92, 2458.8,  -30.75, 167.8
 45.94, 2460.0,  -30.38, 167.8
 45.96, 2461.2,  -30.75, 167.8
 45.98, 2462.3,  -30.63, 167.8
 46.00, 2463.4,  -30.75, 167.8
 46.02, 2464.6,  -30.63, 167.8
 46.04, 2465.7,  -30.88, 167.8
 46.06, 2466.9,  -30.75, 167.8
 46.08, 2468.1,  -30.75, 167.8
 46.10, 2469.2,  -31.00, 167.8
 46.12, 2470.4,  -30.75, 167.8
 46.14, 2471.6,  -31.00, 167.8
 46.16, 2472.8,  -30.88, 167.8
 46.18, 2474.0,  -31.00, 167.8
 46.20, 2475.2,  -30.88, 167.8
 46.22, 2476.4,  -31.13, 167.8
 46.24, 2477.6,  -30.88, 167.8
 46.26, 2478.6,  -31.00, 167.8
 46.28, 2479.6,  -31.00, 167.8
 46.30, 2480.8,  -30.88, 167.8
 46.32, 2481.9,  -31.00, 167.8
 46.34, 2483.1,  -30.88, 167.8
 46.36, 2484.2,  -31.00, 167.8
 46.38, 2485.4,  -30.75, 167.8
 46.40, 2486.6,  -31.00, 167.8
 46.42, 2487.8,  -30.88, 167.8
 46.44, 2488.8,  -30.88, 167.8
 46.46, 2490.0,  -31.00, 167.8
 46.48, 2491.1,  -30.63, 167.8
 46.50, 2492.3,  -30.88, 167.8
 46.52, 2493.4,  -30.88, 167.8
 46.54, 2494.6,  -30.75, 167.8
 46.56, 2495.8,  -30.88, 167.8
 46.58, 2496.8,  -30.63, 167.8
 46.60, 2498.0,  -30.75, 167.8
 46.62, 2499.1,  -30.75, 167.8
 46.64, 2500.2,  -30.50, 167.8
 46.66, 2501.4,  -30.75, 167.8
 46.68, 2502.4,  -30.50, 167.8
 46.70, 2503.5,  -30.63, 167.8
 46.72, 2504.6,  -30.63, 167.8
 46.74, 2505.8,  -30.38, 167.8
 46.76, 2506.8,  -30.75, 167.8
 46.78, 2507.9,  -30.50, 167.8
 46.80, 2509.0,  -30.50, 167.8
 46.82, 2510.2,  -30.75, 167.8
 46.84, 2511.2,  -30.38, 167.8
 46.86, 2512.4,  -30.50, 167.8
 46.88, 2513.5,  -30.63, 167.8
 46.90, 2514.6,  -30.38, 167.8
 46.92, 2515.6,  -30.50, 167.8
 46.94, 2516.8,  -30.63, 167.8
 46.96, 2517.9,  -30.38, 167.8
 46.98, 2519.0,  -30.63, 167.8
 47.00, 2520.0,  -30.50, 167.8
 47.02, 2521.1,  -30.38, 167.8
 47.04, 2522.2,  -30.75, 167.8
 47.06, 2523.2,  -30.50, 167.8
 47.08, 2524.4,  -30.63, 167.8
 47.10, 2525.5,  -30.75, 167.8
 47.12, 2526.6,  -30.63, 167.8
 47.14, 2527.6,  -30.75, 167.8
 47.16, 2528.8,  -30.63, 167.8
 47.18, 2529.9,  -30.88, 167.8
 47.20, 2531.0,  -30.88, 167.8
 47.22, 2532.2,  -30.75, 167.8
 47.24, 2533.2,  -31.00, 167.8
 47.26, 2534.4,  -30.75, 167.8
 47.28, 2535.5,  -31.00, 167.8
 47.30, 2536.6,  -31.13, 167.8
 47.32, 2537.7,  -30.88, 167.8
 47.34, 2538.8,  -31.25, 167.8
 47.36, 2540.0,  -31.00, 167.8
 47.38, 2541.0,  -31.25, 167.8
 47.40, 2542.1,  -31.13, 167.8
 47.42, 2543.3,  -31.25, 167.8
 47.44, 2544.4,  -31.25, 167.8
 47.46, 2545.5,  -31.38, 167.8
 47.48, 2546.7,  -31.50, 167.8
 47.50, 2547.8,  -31.38, 167.8
 47.52, 2549.0,  -31.50, 167.8
 47.54, 2550.1,  -31.50, 167.8
 47.56, 2551.3,  -31.63, 167.8
 47.58, 2552.5,  -31.50, 167.8
 47.60, 2553.6,  -31.75, 167.8
 47.62, 2554.8,  -31.50, 167.8
 47.64, 2555.9,  -31.63, 167.8
 47.66, 2557.1,  -31.75, 167.8
 47.68, 2558.3,  -31.50, 167.8
 47.70, 2559.5,  -31.75, 167.8
 47.72, 2560.6,  -31.63, 167.8
 47.74, 2561.7,  -31.75, 167.8
 47.76, 2562.9,  -31.63, 167.8
 47.78, 2564.0,  -31.88, 167.8
 47.80, 2565.2,  -31.63, 167.8
 47.82, 2566.3,  -31.75, 167.8
 47.84, 2567.5,  -31.75, 167.8
 47.86, 2568.7,  -31.75, 167.8
 47.88, 2569.9,  -31.88, 167.8
 47.90, 2571.1,  -31.75, 167.8
 47.92, 2572.2,  -31.75, 167.8
 47.94, 2573.3,  -31.63, 167.8
 47.96, 2574.4,  -31.88, 167.8
 47.98, 2575.6,  -31.63, 167.8
 48.00, 2576.7,  -31.63, 167.8
 48.02, 2577.8,  -31.75, 167.8
 48.04, 2579.0,  -31.50, 167.8
 48.06, 2580.2,  -31.63, 167.8
 48.08, 2581.3,  -31.50, 167.8
 48.10, 2582.3,  -31.38, 167.8
 48.12, 2583.4,  -31.50, 167.8
 48.14, 2584.5,  -31.38, 167.8
 48.16, 2585.7,  -31.50, 167.8
 48.18, 2586.9,  -31.50, 167.8
 48.20, 2587.9,  -31.50, 167.8
 48.22, 2589.0,  -31.50, 167.8
 48.24, 2590.1,  -31.38, 167.8
 48.26, 2591.3,  -31.63, 167.8
 48.28, 2592.5,  -31.38, 167.8
 48.30, 2593.5,  -31.38, 167.8
 48.32, 2594.6,  -31.50, 167.8
 48.34, 2595.7,  -31.25, 167.8
 48.36, 2596.9,  -31.25, 167.8
 48.38, 2598.0,  -31.38, 167.8
 48.40, 2599.0,  -31.25, 167.8
 48.42, 2600.1,  -31.25, 167.8
 48.44, 2601.3,  -31.38, 167.8
 48.46, 2602.4,  -31.13, 167.8
 48.48, 2603.4,  -31.38, 167.8
 48.50, 2604.5,  -31.38, 167.8
 48.52, 2605.7,  -31.25, 167.8
 48.54, 2606.7,  -31.38, 167.8
 48.56, 2607.7,  -31.38, 167.8
 48.58, 2608.9,  -31.50, 167.8
 48.60, 2610.1,  -31.38, 167.8
 48.62, 2611.2,  -31.50, 167.8
 48.64, 2612.2,  -31.50, 167.8
 48.66, 2613.3,  -31.38, 167.8
 48.68, 2614.5,  -31.63, 167.8
 48.70, 2615.7,  -31.50, 167.8
 48.72, 2616.7,  -31.50, 167.8
 48.74, 2617.8,  -31.75, 167.8
 48.76, 2618.9,  -31.50, 167.8
 48.78, 2620.1,  -31.63, 167.8
 48.80, 2621.2,  -31.75, 167.8
 48.82, 2622.2,  -31.63, 167.8
 48.84, 2623.2,  -31.75, 167.8
 48.86, 2624.4,  -31.75, 167.8
 48.88, 2625.6,  -31.88, 167.8
 48.90, 2626.7,  -31.88, 167.8
 48.92, 2627.8,  -32.13, 167.8
 48.94, 2628.9,  -31.88, 167.8
 48.96, 2630.0,  -32.13, 167.8
 48.98, 2631.2,  -32.13, 167.8
 49.00, 2632.4,  -32.13, 167.8
 49.02, 2633.6,  -32.13, 167.8
 49.04, 2634.8,  -32.25, 167.8
 49.06, 2636.0,  -32.25, 167.8
 49.08, 2637.2,  -32.25, 167.8
 49.10, 2638.4,  -32.25, 167.8
 49.12, 2639.5,  -32.25, 167.8
 49.14, 2640.6,  -32.50, 167.8
 49.16, 2641.8,  -32.38, 167.8
 49.18, 2642.9,  -32.50, 167.8
 49.20, 2644.1,  -32.38, 167.8
 49.22, 2645.3,  -32.63, 167.8
 49.24, 2646.5,  -32.38, 167.8
 49.26, 2647.7,  -32.63, 167.8
 49.28, 2648.9,  -32.63, 167.8
 49.30, 2650.1,  -32.63, 167.8
 49.32, 2651.3,  -32.50, 167.8
 49.34, 2652.5,  -32.75, 167.8
 49.36, 2653.7,  -32.63, 167.8
 49.38, 2654.9,  -32.63, 167.8
 49.40, 2656.1,  -32.75, 167.8
 49.42, 2657.3,  -32.63, 167.8
 49.44, 2658.5,  -32.63, 167.8
 49.46, 2659.6,  -32.63, 167.8
 49.48, 2660.8,  -32.75, 167.8
 49.50, 2662.0,  -32.50, 167.8
 49.52, 2663.0,  -32.75, 167.8
 49.54, 2664.2,  -32.50, 167.8
 49.56, 2665.4,  -32.63, 167.8
 49.58, 2666.5,  -32.63, 167.8
 49.60, 2667.7,  -32.63, 167.8
 49.62, 2668.9,  -32.50, 167.8
 49.64, 2670.1,  -32.63, 167.8
 49.66, 2671.3,  -32.63, 167.8
 49.68, 2672.4,  -32.38, 167.8
 49.70, 2673.6,  -32.75, 167.8
 49.72, 2674.8,  -32.50, 167.8
 49.74, 2675.8,  -32.50, 167.8
 49.76, 2677.0,  -32.50, 167.8
 49.78, 2678.1,  -32.50, 167.8
 49.80, 2679.3,  -32.50, 167.8
 49.82, 2680.5,  -32.38, 167.8
 49.84, 2681.7,  -32.50, 167.8
 49.86, 2682.8,  -32.38, 167.8
 49.88, 2683.9,  -32.38, 167.8
 49.90, 2685.0,  -32.50, 167.8
 49.92, 2686.1,  -32.25, 167.8
 49.94, 2687.3,  -32.50, 167.8
 49.96, 2688.4,  -32.38, 167.8
 49.98, 2689.5,  -32.25, 167.8
 50.00, 2690.6,  -32.50, 167.8
 50.02, 2691.7,  -32.38, 167.8
 50.04, 2692.9,  -32.38, 167.8
 50.06, 2694.0,  -32.38, 167.8
 50.08, 2695.2,  -32.38, 167.8
 50.10, 2696.2,  -32.38, 167.8
 50.12, 2697.3,  -32.38, 167.8
 50.14, 2698.5,  -32.50, 167.8
 50.16, 2699.7,  -32.38, 167.8
 50.18, 2700.8,  -32.50, 167.8
 50.20, 2701.9,  -32.50, 167.8
 50.22, 2703.0,  -32.38, 167.8
 50.24, 2704.1,  -32.63, 167.8
 50.26, 2705.3,  -32.50, 167.8
 50.28, 2706.4,  -32.50, 167.8
 50.30, 2707.5,  -32.63, 167.8
 50.32, 2708.6,  -32.63, 167.8
 50.34, 2709.7,  -32.75, 167.8
 50.36, 2710.9,  -32.63, 167.8
 50.38, 2712.0,  -32.88, 167.8
 50.40, 2713.2,  -32.63, 167.8
 50.42, 2714.3,  -33.00, 167.8
 50.44, 2715.4,  -32.88, 167.8
 50.46, 2716.6,  -33.00, 167.8
 50.48, 2717.7,  -32.88, 167.8
 50.50, 2718.9,  -33.13, 167.8
 50.52, 2720.1,  -33.13, 167.8
 50.54, 2721.3,  -33.00, 167.8
 50.56, 2722.4,  -33.25, 167.8
 50.58, 2723.6,  -33.00, 167.8
 50.60, 2724.8,  -33.38, 167.8
 50.62, 2725.9,  -33.25, 167.8
 50.64, 2727.0,  -33.38, 167.8
 50.66, 2728.2,  -33.13, 167.8
 50.68, 2729.3,  -33.50, 167.8
 50.70, 2730.6,  -33.25, 167.8
 50.72, 2731.7,  -33.50, 167.8
 50.74, 2732.9,  -33.50, 167.8
 50.76, 2734.1,  -33.63, 167.8
 50.78, 2735.3,  -33.50, 167.8
 50.80, 2736.5,  -33.88, 167.8
 50.82, 2737.7,  -33.50, 167.8
 50.84, 2738.9,  -33.75, 167.8
 50.86, 2740.1,  -33.63, 167.8
 50.88, 2741.3,  -33.88, 167.8
 50.90, 2742.5,  -33.63, 167.8
 50.92, 2743.7,  -33.88, 167.8
 50.94, 2744.9,  -33.63, 167.8
 50.96, 2746.1,  -33.88, 167.8
 50.98, 2747.3,  -33.75, 167.8
 51.00, 2748.5,  -33.88, 167.8
 51.02, 2749.7,  -33.75, 167.8
 51.04, 2750.8,  -33.88, 167.8
 51.06, 2752.0,  -33.75, 167.8
 51.08, 2753.2,  -33.75, 167.8
 51.10, 2754.4,  -33.88, 167.8
 51.12, 2755.6,  -33.88, 167.8
 51.14, 2756.8,  -33.88, 167.8
 51.16, 2757.9,  -33.75, 167.8
 51.18, 2759.1,  -34.00, 167.8
 51.20, 2760.3,  -33.63, 167.8
 51.22, 2761.5,  -33.88, 167.8
 51.24, 2762.7,  -33.63, 167.8
 51.26, 2763.9,  -33.75, 167.8
 51.28, 2765.0,  -33.75, 167.8
 51.30, 2766.2,  -33.63, 167.8
 51.32, 2767.3,  -33.75, 167.8
 51.34, 2768.4,  -33.50, 167.8
 51.36, 2769.6,  -33.75, 167.8
 51.38, 2770.7,  -33.50, 167.8
 51.40, 2771.9,  -33.63, 167.8
 51.42, 2773.0,  -33.75, 167.8
 51.44, 2774.0,  -33.38, 167.8
 51.46, 2775.2,  -33.75, 167.8
 51.48, 2776.3,  -33.50, 167.8
 51.50, 2777.4,  -33.63, 167.8
 51.52, 2778.6,  -33.63, 167.8
 51.54, 2779.8,  -33.50, 167.8
 51.56, 2780.9,  -33.63, 167.8
 51.58, 2782.0,  -33.38, 167.8
 51.60, 2783.1,  -33.75, 167.8
 51.62, 2784.2,  -33.63, 167.8
 51.64, 2785.4,  -33.38, 167.8
 51.66, 2786.5,  -33.75, 167.8
 51.68, 2787.6,  -33.38, 167.8
 51.70, 2788.7,  -33.50, 167.8
 51.72, 2789.8,  -33.75, 167.8
 51.74, 2791.0,  -33.38, 167.8
 51.76, 2792.1,  -33.63, 167.8
 51.78, 2793.1,  -33.50, 167.8
 51.80, 2794.3,  -33.63, 167.8
 51.82, 2795.4,  -33.63, 167.8
 51.84, 2796.5,  -33.63, 167.8
 51.86, 2797.7,  -33.88, 167.8
 51.88, 2798.7,  -33.50, 167.8
 51.90, 2799.9,  -34.00, 167.8
 51.92, 2801.0,  -33.75, 167.8
 51.94, 2802.2,  -34.00, 167.8
 51.96, 2803.4,  -34.00, 167.8
 51.98, 2804.5,  -33.88, 167.8
 52.00, 2805.6,  -34.13, 167.8
 52.02, 2806.7,  -34.00, 167.8
 52.04, 2807.9,  -34.25, 167.8
 52.06, 2809.0,  -34.00, 167.8
 52.08, 2810.2,  -34.38, 167.8
 52.10, 2811.4,  -34.25, 167.8
 52.12, 2812.4,  -34.13, 167.8
 52.14, 2813.6,  -34.38, 167.8
 52.16, 2814.7,  -34.25, 167.8
 52.18, 2815.9,  -34.38, 167.8
 52.20, 2817.0,  -34.38, 167.8
 52.22, 2818.2,  -34.63, 167.8
 52.24, 2819.4,  -34.38, 167.8
 52.26, 2820.6,  -34.75, 167.8
 52.28, 2821.8,  -34.50, 167.8
 52.30, 2822.9,  -34.75, 167.8
 52.32, 2824.0,  -34.75, 167.8
 52.34, 2825.0,  -34.88, 163.4
 52.36, 2826.3,  -34.50, 163.4
 52.38, 2827.4,  -34.88, 163.4
 52.40, 2828.6,  -34.75, 163.4
 52.42, 2829.8,  -34.88, 163.4
 52.44, 2830.9,  -34.75, 163.4
 52.46, 2832.1,  -34.88, 163.4
 52.48, 2833.3,  -34.88, 163.4
 52.50, 2834.5,  -34.75, 163.4
 52.52, 2835.6,  -35.00, 163.4
 52.54, 2836.8,  -34.75, 163.4
 52.56, 2838.0,  -35.00, 163.4
 52.58, 2839.2,  -34.88, 163.4
 52.60, 2840.4,  -35.00, 163.4
 52.62, 2841.6,  -34.75, 163.4
 52.64, 2842.8,  -35.00, 163.4
 52.66, 2844.0,  -34.75, 163.4
 52.68, 2845.0,  -35.00, 163.4
 52.70, 2846.3,  -35.00, 163.4
 52.72, 2847.4,  -34.88, 163.4
 52.74, 2848.6,  -35.00, 163.4
 52.76, 2849.8,  -34.75, 163.4
 52.78, 2850.9,  -35.00, 163.4
 52.80, 2852.1,  -34.63, 163.4
 52.82, 2853.2,  -34.88, 163.4
 52.84, 2854.4,  -34.88, 163.4
 52.86, 2855.6,  -34.63, 163.4
 52.88, 2856.6,  -34.88, 163.4
 52.90, 2857.8,  -34.63, 163.4
 52.92, 2858.9,  -34.75, 163.4
 52.94, 2860.0,  -34.63, 163.4
 52.96, 2861.2,  -34.75, 163.4
 52.98, 2862.4,  -34.75, 163.4
 53.00, 2863.4,  -34.50, 163.4
 53.02, 2864.6,  -34.75, 163.4
 53.04, 2865.7,  -34.50, 163.4
 53.06, 2866.9,  -34.63, 163.4
 53.08, 2868.0,  -34.75, 163.4
 53.10, 2869.2,  -34.38, 163.4
 53.12, 2870.2,  -34.75, 163.4
 53.14, 2871.4,  -34.63, 163.4
 53.16, 2872.5,  -34.50, 163.4
 53.18, 2873.6,  -34.63, 163.4
 53.20, 2874.7,  -34.50, 163.4
 53.22, 2875.8,  -34.50, 163.4
 53.24, 2876.9,  -34.50, 163.4
 53.26, 2878.0,  -34.50, 163.4
 53.28, 2879.1,  -34.63, 163.4
 53.30, 2880.2,  -34.38, 163.4
 53.32, 2881.3,  -34.63, 163.4
 53.34, 2882.4,  -34.63, 163.4
 53.36, 2883.6,  -34.50, 163.4
 53.38, 2884.6,  -34.88, 163.4
 53.40, 2885.8,  -34.63, 163.4
 53.42, 2886.9,  -34.75, 163.4
 53.44, 2888.0,  -34.88, 163.4
 53.46, 2889.2,  -34.75, 163.4
 53.48, 2890.2,  -34.88, 163.4
 53.50, 2891.4,  -34.75, 163.4
 53.52, 2892.5,  -34.88, 163.4
 53.54, 2893.6,  -34.88, 163.4
 53.56, 2894.8,  -34.88, 163.4
 53.58, 2895.8,  -35.00, 163.4
 53.60, 2897.0,  -34.75, 163.4
 53.62, 2898.1,  -35.13, 163.4
 53.64, 2899.2,  -35.00, 163.4
 53.66, 2900.4,  -35.13, 163.4
 53.68, 2901.5,  -35.00, 163.4
 53.70, 2902.6,  -35.25, 163.4
 53.72, 2903.8,  -35.25, 163.4
 53.74, 2905.0,  -35.13, 163.4
 53.76, 2906.1,  -35.38, 163.4
 53.78, 2907.3,  -35.13, 163.4
 53.80, 2908.4,  -35.38, 163.4
 53.82, 2909.6,  -35.25, 163.4
 53.84, 2910.7,  -35.50, 163.4
 53.86, 2911.9,  -35.38, 163.4
 53.88, 2913.0,  -35.63, 163.4
 53.90, 2914.2,  -35.50, 163.4
 53.92, 2915.4,  -35.50, 163.4
 53.94, 2916.6,  -35.63, 163.4
 53.96, 2917.8,  -35.50, 163.4
 53.98, 2918.9,  -35.63, 163.4
 54.00, 2920.0,  -35.50, 163.4
 54.02, 2921.1,  -35.75, 163.4
 54.04, 2922.3,  -35.50, 163.4
 54.06, 2923.4,  -35.75, 163.4
 54.08, 2924.6,  -35.63, 163.4
 54.10, 2925.7,  -35.75, 163.4
 54.12, 2926.9,  -35.63, 163.4
 54.14, 2928.1,  -35.88, 163.4
 54.16, 2929.3,  -35.63, 163.4
 54.18, 2930.5,  -35.75, 163.4
 54.20, 2931.7,  -35.75, 163.4
 54.22, 2932.9,  -35.63, 163.4
 54.24, 2934.1,  -35.75, 163.4
 54.26, 2935.3,  -35.75, 163.4
 54.28, 2936.4,  -35.88, 163.4
 54.30, 2937.5,  -35.63, 163.4
 54.32, 2938.7,  -35.63, 163.4
 54.34, 2939.8,  -35.38, 163.4
 54.36, 2940.9,  -35.38, 163.4
 54.38, 2942.1,  -35.63, 163.4
 54.40, 2943.3,  -35.50, 163.4
 54.42, 2944.5,  -35.63, 163.4
 54.44, 2945.6,  -35.50, 163.4
 54.46, 2946.7,  -35.63, 163.4
 54.48, 2947.8,  -35.50, 163.4
 54.50, 2948.9,  -35.63, 163.4
 54.52, 2950.1,  -35.63, 163.4
 54.54, 2951.3,  -35.38, 163.4
 54.56, 2952.5,  -35.50, 163.4
 54.58, 2953.6,  -35.38, 163.4
 54.60, 2954.6,  -35.38, 163.4
 54.62, 2955.7,  -35.50, 163.4
 54.64, 2956.8,  -35.38, 163.4
 54.66, 2958.0,  -35.50, 163.4
 54.68, 2959.2,  -35.38, 163.4
 54.70, 2960.3,  -35.38, 163.4
 54.72, 2961.3,  -35.38, 163.4
 54.74, 2962.4,  -35.25, 163.4
 54.76, 2963.6,  -35.50, 163.4
 54.78, 2964.8,  -35.25, 163.4
 54.80, 2965.8,  -35.38, 163.4
 54.82, 2966.8,  -35.50, 163.4
 54.84, 2968.0,  -35.25, 163.4
 54.86, 2969.2,  -35.50, 163.4
 54.88, 2970.4,  -35.50, 163.4
 54.90, 2971.4,  -35.38, 163.4
 54.92, 2972.5,  -35.50, 163.4
 54.94, 2973.6,  -35.50, 163.4
 54.96, 2974.8,  -35.63, 163.4
 54.98, 2976.0,  -35.50, 163.4
 55.00, 2977.1,  -35.63, 163.4
 55.02, 2978.2,  -35.63, 163.4
 55.04, 2979.2,  -35.50, 163.4
 55.06, 2980.4,  -35.75, 163.4
 55.08, 2981.6,  -35.63, 163.4
 55.10, 2982.8,  -35.63, 163.4
 55.12, 2983.8,  -35.75, 163.4
 55.14, 2984.8,  -35.75, 163.4
 55.16, 2986.0,  -35.75, 163.4
 55.18, 2987.2,  -35.88, 163.4
 55.20, 2988.4,  -36.00, 163.4
 55.22, 2989.6,  -35.88, 163.4
 55.24, 2990.7,  -36.00, 163.4
 55.26, 2991.8,  -36.00, 163.4
 55.28, 2992.9,  -36.13, 163.4
 55.30, 2994.1,  -36.00, 163.4
 55.32, 2995.2,  -36.38, 163.4
 55.34, 2996.4,  -36.13, 163.4
 55.36, 2997.6,  -36.25, 163.4
 55.38, 2998.8,  -36.25, 163.4
 55.40, 3000.0,  -36.25, 163.4
 55.42, 3001.2,  -36.13, 163.4
 55.44, 3002.4,  -36.38, 163.4
 55.46, 3003.6,  -36.38, 163.4
 55.48, 3004.8,  -36.38, 163.4
 55.50, 3006.0,  -36.38, 163.4
 55.52, 3007.1,  -36.50, 163.4
 55.54, 3008.3,  -36.38, 163.4
 55.56, 3009.5,  -36.63, 163.4
 55.58, 3010.7,  -36.50, 163.4
 55.60, 3011.9,  -36.63, 163.4
 55.62, 3013.1,  -36.63, 163.4
 55.64, 3014.3,  -36.75, 163.4
 55.66, 3015.5,  -36.50, 163.4
 55.68, 3016.7,  -36.63, 163.4
 55.70, 3017.9,  -36.63, 163.4
 55.72, 3019.1,  -36.63, 163.4
 55.74, 3020.3,  -36.63, 163.4
 55.76, 3021.5,  -36.63, 163.4
 55.78, 3022.7,  -36.63, 163.4
 55.80, 3023.8,  -36.50, 163.4
 55.82, 3024.9,  -36.75, 163.4
 55.84, 3026.1,  -36.50, 163.4
 55.86, 3027.3,  -36.75, 163.4
 55.88, 3028.5,  -36.63, 163.4
 55.90, 3029.6,  -36.75, 163.4
 55.92, 3030.8,  -36.50, 163.4
 55.94, 3032.0,  -36.75, 163.4
 55.96, 3033.2,  -36.63, 163.4
 55.98, 3034.4,  -36.63, 163.4
 56.00, 3035.6,  -36.50, 163.4
 56.02, 3036.8,  -36.63, 163.4
 56.04, 3038.0,  -36.50, 163.4
 56.06, 3039.2,  -36.50, 163.4
 56.08, 3040.4,  -36.75, 163.4
 56.10, 3041.5,  -36.50, 163.4
 56.12, 3042.7,  -36.63, 163.4
 56.14, 3043.7,  -36.50, 163.4
 56.16, 3044.9,  -36.50, 163.4
 56.18, 3046.0,  -36.50, 163.4
 56.20, 3047.2,  -36.50, 163.4
 56.22, 3048.4,  -36.50, 163.4
 56.24, 3049.5,  -36.38, 163.4
 56.26, 3050.7,  -36.63, 163.4
 56.28, 3051.8,  -36.38, 163.4
 56.30, 3052.9,  -36.38, 163.4
 56.32, 3054.0,  -36.50, 163.4
 56.34, 3055.2,  -36.38, 163.4
 56.36, 3056.4,  -36.50, 163.4
 56.38, 3057.5,  -36.50, 163.4
 56.40, 3058.7,  -36.63, 163.4
 56.42, 3059.8,  -36.38, 163.4
 56.44, 3060.9,  -36.63, 163.4
 56.46, 3062.1,  -36.63, 163.4
 56.48, 3063.2,  -36.50, 163.4
 56.50, 3064.4,  -36.75, 163.4
 56.52, 3065.5,  -36.63, 163.4
 56.54, 3066.7,  -36.75, 163.4
 56.56, 3067.8,  -36.63, 163.4
 56.58, 3068.9,  -36.75, 163.4
 56.60, 3070.0,  -36.63, 163.4
 56.62, 3071.2,  -36.63, 163.4
 56.64, 3072.4,  -36.88, 163.4
 56.66, 3073.5,  -36.63, 163.4
 56.68, 3074.7,  -36.88, 163.4
 56.70, 3075.8,  -36.88, 163.4
 56.72, 3076.9,  -37.00, 163.4
 56.74, 3078.1,  -36.88, 163.4
 56.76, 3079.2,  -37.25, 163.4
 56.78, 3080.4,  -37.00, 163.4
 56.80, 3081.6,  -37.13, 163.4
 56.82, 3082.8,  -37.13, 163.4
 56.84, 3084.0,  -37.38, 163.4
 56.86, 3085.2,  -37.13, 163.4
 56.88, 3086.4,  -37.38, 163.4
 56.90, 3087.6,  -37.25, 163.4
 56.92, 3088.7,  -37.38, 163.4
 56.94, 3089.9,  -37.38, 163.4
 56.96, 3091.1,  -37.50, 163.4
 56.98, 3092.3,  -37.50, 163.4
 57.00, 3093.5,  -37.38, 163.4
 57.02, 3094.6,  -37.50, 163.4
 57.04, 3095.8,  -37.50, 163.4
 57.06, 3097.0,  -37.50, 163.4
 57.08, 3098.2,  -37.63, 163.4
 57.10, 3099.4,  -37.63, 163.4
 57.12, 3100.6,  -37.75, 163.4
 57.14, 3101.8,  -37.75, 163.4
 57.16, 3103.0,  -37.88, 163.4
 57.18, 3104.2,  -37.63, 163.4
 57.20, 3105.5,  -38.00, 163.4
 57.22, 3106.7,  -37.75, 163.4
 57.24, 3107.9,  -37.88, 163.4
 57.26, 3109.1,  -37.88, 163.4
 57.28, 3110.3,  -37.88, 163.4
 57.30, 3111.5,  -37.88, 163.4
 57.32, 3112.7,  -37.88, 163.4
 57.34, 3113.9,  -38.00, 163.4
 57.36, 3115.1,  -37.75, 163.4
 57.38, 3116.2,  -37.88, 163.4
 57.40, 3117.4,  -37.88, 163.4
 57.42, 3118.6,  -38.00, 163.4
 57.44, 3119.8,  -37.75, 163.4
 57.46, 3121.0,  -38.00, 163.4
 57.48, 3122.2,  -37.75, 163.4
 57.50, 3123.4,  -38.00, 163.4
 57.52, 3124.6,  -37.88, 163.4
 57.54, 3125.8,  -38.00, 163.4
 57.56, 3127.0,  -37.63, 163.4
 57.58, 3128.1,  -38.00, 163.4
 57.60, 3129.3,  -37.75, 163.4
 57.62, 3130.5,  -37.88, 163.4
 57.64, 3131.7,  -37.88, 163.4
 57.66, 3132.8,  -37.75, 163.4
 57.68, 3133.9,  -37.88, 163.4
 57.70, 3135.1,  -37.63, 163.4
 57.72, 3136.2,  -37.88, 163.4
 57.74, 3137.3,  -37.50, 163.4
 57.76, 3138.5,  -37.75, 163.4
 57.78, 3139.7,  -37.75, 163.4
 57.80, 3140.8,  -37.63, 163.4
 57.82, 3141.9,  -37.88, 163.4
 57.84, 3143.0,  -37.63, 163.4
 57.86, 3144.2,  -37.88, 163.4
 57.88, 3145.3,  -37.50, 163.4
 57.90, 3146.5,  -37.88, 163.4
 57.92, 3147.7,  -37.75, 163.4
 57.94, 3148.8,  -37.75, 163.4
 57.96, 3150.0,  -38.00, 163.4
 57.98, 3151.0,  -37.63, 163.4
 58.00, 3152.2,  -37.88, 163.4
 58.02, 3153.4,  -37.75, 163.4
 58.04, 3154.5,  -37.88, 163.4
 58.06, 3155.7,  -37.88, 163.4
 58.08, 3156.8,  -37.63, 163.4
 58.10, 3158.0,  -38.00, 163.4
 58.12, 3159.0,  -37.63, 163.4
 58.14, 3160.2,  -38.00, 163.4
 58.16, 3161.3,  -37.88, 163.4
 58.18, 3162.5,  -38.00, 163.4
 58.20, 3163.6,  -38.00, 163.4
 58.22, 3164.7,  -38.00, 163.4
 58.24, 3165.8,  -38.25, 163.4
 58.26, 3167.0,  -38.00, 163.4
 58.28, 3168.0,  -38.38, 163.4
 58.30, 3169.2,  -38.00, 163.4
 58.32, 3170.4,  -38.25, 163.4
 58.34, 3171.6,  -38.13, 163.4
 58.36, 3172.8,  -38.13, 163.4
 58.38, 3173.9,  -38.13, 163.4
 58.40, 3175.0,  -38.38, 163.4
 58.42, 3176.1,  -38.50, 163.4
 58.44, 3177.3,  -38.25, 163.4
 58.46, 3178.5,  -38.50, 163.4
 58.48, 3179.6,  -38.38, 163.4
 58.50, 3180.8,  -38.63, 163.4
 58.52, 3182.0,  -38.38, 163.4
 58.54, 3183.2,  -38.75, 163.4
 58.56, 3184.4,  -38.38, 163.4
 58.58, 3185.6,  -38.75, 163.4
 58.60, 3186.8,  -38.50, 163.4
 58.62, 3187.8,  -38.88, 163.4
 58.64, 3189.1,  -38.50, 163.4
 58.66, 3190.2,  -39.00, 163.4
 58.68, 3191.5,  -38.75, 163.4
 58.70, 3192.6,  -38.88, 163.4
 58.72, 3193.8,  -38.63, 163.4
 58.74, 3195.0,  -39.00, 163.4
 58.76, 3196.2,  -38.75, 163.4
 58.78, 3197.4,  -39.00, 163.4
 58.80, 3198.6,  -39.00, 163.4
 58.82, 3199.7,  -39.00, 163.4
 58.84, 3200.9,  -38.88, 163.4
 58.86, 3202.1,  -38.88, 163.4
 58.88, 3203.3,  -39.00, 163.4
 58.90, 3204.4,  -38.75, 163.4
 58.92, 3205.6,  -39.13, 163.4
 58.94, 3206.8,  -38.88, 163.4
 58.96, 3208.0,  -39.00, 163.4
 58.98, 3209.2,  -38.88, 163.4
 59.00, 3210.4,  -39.13, 163.4
 59.02, 3211.6,  -38.75, 163.4
 59.04, 3212.7,  -39.00, 163.4
 59.06, 3213.9,  -38.88, 163.4
 59.08, 3215.0,  -38.88, 163.4
 59.10, 3216.2,  -38.88, 163.4
 59.12, 3217.3,  -38.88, 163.4
 59.14, 3218.5,  -39.00, 163.4
 59.16, 3219.7,  -38.63, 163.4
 59.18, 3220.8,  -39.00, 163.4
 59.20, 3222.0,  -38.88, 163.4
 59.22, 3223.2,  -38.75, 163.4
 59.24, 3224.4,  -39.00, 163.4
 59.26, 3225.4,  -38.63, 163.4
 59.28, 3226.6,  -38.88, 163.4
 59.30, 3227.7,  -38.63, 163.4
 59.32, 3228.8,  -38.88, 163.4
 59.34, 3230.0,  -38.75, 163.4
 59.36, 3231.1,  -38.63, 163.4
 59.38, 3232.2,  -39.00, 163.4
 59.40, 3233.4,  -38.50, 163.4
 59.42, 3234.5,  -38.88, 163.4
 59.44, 3235.6,  -38.75, 163.4
 59.46, 3236.8,  -38.75, 163.4
 59.48, 3238.0,  -38.88, 163.4
 59.50, 3239.0,  -38.63, 163.4
 59.52,    0.0,  -39.00, 163.4
 59.54,   -1.1,  -38.75, 163.4
 59.56,   -2.2,  -38.88, 163.4
 59.58,   -3.4,  -39.00, 159.0
 59.60,   -4.4,  -38.63, 159.0
 59.62,   -5.6,  -39.00, 159.0
 59.64,   -6.7,  -38.75, 159.0
 59.66,   -7.8,  -38.75, 159.0
 59.68,   -9.0,  -38.88, 159.0
 59.70,  -10.0,  -38.88, 159.0
 59.72,  -11.2,  -39.00, 159.0
 59.74,  -12.3,  -38.75, 159.0
 59.76,  -13.4,  -39.13, 159.0
 59.78,  -14.5,  -39.00, 159.0
 59.80,  -15.7,  -39.13, 159.0
 59.82,  -16.7,  -39.13, 159.0
 59.84,  -17.9,  -39.13, 159.0
 59.86,  -19.1,  -39.25, 159.0
 59.88,  -20.2,  -39.00, 159.0
 59.90,  -21.4,  -39.38, 159.0
 59.92,  -22.5,  -39.00, 159.0
 59.94,  -23.7,  -39.25, 159.0
 59.96,  -24.9,  -39.25, 159.0
 59.98,  -25.9,  -39.25, 159.0
 60.00,  -27.1,  -39.38, 159.0
 60.02,  -28.3,  -39.38, 159.0
 60.04,  -29.5,  -39.50, 159.0
 60.06,  -30.6,  -39.25, 159.0
 60.08,  -31.7,  -39.63, 159.0
 60.10,  -32.9,  -39.38, 159.0
 60.12,  -34.0,  -39.63, 159.0
 60.14,  -35.2,  -39.50, 159.0
 60.16,  -36.3,  -39.75, 159.0
 60.18,  -37.5,  -39.50, 159.0
 60.20,  -38.7,  -39.75, 159.0
 60.22,  -39.9,  -39.63, 159.0
 60.24,  -41.1,  -39.75, 159.0
 60.26,  -42.3,  -39.63, 159.0
 60.28,  -43.5,  -39.88, 159.0
 60.30,  -44.7,  -39.63, 159.0
 60.32,  -45.9,  -39.63, 159.0
 60.34,  -47.1,  -39.88, 159.0
 60.36,  -48.2,  -39.75, 159.0
 60.38,  -49.3,  -39.75, 159.0
 60.40,  -50.4,  -39.75, 159.0
 60.42,  -51.6,  -39.88, 159.0
 60.44,  -52.8,  -39.63, 159.0
 60.46,  -53.9,  -39.88, 159.0
 60.48,  -55.0,  -39.75, 159.0
 60.50,  -56.2,  -39.88, 159.0
 60.52,  -57.4,  -39.63, 159.0
 60.54,  -58.6,  -39.88, 159.0
 60.56,  -59.8,  -39.75, 159.0
 60.58,  -61.0,  -39.75, 159.0
 60.60,  -62.2,  -39.88, 159.0
 60.62,  -63.4,  -39.75, 159.0
 60.64,  -64.6,  -39.75, 159.0
 60.66,  -65.7,  -39.75, 159.0
 60.68,  -66.8,  -39.88, 159.0
 60.70,  -68.0,  -39.63, 159.0
 60.72,  -69.1,  -39.75, 159.0
 60.74,  -70.3,  -39.75, 159.0
 60.76,  -71.4,  -39.50, 159.0
 60.78,  -72.6,  -39.63, 159.0
 60.80,  -73.8,  -39.63, 159.0
 60.82,  -75.0,  -39.75, 159.0
 60.84,  -76.0,  -39.50, 159.0
 60.86,  -77.2,  -39.75, 159.0
 60.88,  -78.2,  -39.63, 159.0
 60.90,  -79.4,  -39.50, 159.0
 60.92,  -80.5,  -39.75, 159.0
 60.94,  -81.7,  -39.63, 159.0
 60.96,  -82.8,  -39.63, 159.0
 60.98,  -83.9,  -39.63, 159.0
 61.00,  -85.0,  -39.75, 159.0
 61.02,  -86.1,  -39.63, 159.0
 61.04,  -87.3,  -39.50, 159.0
 61.06,  -88.5,  -39.88, 159.0
 61.08,  -89.7,  -39.50, 159.0
 61.10,  -90.9,  -39.63, 159.0
 61.12,  -91.9,  -39.75, 159.0
 61.14,  -93.0,  -39.63, 159.0
 61.16,  -94.1,  -39.63, 159.0
 61.18,  -95.3,  -39.63, 159.0
 61.20,  -96.5,  -39.88, 159.0
 61.22,  -97.6,  -39.63, 159.0
 61.24,  -98.7,  -39.88, 159.0
 61.26,  -99.7,  -39.88, 159.0
 61.28, -100.8,  -39.75, 159.0
 61.30, -102.0,  -39.88, 159.0
 61.32, -103.2,  -39.88, 159.0
 61.34, -104.4,  -40.00, 159.0
 61.36, -105.4,  -39.88, 159.0
 61.38, -106.6,  -40.13, 159.0
 61.40, -107.7,  -40.00, 159.0
 61.42, -108.8,  -40.00, 159.0
 61.44, -110.0,  -40.13, 159.0
 61.46, -111.2,  -40.25, 159.0
 61.48, -112.4,  -40.00, 159.0
 61.50, -113.6,  -40.25, 159.0
 61.52, -114.8,  -40.25, 159.0
 61.54, -116.0,  -40.13, 159.0
 61.56, -117.2,  -40.25, 159.0
 61.58, -118.4,  -40.25, 159.0
 61.60, -119.5,  -40.38, 159.0
 61.62, -120.6,  -40.25, 159.0
 61.64, -121.8,  -40.50, 159.0
 61.66, -123.0,  -40.38, 159.0
 61.68, -124.1,  -40.50, 159.0
 61.70, -125.3,  -40.50, 159.0
 61.72, -126.5,  -40.63, 159.0
 61.74, -127.7,  -40.50, 159.0
 61.76, -128.9,  -40.75, 159.0
 61.78, -130.1,  -40.63, 159.0
 61.80, -131.3,  -40.63, 159.0
 61.82, -132.5,  -40.63, 159.0
 61.84, -133.7,  -40.88, 159.0
 61.86, -134.9,  -40.63, 159.0
 61.88, -136.1,  -40.75, 159.0
 61.90, -137.3,  -40.75, 159.0
 61.92, -138.5,  -40.88, 159.0
 61.94, -139.7,  -40.63, 159.0
 61.96, -140.9,  -40.88, 159.0
 61.98, -142.1,  -40.75, 159.0
 62.00, -143.3,  -40.88, 154.0
 62.02, -144.5,  -40.75, 154.0
 62.04, -145.7,  -40.88, 154.0
 62.06, -146.9,  -40.75, 154.0
 62.08, -148.1,  -40.88, 154.0
 62.10, -149.3,  -40.88, 154.0
 62.12, -150.5,  -40.88, 154.0
 62.14, -151.7,  -40.75, 154.0
 62.16, -152.9,  -41.00, 154.0
 62.18, -154.1,  -40.88, 154.0
 62.20, -155.3,  -40.88, 154.0
 62.22, -156.5,  -40.88, 154.0
 62.24, -157.7,  -41.00, 154.0
 62.26, -158.9,  -40.75, 154.0
 62.28, -160.1,  -40.88, 154.0
 62.30, -161.3,  -40.88, 154.0
 62.32, -162.5,  -40.75, 154.0
 62.34, -163.7,  -40.88, 154.0
 62.36, -164.9,  -40.75, 154.0
 62.38, -166.1,  -40.88, 154.0
===============================
Changed Angle: 36.38
Elapsed Time : 62.40
Disk R.P.M   : 0
===============================
2018-04-13.  12:12:07.

