Device: Gyroscope
===============================
  Time  Rotation   Tilt   D-RPM
------- -------- ------- ------
  0.00,    1.3,  -14.75, 251.8
  0.02,    2.5,  -14.75, 251.8
  0.04,    3.7,  -14.75, 251.8
  0.06,    5.0,  -14.63, 251.8
  0.08,    6.2,  -14.63, 251.8
  0.10,    7.5,  -14.50, 251.8
  0.12,    8.7,  -14.63, 251.8
  0.14,    9.9,  -14.50, 251.8
  0.16,   11.1,  -14.50, 251.8
  0.18,   12.3,  -14.38, 251.8
  0.20,   13.5,  -14.50, 251.8
  0.22,   14.7,  -14.25, 251.8
  0.24,   15.9,  -14.38, 251.8
  0.26,   17.1,  -14.13, 251.8
  0.28,   18.3,  -14.25, 251.8
  0.30,   19.5,  -14.00, 251.8
  0.32,   20.6,  -14.13, 251.8
  0.34,   21.8,  -14.13, 251.8
  0.36,   22.9,  -14.00, 251.8
  0.38,   24.1,  -14.00, 251.8
  0.40,   25.3,  -14.00, 251.8
  0.42,   26.3,  -14.00, 251.8
  0.44,   27.5,  -14.00, 251.8
  0.46,   28.5,  -13.88, 251.8
  0.48,   29.7,  -14.00, 251.8
  0.50,   30.9,  -13.75, 251.8
  0.52,   32.1,  -14.00, 251.8
  0.54,   33.1,  -13.88, 251.8
  0.56,   34.3,  -13.88, 251.8
  0.58,   35.4,  -14.00, 251.8
  0.60,   36.5,  -13.88, 251.8
  0.62,   37.7,  -14.00, 251.8
  0.64,   38.7,  -14.00, 251.8
  0.66,   39.9,  -14.13, 251.8
  0.68,   41.0,  -14.00, 251.8
  0.70,   42.1,  -14.13, 251.8
  0.72,   43.3,  -14.13, 251.8
  0.74,   44.5,  -14.25, 251.8
  0.76,   45.7,  -14.38, 251.8
  0.78,   46.9,  -14.25, 251.8
  0.80,   48.1,  -14.50, 251.8
  0.82,   49.1,  -14.50, 251.8
  0.84,   50.3,  -14.50, 251.8
  0.86,   51.5,  -14.63, 251.8
  0.88,   52.7,  -14.63, 251.8
  0.90,   53.9,  -14.75, 251.8
  0.92,   55.1,  -14.75, 251.8
  0.94,   56.3,  -15.00, 251.8
  0.96,   57.5,  -14.88, 251.8
  0.98,   58.6,  -15.00, 251.8
  1.00,   60.0,  -15.00, 251.8
  1.02,   61.2,  -15.13, 251.8
  1.04,   62.4,  -15.25, 251.8
  1.06,   63.6,  -15.13, 251.8
  1.08,   64.8,  -15.38, 251.8
  1.10,   66.0,  -15.13, 251.8
  1.12,   67.3,  -15.38, 251.8
  1.14,   68.6,  -15.25, 251.8
  1.16,   69.8,  -15.38, 251.8
  1.18,   71.1,  -15.38, 251.8
  1.20,   72.4,  -15.38, 251.8
  1.22,   73.6,  -15.38, 251.8
  1.24,   74.8,  -15.25, 251.8
  1.26,   76.2,  -15.38, 251.8
  1.28,   77.4,  -15.25, 251.8
  1.30,   78.6,  -15.38, 251.8
  1.32,   79.8,  -15.25, 251.8
  1.34,   81.0,  -15.25, 251.8
  1.36,   82.3,  -15.13, 251.8
  1.38,   83.5,  -15.25, 251.8
  1.40,   84.7,  -15.13, 251.8
  1.42,   85.9,  -15.13, 251.8
  1.44,   87.1,  -15.00, 251.8
  1.46,   88.3,  -15.00, 251.8
  1.48,   89.5,  -14.88, 251.8
  1.50,   90.7,  -15.00, 251.8
  1.52,   91.9,  -15.00, 251.8
  1.54,   93.1,  -14.75, 251.8
  1.56,   94.3,  -14.88, 251.8
  1.58,   95.4,  -14.63, 251.8
  1.60,   96.5,  -14.75, 251.8
  1.62,   97.7,  -14.50, 251.8
  1.64,   98.9,  -14.63, 251.8
  1.66,  100.1,  -14.50, 251.8
  1.68,  101.1,  -14.50, 251.8
  1.70,  102.3,  -14.50, 251.8
  1.72,  103.5,  -14.50, 251.8
  1.74,  104.6,  -14.50, 251.8
  1.76,  105.7,  -14.63, 251.8
  1.78,  106.9,  -14.38, 251.8
  1.80,  107.9,  -14.63, 251.8
  1.82,  109.1,  -14.38, 251.8
  1.84,  110.1,  -14.63, 251.8
  1.86,  111.3,  -14.38, 251.8
  1.88,  112.5,  -14.63, 251.8
  1.90,  113.6,  -14.50, 251.8
  1.92,  114.7,  -14.63, 251.8
  1.94,  115.9,  -14.75, 251.8
  1.96,  117.0,  -14.63, 251.8
  1.98,  118.1,  -14.88, 251.8
  2.00,  119.3,  -14.75, 251.8
  2.02,  120.5,  -15.00, 251.8
  2.04,  121.7,  -14.88, 251.8
  2.06,  122.7,  -15.00, 251.8
  2.08,  124.0,  -15.00, 251.8
  2.10,  125.1,  -15.13, 251.8
  2.12,  126.3,  -15.13, 251.8
  2.14,  127.5,  -15.38, 251.8
  2.16,  128.7,  -15.25, 251.8
  2.18,  129.9,  -15.38, 251.8
  2.20,  131.2,  -15.50, 251.8
  2.22,  132.4,  -15.38, 251.8
  2.24,  133.6,  -15.63, 251.8
  2.26,  134.9,  -15.50, 251.8
  2.28,  136.1,  -15.88, 251.8
  2.30,  137.3,  -15.63, 251.8
  2.32,  138.5,  -15.88, 251.8
  2.34,  139.7,  -15.88, 251.8
  2.36,  140.9,  -15.88, 251.8
  2.38,  142.2,  -16.00, 251.8
  2.40,  143.4,  -15.88, 265.0
  2.42,  144.8,  -16.00, 265.0
  2.44,  146.0,  -15.88, 265.0
  2.46,  147.2,  -15.88, 265.0
  2.48,  148.4,  -15.88, 265.0
  2.50,  149.6,  -15.88, 265.0
  2.52,  151.0,  -16.00, 265.0
  2.54,  152.2,  -15.75, 265.0
  2.56,  153.5,  -16.00, 265.0
  2.58,  154.8,  -15.75, 265.0
  2.60,  156.0,  -16.00, 265.0
  2.62,  157.2,  -15.75, 265.0
  2.64,  158.4,  -16.00, 265.0
  2.66,  159.6,  -15.63, 265.0
  2.68,  160.8,  -15.75, 265.0
  2.70,  162.2,  -15.38, 265.0
  2.72,  163.3,  -15.50, 265.0
  2.74,  164.6,  -15.25, 265.0
  2.76,  165.6,  -15.50, 265.0
  2.78,  166.8,  -15.38, 265.0
  2.80,  168.0,  -15.50, 265.0
  2.82,  169.2,  -15.50, 265.0
  2.84,  170.4,  -15.38, 265.0
  2.86,  171.6,  -15.50, 265.0
  2.88,  172.8,  -15.25, 265.0
  2.90,  174.0,  -15.25, 265.0
  2.92,  175.2,  -15.13, 265.0
  2.94,  176.4,  -14.88, 265.0
  2.96,  177.5,  -15.00, 265.0
  2.98,  178.6,  -14.75, 265.0
  3.00,  179.6,  -15.00, 265.0
  3.02,  180.8,  -14.88, 265.0
  3.04,  182.0,  -15.13, 265.0
  3.06,  183.2,  -15.13, 265.0
  3.08,  184.3,  -15.13, 265.0
  3.10,  185.4,  -15.25, 265.0
  3.12,  186.4,  -15.13, 265.0
  3.14,  187.6,  -15.25, 265.0
  3.16,  188.8,  -15.13, 265.0
  3.18,  190.0,  -15.13, 265.0
  3.20,  191.2,  -15.13, 265.0
  3.22,  192.3,  -15.00, 265.0
  3.24,  193.3,  -15.25, 265.0
  3.26,  194.4,  -15.25, 265.0
  3.28,  195.6,  -15.50, 265.0
  3.30,  196.8,  -15.50, 265.0
  3.32,  198.0,  -15.63, 265.0
  3.34,  199.2,  -15.63, 265.0
  3.36,  200.4,  -15.75, 265.0
  3.38,  201.6,  -15.75, 265.0
  3.40,  202.8,  -15.75, 265.0
  3.42,  204.0,  -15.88, 265.0
  3.44,  205.2,  -15.75, 265.0
  3.46,  206.4,  -16.00, 265.0
  3.48,  207.6,  -15.88, 265.0
  3.50,  208.8,  -16.13, 265.0
  3.52,  210.0,  -16.13, 265.0
  3.54,  211.2,  -16.13, 265.0
  3.56,  212.4,  -16.38, 265.0
  3.58,  213.7,  -16.13, 265.0
  3.60,  215.1,  -16.50, 265.0
  3.62,  216.4,  -16.25, 265.0
  3.64,  217.6,  -16.50, 265.0
  3.66,  218.8,  -16.50, 265.0
  3.68,  220.0,  -16.38, 265.0
  3.70,  221.3,  -16.50, 265.0
  3.72,  222.8,  -16.38, 265.0
  3.74,  224.0,  -16.50, 265.0
  3.76,  225.2,  -16.50, 265.0
  3.78,  226.4,  -16.38, 265.0
  3.80,  227.6,  -16.63, 265.0
  3.82,  228.9,  -16.25, 265.0
  3.84,  230.4,  -16.50, 265.0
  3.86,  231.6,  -16.25, 265.0
  3.88,  232.8,  -16.50, 265.0
  3.90,  234.0,  -16.13, 265.0
  3.92,  235.2,  -16.38, 265.0
  3.94,  236.4,  -16.13, 265.0
  3.96,  237.7,  -16.38, 265.0
  3.98,  238.9,  -16.00, 265.0
  4.00,  240.1,  -16.25, 265.0
  4.02,  241.4,  -15.88, 265.0
  4.04,  242.6,  -16.13, 265.0
  4.06,  243.8,  -15.75, 265.0
  4.08,  245.0,  -15.88, 265.0
  4.10,  246.2,  -15.75, 265.0
  4.12,  247.4,  -15.88, 265.0
  4.14,  248.6,  -15.88, 265.0
  4.16,  249.8,  -15.75, 265.0
  4.18,  250.9,  -15.88, 265.0
  4.20,  252.0,  -15.63, 265.0
  4.22,  253.1,  -15.75, 265.0
  4.24,  254.3,  -15.50, 265.0
  4.26,  255.5,  -15.50, 265.0
  4.28,  256.6,  -15.50, 265.0
  4.30,  257.6,  -15.38, 265.0
  4.32,  258.8,  -15.63, 265.0
  4.34,  259.9,  -15.38, 265.0
  4.36,  261.0,  -15.75, 265.0
  4.38,  262.2,  -15.50, 265.0
  4.40,  263.4,  -15.75, 265.0
  4.42,  264.6,  -15.63, 265.0
  4.44,  265.6,  -15.75, 265.0
  4.46,  266.8,  -15.75, 265.0
  4.48,  267.8,  -15.75, 265.0
  4.50,  269.0,  -15.75, 265.0
  4.52,  270.2,  -15.75, 265.0
  4.54,  271.4,  -15.88, 265.0
  4.56,  272.6,  -15.88, 265.0
  4.58,  273.8,  -16.00, 265.0
  4.60,  275.0,  -16.00, 265.0
  4.62,  276.2,  -16.13, 265.0
  4.64,  277.4,  -16.25, 265.0
  4.66,  278.6,  -16.25, 265.0
  4.68,  279.8,  -16.38, 265.0
  4.70,  281.0,  -16.25, 265.0
  4.72,  282.2,  -16.63, 265.0
  4.74,  283.4,  -16.50, 265.0
  4.76,  284.6,  -16.50, 265.0
  4.78,  285.8,  -16.75, 265.0
  4.80,  287.1,  -16.63, 265.0
  4.82,  288.4,  -16.88, 265.0
  4.84,  289.7,  -16.63, 265.0
  4.86,  291.0,  -17.00, 265.0
  4.88,  292.2,  -16.88, 265.0
  4.90,  293.4,  -16.88, 265.0
  4.92,  294.7,  -17.00, 265.0
  4.94,  296.0,  -16.88, 265.0
  4.96,  297.3,  -17.00, 265.0
  4.98,  298.5,  -17.13, 265.0
  5.00,  299.8,  -17.00, 265.0
  5.02,  301.1,  -17.13, 265.0
  5.04,  302.4,  -16.88, 265.0
  5.06,  303.7,  -17.13, 265.0
  5.08,  305.0,  -16.88, 265.0
  5.10,  306.2,  -17.00, 265.0
  5.12,  307.5,  -16.88, 265.0
  5.14,  308.8,  -16.88, 265.0
  5.16,  310.0,  -16.88, 265.0
  5.18,  311.3,  -16.88, 265.0
  5.20,  312.6,  -16.88, 260.6
  5.22,  313.7,  -16.88, 260.6
  5.24,  315.0,  -16.88, 260.6
  5.26,  316.2,  -16.63, 260.6
  5.28,  317.4,  -16.75, 260.6
  5.30,  318.7,  -16.50, 260.6
  5.32,  319.9,  -16.50, 260.6
  5.34,  321.2,  -16.38, 260.6
  5.36,  322.4,  -16.25, 260.6
  5.38,  323.5,  -16.38, 260.6
  5.40,  324.7,  -16.13, 260.6
  5.42,  325.9,  -16.38, 260.6
  5.44,  327.0,  -16.13, 260.6
  5.46,  328.2,  -16.38, 260.6
  5.48,  329.4,  -16.13, 260.6
  5.50,  330.5,  -16.38, 260.6
  5.52,  331.7,  -16.13, 260.6
  5.54,  332.8,  -16.13, 260.6
  5.56,  334.0,  -16.13, 260.6
  5.58,  335.2,  -16.00, 260.6
  5.60,  336.4,  -16.00, 260.6
  5.62,  337.5,  -16.00, 260.6
  5.64,  338.6,  -16.13, 260.6
  5.66,  339.8,  -16.13, 260.6
  5.68,  340.9,  -16.13, 260.6
  5.70,  342.0,  -16.25, 260.6
  5.72,  343.2,  -16.25, 260.6
  5.74,  344.3,  -16.25, 260.6
  5.76,  345.5,  -16.25, 260.6
  5.78,  346.7,  -16.38, 260.6
  5.80,  347.8,  -16.25, 260.6
  5.82,  349.0,  -16.50, 260.6
  5.84,  350.2,  -16.38, 260.6
  5.86,  351.4,  -16.63, 260.6
  5.88,  352.6,  -16.50, 260.6
  5.90,  353.7,  -16.63, 260.6
  5.92,  355.0,  -16.75, 260.6
  5.94,  356.1,  -16.75, 260.6
  5.96,  357.3,  -17.00, 260.6
  5.98,  358.5,  -16.88, 260.6
  6.00,  359.8,  -17.13, 260.6
  6.02,  361.0,  -17.13, 260.6
  6.04,  362.2,  -17.13, 260.6
  6.06,  363.6,  -17.25, 260.6
  6.08,  364.8,  -17.25, 260.6
  6.10,  366.0,  -17.38, 260.6
  6.12,  367.3,  -17.38, 260.6
  6.14,  368.6,  -17.38, 260.6
  6.16,  369.8,  -17.63, 260.6
  6.18,  371.1,  -17.38, 260.6
  6.20,  372.4,  -17.63, 260.6
  6.22,  373.6,  -17.50, 260.6
  6.24,  374.9,  -17.63, 260.6
  6.26,  376.2,  -17.63, 260.6
  6.28,  377.6,  -17.63, 260.6
  6.30,  378.8,  -17.63, 260.6
  6.32,  380.0,  -17.50, 260.6
  6.34,  381.4,  -17.63, 260.6
  6.36,  382.6,  -17.50, 260.6
  6.38,  384.0,  -17.50, 260.6
  6.40,  385.2,  -17.63, 260.6
  6.42,  386.4,  -17.38, 260.6
  6.44,  387.6,  -17.63, 260.6
  6.46,  388.8,  -17.38, 260.6
  6.48,  390.2,  -17.50, 260.6
  6.50,  391.4,  -17.25, 260.6
  6.52,  392.6,  -17.50, 260.6
  6.54,  394.0,  -17.13, 260.6
  6.56,  395.2,  -17.25, 260.6
  6.58,  396.4,  -17.00, 260.6
  6.60,  397.6,  -17.13, 260.6
  6.62,  398.8,  -17.00, 260.6
  6.64,  400.0,  -17.00, 260.6
  6.66,  401.2,  -17.00, 260.6
  6.68,  402.4,  -16.88, 260.6
  6.70,  403.5,  -16.88, 260.6
  6.72,  404.6,  -16.75, 260.6
  6.74,  405.8,  -16.88, 260.6
  6.76,  407.0,  -16.75, 260.6
  6.78,  408.1,  -16.75, 260.6
  6.80,  409.3,  -16.75, 260.6
  6.82,  410.4,  -16.63, 260.6
  6.84,  411.6,  -16.88, 260.6
  6.86,  412.8,  -16.63, 260.6
  6.88,  414.0,  -16.88, 260.6
  6.90,  415.0,  -16.75, 260.6
  6.92,  416.1,  -16.88, 260.6
  6.94,  417.2,  -16.75, 260.6
  6.96,  418.4,  -16.75, 260.6
  6.98,  419.6,  -16.75, 260.6
  7.00,  420.7,  -16.63, 260.6
  7.02,  421.9,  -16.88, 260.6
  7.04,  422.9,  -16.75, 260.6
  7.06,  424.0,  -17.13, 260.6
  7.08,  425.2,  -17.00, 260.6
  7.10,  426.4,  -17.25, 260.6
  7.12,  427.6,  -17.13, 260.6
  7.14,  428.6,  -17.38, 260.6
  7.16,  429.8,  -17.25, 260.6
  7.18,  431.0,  -17.38, 260.6
  7.20,  432.2,  -17.38, 260.6
  7.22,  433.4,  -17.38, 260.6
  7.24,  434.6,  -17.50, 260.6
  7.26,  435.9,  -17.50, 260.6
  7.28,  437.2,  -17.75, 260.6
  7.30,  438.4,  -17.75, 260.6
  7.32,  439.6,  -17.88, 260.6
  7.34,  441.0,  -18.00, 260.6
  7.36,  442.2,  -17.88, 260.6
  7.38,  443.4,  -18.13, 260.6
  7.40,  444.6,  -18.00, 260.6
  7.42,  445.9,  -18.13, 260.6
  7.44,  447.2,  -18.13, 260.6
  7.46,  448.4,  -18.13, 260.6
  7.48,  449.8,  -18.25, 260.6
  7.50,  451.0,  -18.13, 260.6
  7.52,  452.4,  -18.25, 260.6
  7.54,  453.6,  -18.38, 260.6
  7.56,  454.9,  -18.13, 260.6
  7.58,  456.2,  -18.38, 260.6
  7.60,  457.4,  -18.13, 242.9
  7.62,  458.8,  -18.38, 242.9
  7.64,  460.0,  -18.13, 242.9
  7.66,  461.2,  -18.13, 242.9
  7.68,  462.5,  -18.13, 242.9
  7.70,  463.8,  -18.00, 242.9
  7.72,  465.0,  -18.13, 242.9
  7.74,  466.2,  -18.00, 242.9
  7.76,  467.6,  -18.13, 242.9
  7.78,  468.8,  -17.88, 242.9
  7.80,  470.0,  -18.00, 242.9
  7.82,  471.2,  -17.75, 242.9
  7.84,  472.3,  -17.88, 242.9
  7.86,  473.5,  -17.75, 242.9
  7.88,  474.7,  -17.75, 242.9
  7.90,  475.9,  -17.63, 242.9
  7.92,  477.1,  -17.63, 242.9
  7.94,  478.3,  -17.63, 242.9
  7.96,  479.5,  -17.50, 242.9
  7.98,  480.7,  -17.50, 242.9
  8.00,  481.9,  -17.38, 242.9
  8.02,  483.1,  -17.50, 242.9
  8.04,  484.3,  -17.38, 242.9
  8.06,  485.5,  -17.25, 242.9
  8.08,  486.6,  -17.50, 242.9
  8.10,  487.7,  -17.13, 242.9
  8.12,  488.9,  -17.50, 242.9
  8.14,  489.9,  -17.13, 242.9
  8.16,  491.1,  -17.50, 242.9
  8.18,  492.3,  -17.25, 242.9
  8.20,  493.4,  -17.50, 242.9
  8.22,  494.6,  -17.25, 242.9
  8.24,  495.7,  -17.50, 242.9
  8.26,  496.9,  -17.50, 242.9
  8.28,  497.9,  -17.38, 242.9
  8.30,  499.1,  -17.50, 242.9
  8.32,  500.3,  -17.50, 242.9
  8.34,  501.5,  -17.63, 242.9
  8.36,  502.7,  -17.50, 242.9
  8.38,  503.9,  -17.75, 242.9
  8.40,  505.0,  -17.75, 242.9
  8.42,  506.2,  -18.00, 242.9
  8.44,  507.4,  -18.00, 242.9
  8.46,  508.6,  -18.13, 242.9
  8.48,  509.8,  -18.25, 242.9
  8.50,  511.1,  -18.13, 242.9
  8.52,  512.3,  -18.25, 242.9
  8.54,  513.5,  -18.13, 242.9
  8.56,  514.7,  -18.38, 242.9
  8.58,  515.9,  -18.38, 242.9
  8.60,  517.1,  -18.38, 242.9
  8.62,  518.3,  -18.63, 242.9
  8.64,  519.5,  -18.50, 242.9
  8.66,  521.0,  -18.88, 242.9
  8.68,  522.2,  -18.88, 242.9
  8.70,  523.5,  -18.88, 242.9
  8.72,  524.7,  -19.00, 242.9
  8.74,  525.9,  -18.88, 242.9
  8.76,  527.4,  -18.88, 242.9
  8.78,  528.7,  -18.88, 242.9
  8.80,  529.9,  -18.63, 242.9
  8.82,  531.1,  -18.88, 242.9
  8.84,  532.5,  -18.63, 242.9
  8.86,  533.8,  -19.00, 242.9
  8.88,  535.1,  -18.88, 242.9
  8.90,  536.3,  -18.88, 242.9
  8.92,  537.5,  -19.00, 242.9
  8.94,  538.7,  -18.75, 242.9
  8.96,  540.2,  -19.00, 242.9
  8.98,  541.5,  -18.75, 242.9
  9.00,  542.7,  -18.88, 242.9
  9.02,  543.9,  -18.50, 242.9
  9.04,  545.1,  -18.75, 242.9
  9.06,  546.5,  -18.38, 242.9
  9.08,  547.7,  -18.50, 242.9
  9.10,  549.0,  -18.25, 242.9
  9.12,  550.2,  -18.50, 242.9
  9.14,  551.5,  -18.25, 242.9
  9.16,  552.7,  -18.50, 242.9
  9.18,  553.9,  -18.13, 242.9
  9.20,  555.1,  -18.38, 242.9
  9.22,  556.3,  -18.00, 242.9
  9.24,  557.5,  -18.25, 242.9
  9.26,  558.7,  -18.00, 242.9
  9.28,  559.9,  -18.13, 242.9
  9.30,  561.1,  -18.00, 242.9
  9.32,  562.1,  -17.88, 242.9
  9.34,  563.3,  -18.00, 242.9
  9.36,  564.3,  -17.88, 242.9
  9.38,  565.5,  -18.00, 242.9
  9.40,  566.7,  -17.88, 242.9
  9.42,  567.9,  -18.00, 242.9
  9.44,  569.1,  -17.88, 242.9
  9.46,  570.3,  -18.00, 242.9
  9.48,  571.4,  -18.00, 242.9
  9.50,  572.5,  -18.00, 242.9
  9.52,  573.6,  -18.13, 242.9
  9.54,  574.7,  -18.00, 242.9
  9.56,  575.9,  -18.13, 242.9
  9.58,  577.1,  -18.00, 242.9
  9.60,  578.2,  -18.25, 242.9
  9.62,  579.4,  -18.25, 242.9
  9.64,  580.6,  -18.38, 242.9
  9.66,  581.8,  -18.38, 242.9
  9.68,  583.0,  -18.25, 242.9
  9.70,  584.2,  -18.50, 242.9
  9.72,  585.4,  -18.38, 242.9
  9.74,  586.6,  -18.75, 242.9
  9.76,  587.8,  -18.50, 242.9
  9.78,  589.0,  -18.88, 242.9
  9.80,  590.2,  -18.75, 242.9
  9.82,  591.4,  -19.00, 242.9
  9.84,  592.6,  -19.13, 242.9
  9.86,  593.9,  -19.00, 242.9
  9.88,  595.2,  -19.13, 242.9
  9.90,  596.5,  -19.25, 242.9
  9.92,  597.8,  -19.00, 242.9
  9.94,  599.0,  -19.38, 242.9
  9.96,  600.2,  -19.13, 242.9
  9.98,  601.6,  -19.38, 242.9
 10.00,  603.0,  -19.38, 242.9
 10.02,  604.2,  -19.38, 247.3
 10.04,  605.4,  -19.50, 247.3
 10.06,  606.8,  -19.50, 247.3
 10.08,  608.2,  -19.50, 247.3
 10.10,  609.4,  -19.75, 247.3
 10.12,  610.6,  -19.50, 247.3
 10.14,  612.0,  -19.50, 247.3
 10.16,  613.3,  -19.50, 247.3
 10.18,  614.6,  -19.25, 247.3
 10.20,  615.8,  -19.50, 247.3
 10.22,  617.2,  -19.13, 247.3
 10.24,  618.5,  -19.50, 247.3
 10.26,  619.8,  -19.13, 247.3
 10.28,  621.0,  -19.38, 247.3
 10.30,  622.3,  -19.25, 247.3
 10.32,  623.6,  -19.25, 247.3
 10.34,  624.9,  -19.13, 247.3
 10.36,  626.1,  -19.13, 247.3
 10.38,  627.4,  -19.00, 247.3
 10.40,  628.7,  -19.00, 247.3
 10.42,  629.9,  -19.00, 247.3
 10.44,  631.1,  -18.88, 247.3
 10.46,  632.3,  -18.75, 247.3
 10.48,  633.5,  -18.75, 247.3
 10.50,  634.7,  -18.63, 247.3
 10.52,  635.9,  -18.75, 247.3
 10.54,  637.1,  -18.50, 247.3
 10.56,  638.3,  -18.75, 247.3
 10.58,  639.5,  -18.38, 247.3
 10.60,  640.7,  -18.63, 247.3
 10.62,  641.9,  -18.38, 247.3
 10.64,  643.0,  -18.50, 247.3
 10.66,  644.2,  -18.38, 247.3
 10.68,  645.3,  -18.50, 247.3
 10.70,  646.5,  -18.50, 247.3
 10.72,  647.7,  -18.38, 247.3
 10.74,  648.8,  -18.50, 247.3
 10.76,  650.0,  -18.38, 247.3
 10.78,  651.2,  -18.63, 247.3
 10.80,  652.4,  -18.63, 247.3
 10.82,  653.6,  -18.63, 247.3
 10.84,  654.8,  -18.38, 247.3
 10.86,  655.9,  -18.75, 247.3
 10.88,  657.1,  -18.50, 247.3
 10.90,  658.3,  -18.88, 247.3
 10.92,  659.4,  -18.75, 247.3
 10.94,  660.6,  -19.00, 247.3
 10.96,  661.8,  -19.00, 247.3
 10.98,  663.1,  -19.00, 247.3
 11.00,  664.3,  -19.13, 247.3
 11.02,  665.5,  -19.00, 247.3
 11.04,  666.8,  -19.25, 247.3
 11.06,  668.0,  -19.13, 247.3
 11.08,  669.2,  -19.38, 247.3
 11.10,  670.5,  -19.50, 247.3
 11.12,  671.7,  -19.50, 247.3
 11.14,  673.0,  -19.63, 247.3
 11.16,  674.2,  -19.75, 247.3
 11.18,  675.5,  -19.63, 247.3
 11.20,  676.8,  -19.63, 247.3
 11.22,  678.1,  -19.88, 247.3
 11.24,  679.4,  -20.00, 247.3
 11.26,  680.7,  -20.00, 247.3
 11.28,  682.0,  -19.88, 247.3
 11.30,  683.3,  -20.00, 247.3
 11.32,  684.6,  -20.00, 247.3
 11.34,  686.0,  -19.88, 247.3
 11.36,  687.2,  -20.13, 247.3
 11.38,  688.6,  -20.00, 247.3
 11.40,  689.8,  -20.00, 247.3
 11.42,  691.1,  -20.13, 247.3
 11.44,  692.4,  -20.13, 247.3
 11.46,  693.8,  -20.13, 247.3
 11.48,  695.0,  -20.13, 247.3
 11.50,  696.4,  -20.00, 247.3
 11.52,  697.7,  -20.00, 247.3
 11.54,  699.0,  -19.75, 247.3
 11.56,  700.2,  -19.75, 247.3
 11.58,  701.5,  -19.63, 247.3
 11.60,  702.8,  -19.63, 247.3
 11.62,  704.0,  -19.50, 247.3
 11.64,  705.3,  -19.63, 247.3
 11.66,  706.6,  -19.63, 247.3
 11.68,  707.8,  -19.63, 247.3
 11.70,  709.0,  -19.63, 247.3
 11.72,  710.2,  -19.63, 247.3
 11.74,  711.4,  -19.38, 247.3
 11.76,  712.6,  -19.38, 247.3
 11.78,  713.9,  -19.13, 247.3
 11.80,  715.1,  -19.13, 247.3
 11.82,  716.3,  -19.00, 247.3
 11.84,  717.4,  -19.00, 247.3
 11.86,  718.6,  -19.00, 247.3
 11.88,  719.8,  -19.00, 247.3
 11.90,  721.0,  -19.00, 247.3
 11.92,  722.2,  -19.00, 247.3
 11.94,  723.3,  -19.13, 247.3
 11.96,  724.4,  -19.00, 247.3
 11.98,  725.6,  -19.13, 247.3
 12.00,  726.8,  -19.13, 247.3
 12.02,  727.9,  -19.00, 247.3
 12.04,  729.2,  -19.00, 247.3
 12.06,  730.3,  -19.00, 247.3
 12.08,  731.4,  -19.00, 247.3
 12.10,  732.6,  -19.00, 247.3
 12.12,  733.8,  -19.13, 247.3
 12.14,  735.0,  -19.25, 247.3
 12.16,  736.2,  -19.25, 247.3
 12.18,  737.3,  -19.50, 247.3
 12.20,  738.5,  -19.38, 247.3
 12.22,  739.6,  -19.50, 247.3
 12.24,  740.9,  -19.50, 247.3
 12.26,  742.1,  -19.63, 247.3
 12.28,  743.3,  -19.63, 247.3
 12.30,  744.5,  -19.75, 247.3
 12.32,  745.7,  -19.88, 247.3
 12.34,  746.9,  -19.88, 247.3
 12.36,  748.1,  -20.00, 247.3
 12.38,  749.3,  -20.00, 247.3
 12.40,  750.5,  -20.00, 247.3
 12.42,  751.7,  -20.38, 237.1
 12.44,  753.0,  -20.13, 237.1
 12.46,  754.4,  -20.50, 237.1
 12.48,  755.6,  -20.38, 237.1
 12.50,  756.8,  -20.38, 237.1
 12.52,  758.2,  -20.50, 237.1
 12.54,  759.6,  -20.50, 237.1
 12.56,  760.8,  -20.50, 237.1
 12.58,  762.1,  -20.63, 237.1
 12.60,  763.4,  -20.50, 237.1
 12.62,  764.8,  -20.75, 237.1
 12.64,  766.0,  -20.63, 237.1
 12.66,  767.2,  -20.63, 237.1
 12.68,  768.6,  -20.75, 237.1
 12.70,  770.0,  -20.63, 237.1
 12.72,  771.2,  -20.63, 237.1
 12.74,  772.5,  -20.63, 237.1
 12.76,  773.7,  -20.63, 237.1
 12.78,  775.1,  -20.63, 237.1
 12.80,  776.3,  -20.50, 237.1
 12.82,  777.7,  -20.50, 237.1
 12.84,  778.9,  -20.38, 237.1
 12.86,  780.1,  -20.38, 237.1
 12.88,  781.5,  -20.38, 237.1
 12.90,  782.7,  -20.25, 237.1
 12.92,  783.8,  -20.38, 237.1
 12.94,  785.0,  -20.13, 237.1
 12.96,  786.2,  -20.25, 237.1
 12.98,  787.4,  -20.00, 237.1
 13.00,  788.8,  -20.00, 237.1
 13.02,  790.0,  -20.00, 237.1
 13.04,  791.2,  -19.88, 237.1
 13.06,  792.4,  -19.88, 237.1
 13.08,  793.6,  -19.75, 237.1
 13.10,  794.8,  -19.88, 237.1
 13.12,  796.0,  -19.63, 237.1
 13.14,  797.0,  -19.88, 237.1
 13.16,  798.2,  -19.63, 237.1
 13.18,  799.4,  -19.75, 237.1
 13.20,  800.6,  -19.63, 237.1
 13.22,  801.8,  -19.63, 237.1
 13.24,  803.0,  -19.63, 237.1
 13.26,  804.1,  -19.63, 237.1
 13.28,  805.2,  -19.75, 237.1
 13.30,  806.4,  -19.63, 237.1
 13.32,  807.6,  -19.75, 237.1
 13.34,  808.8,  -19.63, 237.1
 13.36,  809.8,  -19.75, 237.1
 13.38,  810.9,  -19.75, 237.1
 13.40,  812.1,  -19.88, 237.1
 13.42,  813.3,  -19.75, 237.1
 13.44,  814.5,  -20.00, 237.1
 13.46,  815.7,  -19.88, 237.1
 13.48,  816.8,  -20.13, 237.1
 13.50,  818.1,  -20.00, 237.1
 13.52,  819.2,  -20.25, 237.1
 13.54,  820.5,  -20.13, 237.1
 13.56,  821.7,  -20.38, 237.1
 13.58,  822.9,  -20.38, 237.1
 13.60,  824.1,  -20.50, 237.1
 13.62,  825.3,  -20.63, 237.1
 13.64,  826.5,  -20.63, 237.1
 13.66,  827.8,  -20.75, 237.1
 13.68,  829.1,  -20.88, 237.1
 13.70,  830.3,  -20.75, 237.1
 13.72,  831.5,  -21.00, 237.1
 13.74,  832.9,  -20.88, 237.1
 13.76,  834.1,  -21.00, 237.1
 13.78,  835.5,  -21.13, 237.1
 13.80,  836.7,  -21.00, 237.1
 13.82,  838.1,  -21.25, 237.1
 13.84,  839.3,  -21.25, 237.1
 13.86,  840.7,  -21.25, 237.1
 13.88,  841.9,  -21.38, 237.1
 13.90,  843.2,  -21.38, 237.1
 13.92,  844.6,  -21.25, 237.1
 13.94,  845.9,  -21.50, 237.1
 13.96,  847.1,  -21.25, 237.1
 13.98,  848.5,  -21.50, 237.1
 14.00,  849.7,  -21.38, 237.1
 14.02,  851.1,  -21.25, 237.1
 14.04,  852.3,  -21.38, 237.1
 14.06,  853.7,  -21.13, 237.1
 14.08,  855.0,  -21.25, 237.1
 14.10,  856.3,  -21.13, 237.1
 14.12,  857.5,  -21.13, 237.1
 14.14,  858.7,  -21.00, 237.1
 14.16,  860.1,  -21.00, 237.1
 14.18,  861.4,  -21.00, 237.1
 14.20,  862.5,  -20.88, 237.1
 14.22,  863.9,  -20.88, 237.1
 14.24,  865.1,  -20.88, 237.1
 14.26,  866.3,  -20.88, 237.1
 14.28,  867.5,  -20.75, 237.1
 14.30,  868.7,  -20.63, 237.1
 14.32,  869.9,  -20.63, 237.1
 14.34,  871.1,  -20.38, 237.1
 14.36,  872.3,  -20.50, 237.1
 14.38,  873.5,  -20.25, 237.1
 14.40,  874.7,  -20.50, 237.1
 14.42,  875.9,  -20.13, 237.1
 14.44,  877.1,  -20.50, 237.1
 14.46,  878.3,  -20.25, 237.1
 14.48,  879.5,  -20.50, 237.1
 14.50,  880.6,  -20.25, 237.1
 14.52,  881.7,  -20.38, 237.1
 14.54,  883.0,  -20.25, 237.1
 14.56,  884.1,  -20.13, 237.1
 14.58,  885.3,  -20.38, 237.1
 14.60,  886.3,  -20.00, 237.1
 14.62,  887.5,  -20.38, 237.1
 14.64,  888.7,  -20.13, 237.1
 14.66,  889.9,  -20.50, 237.1
 14.68,  891.1,  -20.25, 237.1
 14.70,  892.3,  -20.63, 237.1
 14.72,  893.4,  -20.50, 237.1
 14.74,  894.6,  -20.75, 237.1
 14.76,  895.8,  -20.75, 237.1
 14.78,  897.0,  -20.75, 237.1
 14.80,  898.2,  -20.88, 237.1
 14.82,  899.5,  -20.75, 237.1
 14.84,  900.7,  -21.13, 237.1
 14.86,  901.9,  -20.88, 237.1
 14.88,  903.1,  -21.25, 237.1
 14.90,  904.3,  -21.13, 237.1
 14.92,  905.5,  -21.25, 237.1
 14.94,  906.7,  -21.50, 237.1
 14.96,  907.9,  -21.38, 237.1
 14.98,  909.4,  -21.50, 237.1
 15.00,  910.7,  -21.75, 237.1
 15.02,  911.9,  -21.50, 237.1
 15.04,  913.1,  -21.88, 237.1
 15.06,  914.5,  -21.88, 237.1
 15.08,  915.9,  -21.75, 237.1
 15.10,  917.1,  -22.00, 237.1
 15.12,  918.3,  -21.88, 237.1
 15.14,  919.8,  -21.88, 237.1
 15.16,  921.1,  -22.00, 237.1
 15.18,  922.3,  -22.00, 237.1
 15.20,  923.6,  -21.88, 237.1
 15.22,  925.1,  -22.13, 238.5
 15.24,  926.3,  -21.88, 238.5
 15.26,  927.5,  -22.00, 238.5
 15.28,  928.9,  -22.00, 238.5
 15.30,  930.3,  -21.88, 238.5
 15.32,  931.5,  -22.00, 238.5
 15.34,  932.9,  -22.00, 238.5
 15.36,  934.3,  -21.88, 238.5
 15.38,  935.5,  -22.00, 238.5
 15.40,  936.7,  -21.63, 238.5
 15.42,  938.1,  -21.88, 238.5
 15.44,  939.5,  -21.50, 238.5
 15.46,  940.7,  -21.63, 238.5
 15.48,  941.9,  -21.50, 238.5
 15.50,  943.1,  -21.50, 238.5
 15.52,  944.3,  -21.38, 238.5
 15.54,  945.6,  -21.50, 238.5
 15.56,  946.9,  -21.25, 238.5
 15.58,  948.2,  -21.38, 238.5
 15.60,  949.5,  -21.13, 238.5
 15.62,  950.6,  -21.13, 238.5
 15.64,  951.8,  -21.00, 238.5
 15.66,  953.0,  -21.13, 238.5
 15.68,  954.2,  -20.88, 238.5
 15.70,  955.4,  -21.00, 238.5
 15.72,  956.6,  -20.75, 238.5
 15.74,  957.6,  -21.00, 238.5
 15.76,  958.8,  -20.75, 238.5
 15.78,  960.0,  -21.00, 238.5
 15.80,  961.2,  -20.75, 238.5
 15.82,  962.3,  -21.00, 238.5
 15.84,  963.5,  -20.88, 238.5
 15.86,  964.7,  -20.88, 238.5
 15.88,  965.9,  -20.88, 238.5
 15.90,  967.0,  -20.88, 238.5
 15.92,  968.2,  -21.00, 238.5
 15.94,  969.4,  -21.00, 238.5
 15.96,  970.6,  -21.00, 238.5
 15.98,  971.8,  -21.13, 238.5
 16.00,  973.0,  -21.00, 238.5
 16.02,  974.2,  -21.25, 238.5
 16.04,  975.4,  -21.13, 238.5
 16.06,  976.6,  -21.38, 238.5
 16.08,  977.8,  -21.38, 238.5
 16.10,  979.0,  -21.50, 238.5
 16.12,  980.2,  -21.50, 238.5
 16.14,  981.4,  -21.63, 238.5
 16.16,  982.7,  -21.88, 238.5
 16.18,  984.0,  -21.63, 238.5
 16.20,  985.2,  -22.00, 238.5
 16.22,  986.5,  -22.00, 238.5
 16.24,  987.8,  -21.88, 238.5
 16.26,  989.0,  -22.13, 238.5
 16.28,  990.3,  -22.25, 238.5
 16.30,  991.6,  -22.13, 238.5
 16.32,  992.9,  -22.38, 238.5
 16.34,  994.2,  -22.38, 238.5
 16.36,  995.6,  -22.25, 238.5
 16.38,  996.9,  -22.63, 238.5
 16.40,  998.2,  -22.38, 238.5
 16.42,  999.6,  -22.50, 238.5
 16.44, 1000.9,  -22.63, 238.5
 16.46, 1002.2,  -22.63, 238.5
 16.48, 1003.5,  -22.50, 238.5
 16.50, 1004.9,  -22.75, 238.5
 16.52, 1006.2,  -22.63, 238.5
 16.54, 1007.5,  -22.50, 238.5
 16.56, 1008.9,  -22.63, 238.5
 16.58, 1010.2,  -22.50, 238.5
 16.60, 1011.6,  -22.50, 238.5
 16.62, 1012.9,  -22.50, 238.5
 16.64, 1014.2,  -22.38, 238.5
 16.66, 1015.5,  -22.38, 238.5
 16.68, 1016.8,  -22.25, 238.5
 16.70, 1018.2,  -22.25, 238.5
 16.72, 1019.4,  -22.25, 238.5
 16.74, 1020.6,  -22.13, 238.5
 16.76, 1022.0,  -22.25, 238.5
 16.78, 1023.2,  -22.00, 238.5
 16.80, 1024.5,  -22.13, 238.5
 16.82, 1025.7,  -21.88, 238.5
 16.84, 1027.0,  -22.00, 238.5
 16.86, 1028.2,  -21.63, 238.5
 16.88, 1029.5,  -21.88, 238.5
 16.90, 1030.8,  -21.63, 238.5
 16.92, 1032.0,  -21.63, 238.5
 16.94, 1033.2,  -21.50, 238.5
 16.96, 1034.4,  -21.50, 238.5
 16.98, 1035.6,  -21.50, 238.5
 17.00, 1036.7,  -21.50, 238.5
 17.02, 1037.9,  -21.50, 238.5
 17.04, 1039.1,  -21.50, 238.5
 17.06, 1040.3,  -21.50, 238.5
 17.08, 1041.4,  -21.38, 238.5
 17.10, 1042.6,  -21.50, 238.5
 17.12, 1043.8,  -21.38, 238.5
 17.14, 1045.0,  -21.50, 238.5
 17.16, 1046.2,  -21.38, 238.5
 17.18, 1047.4,  -21.50, 238.5
 17.20, 1048.6,  -21.38, 238.5
 17.22, 1049.7,  -21.50, 238.5
 17.24, 1050.9,  -21.50, 238.5
 17.26, 1052.1,  -21.63, 238.5
 17.28, 1053.3,  -21.88, 238.5
 17.30, 1054.5,  -21.75, 238.5
 17.32, 1055.7,  -22.00, 238.5
 17.34, 1056.9,  -21.88, 238.5
 17.36, 1058.2,  -22.13, 238.5
 17.38, 1059.4,  -21.88, 238.5
 17.40, 1060.6,  -22.13, 238.5
 17.42, 1061.9,  -22.13, 238.5
 17.44, 1063.2,  -22.13, 238.5
 17.46, 1064.4,  -22.38, 238.5
 17.48, 1065.6,  -22.25, 238.5
 17.50, 1066.8,  -22.50, 238.5
 17.52, 1068.1,  -22.63, 238.5
 17.54, 1069.4,  -22.63, 238.5
 17.56, 1070.8,  -22.63, 238.5
 17.58, 1072.0,  -23.00, 238.5
 17.60, 1073.4,  -22.75, 238.5
 17.62, 1074.8,  -22.88, 234.1
 17.64, 1076.0,  -23.00, 234.1
 17.66, 1077.4,  -23.00, 234.1
 17.68, 1078.7,  -23.00, 234.1
 17.70, 1080.0,  -23.13, 234.1
 17.72, 1081.3,  -23.00, 234.1
 17.74, 1082.6,  -23.00, 234.1
 17.76, 1084.0,  -23.13, 234.1
 17.78, 1085.2,  -23.00, 234.1
 17.80, 1086.6,  -23.13, 234.1
 17.82, 1088.0,  -23.13, 234.1
 17.84, 1089.2,  -23.13, 234.1
 17.86, 1090.6,  -23.13, 234.1
 17.88, 1092.0,  -23.13, 234.1
 17.90, 1093.2,  -23.00, 234.1
 17.92, 1094.6,  -23.13, 234.1
 17.94, 1096.0,  -22.88, 234.1
 17.96, 1097.2,  -23.00, 234.1
 17.98, 1098.5,  -22.75, 234.1
 18.00, 1099.8,  -22.88, 234.1
 18.02, 1101.2,  -22.88, 234.1
 18.04, 1102.4,  -22.63, 234.1
 18.06, 1103.6,  -22.75, 234.1
 18.08, 1104.8,  -22.50, 234.1
 18.10, 1106.0,  -22.75, 234.1
 18.12, 1107.3,  -22.38, 234.1
 18.14, 1108.6,  -22.50, 234.1
 18.16, 1109.8,  -22.25, 234.1
 18.18, 1111.2,  -22.38, 234.1
 18.20, 1112.4,  -22.13, 234.1
 18.22, 1113.6,  -22.25, 234.1
 18.24, 1114.8,  -22.25, 234.1
 18.26, 1116.0,  -22.00, 234.1
 18.28, 1117.2,  -22.13, 234.1
 18.30, 1118.2,  -22.00, 234.1
 18.32, 1119.4,  -22.13, 234.1
 18.34, 1120.6,  -22.00, 234.1
 18.36, 1121.8,  -22.13, 234.1
 18.38, 1123.0,  -22.00, 234.1
 18.40, 1124.1,  -22.13, 234.1
 18.42, 1125.4,  -22.00, 234.1
 18.44, 1126.4,  -22.25, 234.1
 18.46, 1127.5,  -22.00, 234.1
 18.48, 1128.7,  -22.13, 234.1
 18.50, 1129.9,  -22.13, 234.1
 18.52, 1131.1,  -22.25, 234.1
 18.54, 1132.3,  -22.13, 234.1
 18.56, 1133.5,  -22.38, 234.1
 18.58, 1134.7,  -22.38, 234.1
 18.60, 1135.9,  -22.50, 234.1
 18.62, 1137.1,  -22.63, 234.1
 18.64, 1138.3,  -22.50, 234.1
 18.66, 1139.5,  -22.75, 234.1
 18.68, 1140.7,  -22.63, 234.1
 18.70, 1142.0,  -23.00, 234.1
 18.72, 1143.2,  -22.88, 234.1
 18.74, 1144.4,  -23.00, 234.1
 18.76, 1145.6,  -23.13, 234.1
 18.78, 1147.0,  -23.00, 234.1
 18.80, 1148.2,  -23.25, 234.1
 18.82, 1149.4,  -23.25, 234.1
 18.84, 1150.8,  -23.25, 234.1
 18.86, 1152.0,  -23.38, 234.1
 18.88, 1153.4,  -23.50, 234.1
 18.90, 1154.6,  -23.38, 234.1
 18.92, 1155.9,  -23.63, 234.1
 18.94, 1157.2,  -23.63, 234.1
 18.96, 1158.5,  -23.63, 234.1
 18.98, 1159.9,  -23.88, 234.1
 19.00, 1161.1,  -23.75, 234.1
 19.02, 1162.5,  -23.75, 234.1
 19.04, 1163.7,  -23.88, 234.1
 19.06, 1165.1,  -23.75, 234.1
 19.08, 1166.5,  -23.63, 234.1
 19.10, 1167.7,  -23.88, 234.1
 19.12, 1169.1,  -23.63, 234.1
 19.14, 1170.5,  -23.63, 234.1
 19.16, 1171.7,  -23.75, 234.1
 19.18, 1173.1,  -23.63, 234.1
 19.20, 1174.5,  -23.75, 234.1
 19.22, 1175.7,  -23.50, 234.1
 19.24, 1177.1,  -23.63, 234.1
 19.26, 1178.3,  -23.50, 234.1
 19.28, 1179.6,  -23.50, 234.1
 19.30, 1180.9,  -23.50, 234.1
 19.32, 1182.1,  -23.25, 234.1
 19.34, 1183.4,  -23.38, 234.1
 19.36, 1184.7,  -23.13, 234.1
 19.38, 1185.9,  -23.25, 234.1
 19.40, 1187.1,  -23.00, 234.1
 19.42, 1188.3,  -23.13, 234.1
 19.44, 1189.7,  -22.88, 234.1
 19.46, 1190.9,  -23.13, 234.1
 19.48, 1192.1,  -22.75, 234.1
 19.50, 1193.3,  -23.00, 234.1
 19.52, 1194.5,  -22.75, 234.1
 19.54, 1195.6,  -22.88, 234.1
 19.56, 1196.8,  -22.75, 234.1
 19.58, 1198.0,  -22.88, 234.1
 19.60, 1199.1,  -22.75, 234.1
 19.62, 1200.2,  -22.75, 234.1
 19.64, 1201.4,  -22.75, 234.1
 19.66, 1202.6,  -22.75, 234.1
 19.68, 1203.8,  -22.88, 234.1
 19.70, 1205.0,  -22.63, 234.1
 19.72, 1206.2,  -22.88, 234.1
 19.74, 1207.4,  -22.63, 234.1
 19.76, 1208.6,  -23.00, 234.1
 19.78, 1209.8,  -22.63, 234.1
 19.80, 1211.0,  -23.00, 234.1
 19.82, 1212.1,  -22.75, 234.1
 19.84, 1213.2,  -23.13, 234.1
 19.86, 1214.5,  -23.00, 234.1
 19.88, 1215.6,  -23.13, 234.1
 19.90, 1216.9,  -23.25, 234.1
 19.92, 1218.0,  -23.13, 234.1
 19.94, 1219.3,  -23.50, 234.1
 19.96, 1220.6,  -23.25, 234.1
 19.98, 1221.8,  -23.63, 234.1
 20.00, 1223.0,  -23.50, 234.1
 20.02, 1224.2,  -23.50, 234.1
 20.04, 1225.5,  -23.75, 234.1
 20.06, 1226.8,  -23.63, 234.1
 20.08, 1228.1,  -23.75, 234.1
 20.10, 1229.4,  -24.00, 234.1
 20.12, 1230.6,  -23.88, 234.1
 20.14, 1231.8,  -24.00, 234.1
 20.16, 1233.1,  -24.25, 234.1
 20.18, 1234.5,  -24.13, 234.1
 20.20, 1235.8,  -24.25, 234.1
 20.22, 1237.0,  -24.38, 234.1
 20.24, 1238.5,  -24.25, 234.1
 20.26, 1239.8,  -24.38, 234.1
 20.28, 1241.0,  -24.50, 234.1
 20.30, 1242.5,  -24.25, 234.1
 20.32, 1243.8,  -24.50, 234.1
 20.34, 1245.0,  -24.38, 234.1
 20.36, 1246.5,  -24.25, 234.1
 20.38, 1247.8,  -24.50, 234.1
 20.40, 1249.0,  -24.38, 234.1
 20.42, 1250.5,  -24.38, 234.1
 20.44, 1251.8,  -24.50, 234.1
 20.46, 1253.0,  -24.50, 234.1
 20.48, 1254.5,  -24.38, 234.1
 20.50, 1255.8,  -24.50, 234.1
 20.52, 1257.0,  -24.13, 234.1
 20.54, 1258.5,  -24.38, 234.1
 20.56, 1259.8,  -24.00, 234.1
 20.58, 1261.0,  -24.00, 234.1
 20.60, 1262.2,  -24.00, 234.1
 20.62, 1263.5,  -23.88, 234.1
 20.64, 1264.9,  -24.00, 234.1
 20.66, 1266.1,  -23.75, 234.1
 20.68, 1267.4,  -24.00, 234.1
 20.70, 1268.6,  -23.63, 234.1
 20.72, 1269.8,  -23.88, 234.1
 20.74, 1271.0,  -23.50, 234.1
 20.76, 1272.2,  -23.75, 234.1
 20.78, 1273.4,  -23.38, 234.1
 20.80, 1274.6,  -23.63, 234.1
 20.82, 1275.9,  -23.38, 234.1
 20.84, 1277.1,  -23.38, 234.1
 20.86, 1278.3,  -23.38, 234.1
 20.88, 1279.4,  -23.38, 234.1
 20.90, 1280.6,  -23.38, 234.1
 20.92, 1281.8,  -23.38, 234.1
 20.94, 1283.0,  -23.38, 234.1
 20.96, 1284.2,  -23.38, 234.1
 20.98, 1285.4,  -23.38, 234.1
 21.00, 1286.6,  -23.38, 234.1
 21.02, 1287.7,  -23.38, 234.1
 21.04, 1288.9,  -23.50, 234.1
 21.06, 1290.1,  -23.50, 234.1
 21.08, 1291.3,  -23.50, 234.1
 21.10, 1292.5,  -23.50, 234.1
 21.12, 1293.7,  -23.63, 234.1
 21.14, 1294.9,  -23.50, 234.1
 21.16, 1296.1,  -23.88, 234.1
 21.18, 1297.3,  -23.63, 234.1
 21.20, 1298.5,  -24.00, 234.1
 21.22, 1299.7,  -24.00, 234.1
 21.24, 1300.9,  -23.88, 234.1
 21.26, 1302.1,  -24.25, 234.1
 21.28, 1303.4,  -24.00, 234.1
 21.30, 1304.7,  -24.38, 234.1
 21.32, 1306.1,  -24.38, 234.1
 21.34, 1307.3,  -24.38, 234.1
 21.36, 1308.5,  -24.50, 234.1
 21.38, 1309.8,  -24.63, 234.1
 21.40, 1311.3,  -24.50, 234.1
 21.42, 1312.5,  -24.88, 234.1
 21.44, 1313.7,  -24.88, 234.1
 21.46, 1315.0,  -24.63, 234.1
 21.48, 1316.3,  -24.88, 234.1
 21.50, 1317.6,  -25.00, 234.1
 21.52, 1319.0,  -24.88, 234.1
 21.54, 1320.4,  -24.88, 234.1
 21.56, 1321.6,  -25.13, 234.1
 21.58, 1323.0,  -25.00, 234.1
 21.60, 1324.4,  -25.13, 234.1
 21.62, 1325.7,  -25.13, 234.1
 21.64, 1327.2,  -25.00, 234.1
 21.66, 1328.4,  -25.00, 234.1
 21.68, 1329.8,  -25.13, 234.1
 21.70, 1331.2,  -25.13, 234.1
 21.72, 1332.4,  -25.00, 234.1
 21.74, 1333.8,  -25.13, 234.1
 21.76, 1335.2,  -24.88, 234.1
 21.78, 1336.4,  -24.88, 234.1
 21.80, 1337.8,  -24.88, 234.1
 21.82, 1339.2,  -24.75, 234.1
 21.84, 1340.4,  -24.88, 234.1
 21.86, 1341.8,  -24.63, 234.1
 21.88, 1343.2,  -24.75, 234.1
 21.90, 1344.4,  -24.63, 234.1
 21.92, 1345.6,  -24.63, 234.1
 21.94, 1347.0,  -24.50, 234.1
 21.96, 1348.2,  -24.38, 234.1
 21.98, 1349.5,  -24.38, 234.1
 22.00, 1350.7,  -24.13, 234.1
 22.02, 1352.0,  -24.25, 234.1
 22.04, 1353.2,  -24.00, 234.1
 22.06, 1354.4,  -24.13, 234.1
 22.08, 1355.7,  -23.88, 234.1
 22.10, 1356.9,  -24.13, 234.1
 22.12, 1358.2,  -23.88, 234.1
 22.14, 1359.4,  -24.13, 234.1
 22.16, 1360.6,  -23.88, 234.1
 22.18, 1361.8,  -24.00, 234.1
 22.20, 1363.0,  -23.75, 234.1
 22.22, 1364.2,  -24.00, 234.1
 22.24, 1365.4,  -23.75, 234.1
 22.26, 1366.5,  -24.00, 234.1
 22.28, 1367.7,  -23.88, 234.1
 22.30, 1368.9,  -24.00, 234.1
 22.32, 1370.1,  -23.88, 234.1
 22.34, 1371.2,  -24.00, 234.1
 22.36, 1372.5,  -24.00, 234.1
 22.38, 1373.7,  -24.13, 234.1
 22.40, 1374.9,  -24.13, 234.1
 22.42, 1376.1,  -24.13, 225.3
 22.44, 1377.3,  -24.25, 225.3
 22.46, 1378.5,  -24.13, 225.3
 22.48, 1379.8,  -24.50, 225.3
 22.50, 1381.0,  -24.38, 225.3
 22.52, 1382.3,  -24.50, 225.3
 22.54, 1383.4,  -24.75, 225.3
 22.56, 1384.7,  -24.50, 225.3
 22.58, 1386.0,  -24.88, 225.3
 22.60, 1387.3,  -24.88, 225.3
 22.62, 1388.6,  -24.88, 225.3
 22.64, 1389.9,  -25.00, 225.3
 22.66, 1391.2,  -25.13, 225.3
 22.68, 1392.5,  -25.00, 225.3
 22.70, 1393.8,  -25.25, 225.3
 22.72, 1395.1,  -25.38, 225.3
 22.74, 1396.5,  -25.13, 225.3
 22.76, 1397.8,  -25.50, 225.3
 22.78, 1399.1,  -25.50, 225.3
 22.80, 1400.5,  -25.50, 225.3
 22.82, 1401.8,  -25.50, 225.3
 22.84, 1403.1,  -25.75, 225.3
 22.86, 1404.5,  -25.63, 225.3
 22.88, 1405.9,  -25.63, 225.3
 22.90, 1407.3,  -25.75, 225.3
 22.92, 1408.6,  -25.63, 225.3
 22.94, 1410.0,  -25.63, 225.3
 22.96, 1411.3,  -25.63, 225.3
 22.98, 1412.7,  -25.63, 225.3
 23.00, 1414.1,  -25.50, 225.3
 23.02, 1415.3,  -25.75, 225.3
 23.04, 1416.7,  -25.50, 225.3
 23.06, 1418.1,  -25.50, 225.3
 23.08, 1419.3,  -25.63, 225.3
 23.10, 1420.7,  -25.38, 225.3
 23.12, 1422.1,  -25.50, 225.3
 23.14, 1423.3,  -25.38, 225.3
 23.16, 1424.7,  -25.25, 225.3
 23.18, 1426.1,  -25.25, 225.3
 23.20, 1427.3,  -25.13, 225.3
 23.22, 1428.5,  -25.13, 225.3
 23.24, 1429.8,  -25.00, 225.3
 23.26, 1431.1,  -25.00, 225.3
 23.28, 1432.4,  -24.88, 225.3
 23.30, 1433.6,  -24.88, 225.3
 23.32, 1434.9,  -24.75, 225.3
 23.34, 1436.1,  -24.88, 225.3
 23.36, 1437.3,  -24.63, 225.3
 23.38, 1438.5,  -24.75, 225.3
 23.40, 1439.7,  -24.50, 225.3
 23.42, 1440.9,  -24.75, 225.3
 23.44, 1442.1,  -24.38, 225.3
 23.46, 1443.3,  -24.63, 225.3
 23.48, 1444.6,  -24.38, 225.3
 23.50, 1445.7,  -24.50, 225.3
 23.52, 1446.9,  -24.38, 225.3
 23.54, 1448.1,  -24.50, 225.3
 23.56, 1449.3,  -24.38, 225.3
 23.58, 1450.5,  -24.50, 225.3
 23.60, 1451.7,  -24.50, 225.3
 23.62, 1452.9,  -24.63, 225.3
 23.64, 1454.1,  -24.63, 225.3
 23.66, 1455.3,  -24.75, 225.3
 23.68, 1456.5,  -24.75, 225.3
 23.70, 1457.7,  -24.88, 225.3
 23.72, 1458.9,  -24.88, 225.3
 23.74, 1460.1,  -24.88, 225.3
 23.76, 1461.5,  -25.00, 225.3
 23.78, 1462.6,  -25.00, 225.3
 23.80, 1463.8,  -25.00, 225.3
 23.82, 1465.0,  -25.25, 225.3
 23.84, 1466.4,  -25.13, 225.3
 23.86, 1467.6,  -25.38, 225.3
 23.88, 1468.8,  -25.50, 225.3
 23.90, 1470.0,  -25.38, 225.3
 23.92, 1471.3,  -25.75, 225.3
 23.94, 1472.8,  -25.63, 225.3
 23.96, 1474.0,  -25.75, 225.3
 23.98, 1475.2,  -26.00, 225.3
 24.00, 1476.6,  -26.00, 225.3
 24.02, 1478.0,  -25.88, 225.3
 24.04, 1479.2,  -26.13, 225.3
 24.06, 1480.6,  -26.13, 225.3
 24.08, 1482.0,  -26.00, 225.3
 24.10, 1483.2,  -26.25, 225.3
 24.12, 1484.6,  -26.25, 225.3
 24.14, 1486.0,  -26.13, 225.3
 24.16, 1487.2,  -26.13, 225.3
 24.18, 1488.6,  -26.50, 225.3
 24.20, 1490.0,  -26.25, 225.3
 24.22, 1491.4,  -26.38, 225.3
 24.24, 1492.7,  -26.50, 225.3
 24.26, 1493.9,  -26.25, 225.3
 24.28, 1495.3,  -26.38, 225.3
 24.30, 1496.7,  -26.25, 225.3
 24.32, 1498.0,  -26.13, 225.3
 24.34, 1499.3,  -26.25, 225.3
 24.36, 1500.7,  -26.13, 225.3
 24.38, 1501.9,  -26.00, 225.3
 24.40, 1503.2,  -26.13, 225.3
 24.42, 1504.5,  -25.88, 225.3
 24.44, 1505.8,  -26.00, 225.3
 24.46, 1507.0,  -25.88, 225.3
 24.48, 1508.4,  -25.88, 225.3
 24.50, 1509.7,  -25.88, 225.3
 24.52, 1511.0,  -25.75, 225.3
 24.54, 1512.2,  -25.75, 225.3
 24.56, 1513.4,  -25.50, 225.3
 24.58, 1514.7,  -25.63, 225.3
 24.60, 1515.8,  -25.50, 225.3
 24.62, 1517.1,  -25.50, 225.3
 24.64, 1518.3,  -25.38, 225.3
 24.66, 1519.5,  -25.38, 225.3
 24.68, 1520.7,  -25.25, 225.3
 24.70, 1521.9,  -25.25, 225.3
 24.72, 1523.1,  -25.25, 225.3
 24.74, 1524.3,  -25.25, 225.3
 24.76, 1525.5,  -25.25, 225.3
 24.78, 1526.7,  -25.13, 225.3
 24.80, 1527.9,  -25.25, 225.3
 24.82, 1529.1,  -25.13, 212.0
 24.84, 1530.3,  -25.25, 212.0
 24.86, 1531.5,  -25.13, 212.0
 24.88, 1532.7,  -25.25, 212.0
 24.90, 1533.9,  -25.25, 212.0
 24.92, 1535.0,  -25.25, 212.0
 24.94, 1536.2,  -25.50, 212.0
 24.96, 1537.2,  -25.38, 212.0
 24.98, 1538.6,  -25.50, 212.0
 25.00, 1539.8,  -25.50, 212.0
 25.02, 1541.0,  -25.75, 212.0
 25.04, 1542.2,  -25.63, 212.0
 25.06, 1543.4,  -25.75, 212.0
 25.08, 1544.6,  -25.88, 212.0
 25.10, 1545.9,  -25.75, 212.0
 25.12, 1547.2,  -26.13, 212.0
 25.14, 1548.4,  -25.88, 212.0
 25.16, 1549.6,  -26.13, 212.0
 25.18, 1550.9,  -26.38, 212.0
 25.20, 1552.2,  -26.13, 212.0
 25.22, 1553.4,  -26.50, 212.0
 25.24, 1554.8,  -26.50, 212.0
 25.26, 1556.1,  -26.50, 212.0
 25.28, 1557.4,  -26.63, 212.0
 25.30, 1558.6,  -26.88, 212.0
 25.32, 1560.0,  -26.63, 212.0
 25.34, 1561.4,  -26.88, 212.0
 25.36, 1562.6,  -27.00, 212.0
 25.38, 1564.1,  -26.63, 212.0
 25.40, 1565.4,  -26.88, 212.0
 25.42, 1566.6,  -27.00, 212.0
 25.44, 1568.1,  -27.00, 212.0
 25.46, 1569.4,  -26.88, 212.0
 25.48, 1570.6,  -27.13, 212.0
 25.50, 1572.1,  -27.13, 212.0
 25.52, 1573.4,  -27.00, 212.0
 25.54, 1574.8,  -27.25, 212.0
 25.56, 1576.2,  -27.00, 212.0
 25.58, 1577.4,  -27.00, 212.0
 25.60, 1578.8,  -27.00, 212.0
 25.62, 1580.2,  -26.88, 212.0
 25.64, 1581.4,  -26.88, 212.0
 25.66, 1582.8,  -26.88, 212.0
 25.68, 1584.2,  -26.63, 212.0
 25.70, 1585.4,  -26.75, 212.0
 25.72, 1586.7,  -26.63, 212.0
 25.74, 1588.0,  -26.75, 212.0
 25.76, 1589.3,  -26.63, 212.0
 25.78, 1590.5,  -26.50, 212.0
 25.80, 1591.7,  -26.63, 212.0
 25.82, 1593.1,  -26.38, 212.0
 25.84, 1594.4,  -26.50, 212.0
 25.86, 1595.7,  -26.13, 212.0
 25.88, 1596.9,  -26.25, 212.0
 25.90, 1598.1,  -26.00, 212.0
 25.92, 1599.3,  -26.13, 212.0
 25.94, 1600.5,  -26.00, 212.0
 25.96, 1601.7,  -26.00, 212.0
 25.98, 1602.9,  -25.88, 212.0
 26.00, 1604.1,  -26.00, 212.0
 26.02, 1605.3,  -25.88, 212.0
 26.04, 1606.5,  -26.13, 212.0
 26.06, 1607.7,  -25.88, 212.0
 26.08, 1608.9,  -26.13, 212.0
 26.10, 1610.1,  -25.75, 212.0
 26.12, 1611.3,  -26.00, 212.0
 26.14, 1612.5,  -25.75, 212.0
 26.16, 1613.7,  -26.00, 212.0
 26.18, 1614.9,  -25.75, 212.0
 26.20, 1616.1,  -26.13, 212.0
 26.22, 1617.3,  -26.00, 212.0
 26.24, 1618.5,  -26.13, 212.0
 26.26, 1619.7,  -26.00, 212.0
 26.28, 1620.9,  -26.13, 212.0
 26.30, 1622.1,  -26.25, 212.0
 26.32, 1623.3,  -26.25, 212.0
 26.34, 1624.6,  -26.50, 212.0
 26.36, 1625.9,  -26.38, 212.0
 26.38, 1627.2,  -26.63, 212.0
 26.40, 1628.5,  -26.75, 212.0
 26.42, 1629.7,  -26.63, 212.0
 26.44, 1630.9,  -27.00, 212.0
 26.46, 1632.2,  -26.75, 212.0
 26.48, 1633.6,  -26.88, 212.0
 26.50, 1634.9,  -27.00, 212.0
 26.52, 1636.1,  -27.00, 212.0
 26.54, 1637.3,  -27.13, 212.0
 26.56, 1638.7,  -27.38, 212.0
 26.58, 1640.1,  -27.38, 212.0
 26.60, 1641.3,  -27.13, 212.0
 26.62, 1642.7,  -27.63, 212.0
 26.64, 1644.1,  -27.63, 212.0
 26.66, 1645.3,  -27.50, 212.0
 26.68, 1646.9,  -27.63, 212.0
 26.70, 1648.1,  -27.88, 212.0
 26.72, 1649.5,  -27.63, 212.0
 26.74, 1650.9,  -27.50, 212.0
 26.76, 1652.1,  -27.88, 212.0
 26.78, 1653.7,  -27.75, 212.0
 26.80, 1654.9,  -27.63, 212.0
 26.82, 1656.2,  -27.75, 212.0
 26.84, 1657.7,  -27.88, 212.0
 26.86, 1658.9,  -27.50, 212.0
 26.88, 1660.4,  -27.63, 212.0
 26.90, 1661.7,  -27.75, 212.0
 26.92, 1663.1,  -27.38, 212.0
 26.94, 1664.5,  -27.63, 212.0
 26.96, 1665.7,  -27.38, 212.0
 26.98, 1667.2,  -27.38, 212.0
 27.00, 1668.5,  -27.50, 212.0
 27.02, 1669.7,  -27.25, 212.0
 27.04, 1671.1,  -27.50, 212.0
 27.06, 1672.5,  -27.13, 212.0
 27.08, 1673.7,  -27.13, 212.0
 27.10, 1674.9,  -27.00, 212.0
 27.12, 1676.1,  -26.88, 212.0
 27.14, 1677.5,  -27.00, 212.0
 27.16, 1678.8,  -26.75, 212.0
 27.18, 1680.1,  -26.88, 212.0
 27.20, 1681.3,  -26.63, 212.0
 27.22, 1682.5,  -26.88, 212.0
 27.24, 1683.7,  -26.50, 212.0
 27.26, 1685.0,  -26.88, 212.0
 27.28, 1686.3,  -26.50, 212.0
 27.30, 1687.5,  -26.75, 212.0
 27.32, 1688.8,  -26.38, 212.0
 27.34, 1689.9,  -26.63, 212.0
 27.36, 1691.1,  -26.38, 212.0
 27.38, 1692.3,  -26.50, 212.0
 27.40, 1693.5,  -26.50, 212.0
 27.42, 1694.7,  -26.50, 212.0
 27.44, 1696.0,  -26.63, 212.0
 27.46, 1697.2,  -26.50, 212.0
 27.48, 1698.5,  -26.75, 212.0
 27.50, 1699.7,  -26.50, 212.0
 27.52, 1700.9,  -26.88, 212.0
 27.54, 1702.1,  -26.50, 212.0
 27.56, 1703.3,  -26.88, 212.0
 27.58, 1704.5,  -26.75, 212.0
 27.60, 1705.7,  -26.88, 212.0
 27.62, 1706.9,  -27.00, 220.8
 27.64, 1708.2,  -26.75, 220.8
 27.66, 1709.5,  -27.25, 220.8
 27.68, 1710.7,  -27.13, 220.8
 27.70, 1712.0,  -27.13, 220.8
 27.72, 1713.3,  -27.50, 220.8
 27.74, 1714.5,  -27.38, 220.8
 27.76, 1715.9,  -27.50, 220.8
 27.78, 1717.2,  -27.63, 220.8
 27.80, 1718.5,  -27.63, 220.8
 27.82, 1719.8,  -27.63, 220.8
 27.84, 1721.2,  -28.00, 220.8
 27.86, 1722.5,  -27.88, 220.8
 27.88, 1723.8,  -27.75, 220.8
 27.90, 1725.2,  -28.00, 220.8
 27.92, 1726.5,  -28.13, 220.8
 27.94, 1727.9,  -28.13, 220.8
 27.96, 1729.2,  -28.00, 220.8
 27.98, 1730.6,  -28.25, 220.8
 28.00, 1732.0,  -28.25, 220.8
 28.02, 1733.3,  -28.25, 220.8
 28.04, 1734.8,  -28.25, 220.8
 28.06, 1736.1,  -28.38, 220.8
 28.08, 1737.5,  -28.25, 220.8
 28.10, 1738.9,  -28.13, 220.8
 28.12, 1740.3,  -28.38, 220.8
 28.14, 1741.7,  -28.25, 220.8
 28.16, 1743.0,  -28.13, 220.8
 28.18, 1744.4,  -28.13, 220.8
 28.20, 1745.7,  -28.13, 220.8
 28.22, 1747.1,  -28.00, 220.8
 28.24, 1748.4,  -28.13, 220.8
 28.26, 1749.7,  -28.13, 220.8
 28.28, 1751.1,  -27.88, 220.8
 28.30, 1752.5,  -28.13, 220.8
 28.32, 1753.8,  -27.75, 220.8
 28.34, 1755.1,  -27.88, 220.8
 28.36, 1756.4,  -27.63, 220.8
 28.38, 1757.7,  -27.50, 220.8
 28.40, 1759.0,  -27.63, 220.8
 28.42, 1760.3,  -27.38, 220.8
 28.44, 1761.5,  -27.63, 220.8
 28.46, 1762.8,  -27.25, 220.8
 28.48, 1764.1,  -27.50, 220.8
 28.50, 1765.3,  -27.25, 220.8
 28.52, 1766.6,  -27.38, 220.8
 28.54, 1767.9,  -27.38, 220.8
 28.56, 1769.1,  -27.25, 220.8
 28.58, 1770.3,  -27.13, 220.8
 28.60, 1771.5,  -27.13, 220.8
 28.62, 1772.7,  -27.00, 220.8
 28.64, 1774.0,  -27.00, 220.8
 28.66, 1775.2,  -27.00, 220.8
 28.68, 1776.4,  -27.00, 220.8
 28.70, 1777.6,  -27.00, 220.8
 28.72, 1778.8,  -27.13, 220.8
 28.74, 1780.0,  -27.25, 220.8
 28.76, 1781.2,  -27.25, 220.8
 28.78, 1782.5,  -27.38, 220.8
 28.80, 1783.7,  -27.38, 220.8
 28.82, 1784.9,  -27.50, 220.8
 28.84, 1786.2,  -27.38, 220.8
 28.86, 1787.5,  -27.50, 220.8
 28.88, 1788.7,  -27.50, 220.8
 28.90, 1789.9,  -27.50, 220.8
 28.92, 1791.1,  -27.50, 220.8
 28.94, 1792.4,  -27.50, 220.8
 28.96, 1793.7,  -27.50, 220.8
 28.98, 1794.9,  -27.88, 220.8
 29.00, 1796.2,  -27.88, 220.8
 29.02, 1797.5,  -27.88, 220.8
 29.04, 1798.7,  -28.25, 220.8
 29.06, 1800.1,  -28.13, 220.8
 29.08, 1801.4,  -28.25, 220.8
 29.10, 1802.7,  -28.38, 220.8
 29.12, 1804.1,  -28.50, 220.8
 29.14, 1805.5,  -28.38, 220.8
 29.16, 1806.7,  -28.50, 220.8
 29.18, 1808.1,  -28.63, 220.8
 29.20, 1809.5,  -28.50, 220.8
 29.22, 1810.7,  -28.63, 220.8
 29.24, 1812.1,  -28.75, 220.8
 29.26, 1813.5,  -28.75, 220.8
 29.28, 1814.8,  -28.63, 220.8
 29.30, 1816.3,  -28.88, 220.8
 29.32, 1817.5,  -29.00, 220.8
 29.34, 1818.9,  -28.75, 220.8
 29.36, 1820.3,  -28.88, 220.8
 29.38, 1821.7,  -28.88, 220.8
 29.40, 1823.1,  -28.88, 220.8
 29.42, 1824.4,  -28.75, 220.8
 29.44, 1825.9,  -28.88, 220.8
 29.46, 1827.1,  -28.75, 220.8
 29.48, 1828.5,  -28.75, 220.8
 29.50, 1829.9,  -28.75, 220.8
 29.52, 1831.1,  -28.50, 220.8
 29.54, 1832.5,  -28.75, 220.8
 29.56, 1833.9,  -28.50, 220.8
 29.58, 1835.1,  -28.50, 220.8
 29.60, 1836.4,  -28.63, 220.8
 29.62, 1837.9,  -28.38, 220.8
 29.64, 1839.1,  -28.50, 220.8
 29.66, 1840.3,  -28.25, 220.8
 29.68, 1841.7,  -28.38, 220.8
 29.70, 1843.1,  -28.13, 220.8
 29.72, 1844.3,  -28.13, 220.8
 29.74, 1845.5,  -28.13, 220.8
 29.76, 1846.7,  -28.00, 220.8
 29.78, 1848.0,  -28.00, 220.8
 29.80, 1849.2,  -27.88, 220.8
 29.82, 1850.5,  -28.00, 220.8
 29.84, 1851.7,  -27.75, 220.8
 29.86, 1852.9,  -28.00, 220.8
 29.88, 1854.1,  -27.63, 220.8
 29.90, 1855.3,  -27.88, 220.8
 29.92, 1856.5,  -27.75, 220.8
 29.94, 1857.8,  -27.88, 220.8
 29.96, 1859.1,  -27.75, 220.8
 29.98, 1860.3,  -27.88, 220.8
 30.00, 1861.5,  -27.75, 220.8
 30.02, 1862.7,  -27.88, 220.8
 30.04, 1863.9,  -27.75, 220.8
 30.06, 1865.1,  -28.00, 220.8
 30.08, 1866.2,  -27.75, 220.8
 30.10, 1867.4,  -28.00, 220.8
 30.12, 1868.6,  -28.00, 220.8
 30.14, 1869.8,  -28.00, 220.8
 30.16, 1871.0,  -28.25, 220.8
 30.18, 1872.2,  -28.13, 220.8
 30.20, 1873.4,  -28.38, 220.8
 30.22, 1874.7,  -28.38, 220.8
 30.24, 1875.9,  -28.38, 220.8
 30.26, 1877.3,  -28.50, 220.8
 30.28, 1878.5,  -28.50, 220.8
 30.30, 1879.7,  -28.63, 220.8
 30.32, 1881.1,  -28.88, 220.8
 30.34, 1882.3,  -28.75, 220.8
 30.36, 1883.7,  -28.75, 220.8
 30.38, 1884.9,  -29.13, 220.8
 30.40, 1886.2,  -28.88, 220.8
 30.42, 1887.4,  -29.00, 220.8
 30.44, 1888.8,  -29.25, 220.8
 30.46, 1890.1,  -29.38, 220.8
 30.48, 1891.4,  -29.13, 220.8
 30.50, 1892.8,  -29.38, 220.8
 30.52, 1894.2,  -29.50, 220.8
 30.54, 1895.6,  -29.25, 220.8
 30.56, 1896.8,  -29.50, 220.8
 30.58, 1898.2,  -29.50, 220.8
 30.60, 1899.6,  -29.50, 220.8
 30.62, 1901.0,  -29.50, 220.8
 30.64, 1902.2,  -29.75, 220.8
 30.66, 1903.6,  -29.63, 220.8
 30.68, 1905.0,  -29.38, 220.8
 30.70, 1906.4,  -29.63, 220.8
 30.72, 1907.7,  -29.50, 220.8
 30.74, 1909.0,  -29.50, 220.8
 30.76, 1910.4,  -29.50, 220.8
 30.78, 1911.8,  -29.38, 220.8
 30.80, 1913.2,  -29.38, 220.8
 30.82, 1914.4,  -29.38, 220.8
 30.84, 1915.8,  -29.25, 220.8
 30.86, 1917.2,  -29.38, 220.8
 30.88, 1918.4,  -29.13, 220.8
 30.90, 1919.8,  -29.13, 220.8
 30.92, 1921.0,  -29.13, 220.8
 30.94, 1922.2,  -29.00, 220.8
 30.96, 1923.6,  -29.00, 220.8
 30.98, 1924.8,  -28.88, 220.8
 31.00, 1926.2,  -28.88, 220.8
 31.02, 1927.4,  -28.75, 220.8
 31.04, 1928.6,  -28.88, 220.8
 31.06, 1929.9,  -28.75, 220.8
 31.08, 1931.1,  -28.75, 220.8
 31.10, 1932.4,  -28.50, 220.8
 31.12, 1933.5,  -28.63, 220.8
 31.14, 1934.6,  -28.50, 220.8
 31.16, 1935.9,  -28.63, 220.8
 31.18, 1937.1,  -28.50, 220.8
 31.20, 1938.3,  -28.50, 220.8
 31.22, 1939.5,  -28.63, 220.8
 31.24, 1940.7,  -28.50, 220.8
 31.26, 1941.9,  -28.63, 220.8
 31.28, 1943.1,  -28.38, 220.8
 31.30, 1944.3,  -28.75, 220.8
 31.32, 1945.5,  -28.38, 220.8
 31.34, 1946.7,  -28.75, 220.8
 31.36, 1947.9,  -28.50, 220.8
 31.38, 1949.1,  -28.75, 220.8
 31.40, 1950.3,  -28.63, 220.8
 31.42, 1951.5,  -28.75, 220.8
 31.44, 1952.9,  -28.88, 220.8
 31.46, 1954.1,  -28.75, 220.8
 31.48, 1955.4,  -29.13, 220.8
 31.50, 1956.5,  -29.00, 220.8
 31.52, 1957.8,  -29.13, 220.8
 31.54, 1959.1,  -29.38, 220.8
 31.56, 1960.3,  -29.13, 220.8
 31.58, 1961.5,  -29.50, 220.8
 31.60, 1962.9,  -29.50, 220.8
 31.62, 1964.3,  -29.50, 220.8
 31.64, 1965.5,  -29.75, 220.8
 31.66, 1966.7,  -29.63, 220.8
 31.68, 1968.2,  -29.63, 220.8
 31.70, 1969.5,  -29.75, 220.8
 31.72, 1970.7,  -30.00, 220.8
 31.74, 1972.2,  -29.75, 220.8
 31.76, 1973.5,  -29.88, 220.8
 31.78, 1974.7,  -30.13, 220.8
 31.80, 1976.2,  -30.13, 220.8
 31.82, 1977.5,  -30.00, 220.8
 31.84, 1978.7,  -30.13, 220.8
 31.86, 1980.3,  -30.38, 220.8
 31.88, 1981.5,  -30.13, 220.8
 31.90, 1983.0,  -30.25, 220.8
 31.92, 1984.3,  -30.38, 220.8
 31.94, 1985.8,  -30.13, 220.8
 31.96, 1987.1,  -30.13, 220.8
 31.98, 1988.5,  -30.25, 220.8
 32.00, 1989.9,  -30.25, 220.8
 32.02, 1991.1,  -30.00, 220.8
 32.04, 1992.5,  -30.25, 220.8
 32.06, 1993.9,  -30.13, 220.8
 32.08, 1995.1,  -29.88, 220.8
 32.10, 1996.6,  -30.13, 220.8
 32.12, 1997.9,  -29.88, 220.8
 32.14, 1999.2,  -30.00, 220.8
 32.16, 2000.7,  -30.00, 220.8
 32.18, 2001.9,  -29.88, 220.8
 32.20, 2003.2,  -30.00, 220.8
 32.22, 2004.6,  -29.75, 220.8
 32.24, 2005.9,  -29.75, 220.8
 32.26, 2007.1,  -29.63, 220.8
 32.28, 2008.4,  -29.50, 220.8
 32.30, 2009.8,  -29.50, 220.8
 32.32, 2011.0,  -29.25, 220.8
 32.34, 2012.2,  -29.50, 220.8
 32.36, 2013.4,  -29.13, 220.8
 32.38, 2014.6,  -29.50, 220.8
 32.40, 2015.8,  -29.25, 220.8
 32.42, 2017.1,  -29.38, 212.0
 32.44, 2018.4,  -29.25, 212.0
 32.46, 2019.6,  -29.25, 212.0
 32.48, 2021.0,  -29.38, 212.0
 32.50, 2022.2,  -29.13, 212.0
 32.52, 2023.4,  -29.38, 212.0
 32.54, 2024.6,  -29.00, 212.0
 32.56, 2025.8,  -29.38, 212.0
 32.58, 2027.0,  -29.00, 212.0
 32.60, 2028.2,  -29.38, 212.0
 32.62, 2029.4,  -29.25, 212.0
 32.64, 2030.6,  -29.25, 212.0
 32.66, 2031.8,  -29.50, 212.0
 32.68, 2033.1,  -29.25, 212.0
 32.70, 2034.4,  -29.63, 212.0
 32.72, 2035.7,  -29.38, 212.0
 32.74, 2037.0,  -29.63, 212.0
 32.76, 2038.2,  -29.75, 212.0
 32.78, 2039.4,  -29.50, 212.0
 32.80, 2040.8,  -29.88, 212.0
 32.82, 2042.0,  -29.75, 212.0
 32.84, 2043.4,  -29.75, 212.0
 32.86, 2044.6,  -30.00, 212.0
 32.88, 2045.8,  -30.13, 212.0
 32.90, 2047.2,  -30.00, 212.0
 32.92, 2048.5,  -30.13, 212.0
 32.94, 2049.8,  -30.38, 212.0
 32.96, 2051.1,  -30.13, 212.0
 32.98, 2052.5,  -30.38, 212.0
 33.00, 2053.8,  -30.50, 212.0
 33.02, 2055.2,  -30.50, 212.0
 33.04, 2056.6,  -30.50, 212.0
 33.06, 2058.0,  -30.63, 212.0
 33.08, 2059.4,  -30.88, 212.0
 33.10, 2060.7,  -30.50, 212.0
 33.12, 2062.1,  -30.63, 212.0
 33.14, 2063.4,  -30.75, 212.0
 33.16, 2064.8,  -30.88, 212.0
 33.18, 2066.2,  -30.75, 212.0
 33.20, 2067.6,  -30.63, 212.0
 33.22, 2069.0,  -31.00, 212.0
 33.24, 2070.3,  -30.88, 212.0
 33.26, 2071.7,  -30.75, 212.0
 33.28, 2073.1,  -30.75, 212.0
 33.30, 2074.6,  -30.88, 212.0
 33.32, 2075.9,  -30.63, 212.0
 33.34, 2077.3,  -30.63, 212.0
 33.36, 2078.6,  -30.88, 212.0
 33.38, 2080.0,  -30.50, 212.0
 33.40, 2081.4,  -30.63, 212.0
 33.42, 2082.7,  -30.50, 212.0
 33.44, 2084.1,  -30.38, 212.0
 33.46, 2085.4,  -30.63, 212.0
 33.48, 2086.7,  -30.38, 212.0
 33.50, 2088.0,  -30.38, 212.0
 33.52, 2089.3,  -30.38, 212.0
 33.54, 2090.7,  -30.25, 212.0
 33.56, 2092.0,  -30.25, 212.0
 33.58, 2093.3,  -30.13, 212.0
 33.60, 2094.6,  -30.13, 212.0
 33.62, 2095.9,  -30.00, 212.0
 33.64, 2097.2,  -30.00, 212.0
 33.66, 2098.4,  -30.00, 212.0
 33.68, 2099.7,  -29.88, 212.0
 33.70, 2101.0,  -30.00, 212.0
 33.72, 2102.2,  -29.75, 212.0
 33.74, 2103.4,  -29.88, 212.0
 33.76, 2104.7,  -29.88, 212.0
 33.78, 2106.0,  -29.88, 212.0
 33.80, 2107.2,  -29.88, 212.0
 33.82, 2108.4,  -29.75, 212.0
 33.84, 2109.7,  -30.00, 212.0
 33.86, 2110.9,  -29.75, 212.0
 33.88, 2112.2,  -30.00, 212.0
 33.90, 2113.4,  -29.75, 212.0
 33.92, 2114.7,  -29.88, 212.0
 33.94, 2116.0,  -29.88, 212.0
 33.96, 2117.2,  -29.88, 212.0
 33.98, 2118.4,  -30.13, 212.0
 34.00, 2119.7,  -30.00, 212.0
 34.02, 2121.0,  -30.13, 212.0
 34.04, 2122.2,  -30.25, 212.0
 34.06, 2123.5,  -30.25, 212.0
 34.08, 2124.8,  -30.25, 212.0
 34.10, 2126.0,  -30.50, 212.0
 34.12, 2127.3,  -30.50, 212.0
 34.14, 2128.7,  -30.50, 212.0
 34.16, 2130.0,  -30.75, 212.0
 34.18, 2131.3,  -30.50, 212.0
 34.20, 2132.6,  -30.75, 212.0
 34.22, 2134.0,  -30.88, 212.0
 34.24, 2135.2,  -30.75, 212.0
 34.26, 2136.6,  -30.88, 212.0
 34.28, 2138.0,  -31.00, 212.0
 34.30, 2139.2,  -31.13, 212.0
 34.32, 2140.6,  -31.00, 212.0
 34.34, 2142.0,  -31.13, 212.0
 34.36, 2143.4,  -31.25, 212.0
 34.38, 2144.8,  -31.25, 212.0
 34.40, 2146.1,  -31.38, 212.0
 34.42, 2147.6,  -31.25, 212.0
 34.44, 2148.9,  -31.50, 212.0
 34.46, 2150.4,  -31.38, 212.0
 34.48, 2151.6,  -31.38, 212.0
 34.50, 2153.1,  -31.50, 212.0
 34.52, 2154.4,  -31.38, 212.0
 34.54, 2155.9,  -31.38, 212.0
 34.56, 2157.2,  -31.38, 212.0
 34.58, 2158.6,  -31.50, 212.0
 34.60, 2160.0,  -31.25, 212.0
 34.62, 2161.2,  -31.38, 212.0
 34.64, 2162.6,  -31.50, 212.0
 34.66, 2164.0,  -31.13, 212.0
 34.68, 2165.4,  -31.25, 212.0
 34.70, 2166.8,  -31.25, 212.0
 34.72, 2168.1,  -31.13, 212.0
 34.74, 2169.5,  -31.13, 212.0
 34.76, 2170.8,  -31.13, 212.0
 34.78, 2172.1,  -31.00, 212.0
 34.80, 2173.5,  -31.00, 212.0
 34.82, 2174.8,  -30.88, 212.0
 34.84, 2176.0,  -30.88, 212.0
 34.86, 2177.2,  -30.75, 212.0
 34.88, 2178.6,  -30.75, 212.0
 34.90, 2180.0,  -30.75, 212.0
 34.92, 2181.2,  -30.63, 212.0
 34.94, 2182.4,  -30.75, 212.0
 34.96, 2183.6,  -30.63, 212.0
 34.98, 2185.0,  -30.63, 212.0
 35.00, 2186.2,  -30.50, 212.0
 35.02, 2187.6,  -30.63, 212.0
 35.04, 2188.8,  -30.38, 212.0
 35.06, 2190.0,  -30.50, 212.0
 35.08, 2191.2,  -30.50, 212.0
 35.10, 2192.4,  -30.38, 212.0
 35.12, 2193.6,  -30.50, 212.0
 35.14, 2194.9,  -30.38, 212.0
 35.16, 2196.2,  -30.63, 212.0
 35.18, 2197.4,  -30.38, 212.0
 35.20, 2198.6,  -30.63, 212.0
 35.22, 2199.8,  -30.63, 212.0
 35.24, 2201.1,  -30.63, 212.0
 35.26, 2202.3,  -30.75, 212.0
 35.28, 2203.5,  -30.63, 212.0
 35.30, 2204.7,  -30.88, 212.0
 35.32, 2206.0,  -30.75, 212.0
 35.34, 2207.3,  -30.88, 212.0
 35.36, 2208.7,  -31.00, 212.0
 35.38, 2209.9,  -31.00, 212.0
 35.40, 2211.1,  -31.13, 212.0
 35.42, 2212.3,  -31.13, 212.0
 35.44, 2213.7,  -31.13, 212.0
 35.46, 2215.0,  -31.25, 212.0
 35.48, 2216.3,  -31.50, 212.0
 35.50, 2217.4,  -31.25, 212.0
 35.52, 2218.8,  -31.38, 212.0
 35.54, 2220.2,  -31.75, 212.0
 35.56, 2221.3,  -31.50, 212.0
 35.58, 2222.7,  -31.75, 212.0
 35.60, 2224.1,  -31.88, 212.0
 35.62, 2225.5,  -31.88, 212.0
 35.64, 2226.9,  -31.88, 212.0
 35.66, 2228.2,  -32.00, 212.0
 35.68, 2229.6,  -32.13, 212.0
 35.70, 2231.0,  -31.88, 212.0
 35.72, 2232.2,  -32.00, 212.0
 35.74, 2233.6,  -32.00, 212.0
 35.76, 2235.0,  -32.00, 212.0
 35.78, 2236.4,  -32.00, 212.0
 35.80, 2237.8,  -32.13, 212.0
 35.82, 2239.0,  -32.25, 212.0
 35.84, 2240.4,  -32.00, 212.0
 35.86, 2241.7,  -32.13, 212.0
 35.88, 2243.1,  -32.13, 212.0
 35.90, 2244.5,  -32.00, 212.0
 35.92, 2245.9,  -32.13, 212.0
 35.94, 2247.2,  -32.00, 212.0
 35.96, 2248.5,  -31.88, 212.0
 35.98, 2249.9,  -32.00, 212.0
 36.00, 2251.2,  -32.00, 212.0
 36.02, 2252.5,  -32.00, 212.0
 36.04, 2253.9,  -31.88, 212.0
 36.06, 2255.1,  -31.75, 212.0
 36.08, 2256.5,  -31.75, 212.0
 36.10, 2257.7,  -31.88, 212.0
 36.12, 2259.1,  -31.50, 212.0
 36.14, 2260.5,  -31.75, 212.0
 36.16, 2261.7,  -31.50, 212.0
 36.18, 2263.0,  -31.50, 212.0
 36.20, 2264.3,  -31.38, 212.0
 36.22, 2265.5,  -31.50, 212.0
 36.24, 2266.9,  -31.38, 212.0
 36.26, 2268.1,  -31.38, 212.0
 36.28, 2269.3,  -31.25, 212.0
 36.30, 2270.4,  -31.25, 212.0
 36.32, 2271.7,  -31.38, 212.0
 36.34, 2272.9,  -31.13, 212.0
 36.36, 2274.2,  -31.38, 212.0
 36.38, 2275.4,  -31.13, 212.0
 36.40, 2276.6,  -31.38, 212.0
 36.42, 2277.8,  -31.38, 212.0
 36.44, 2279.1,  -31.38, 212.0
 36.46, 2280.4,  -31.25, 212.0
 36.48, 2281.6,  -31.25, 212.0
 36.50, 2282.9,  -31.38, 212.0
 36.52, 2284.1,  -31.13, 212.0
 36.54, 2285.4,  -31.50, 212.0
 36.56, 2286.6,  -31.25, 212.0
 36.58, 2287.8,  -31.63, 212.0
 36.60, 2289.0,  -31.63, 212.0
 36.62, 2290.2,  -31.50, 212.0
 36.64, 2291.6,  -31.88, 212.0
 36.66, 2292.8,  -31.75, 212.0
 36.68, 2294.1,  -31.75, 212.0
 36.70, 2295.4,  -32.00, 212.0
 36.72, 2296.6,  -32.00, 212.0
 36.74, 2298.0,  -32.00, 212.0
 36.76, 2299.3,  -32.13, 212.0
 36.78, 2300.6,  -32.13, 212.0
 36.80, 2301.8,  -32.13, 212.0
 36.82, 2303.0,  -32.13, 212.0
 36.84, 2304.4,  -32.25, 212.0
 36.86, 2305.6,  -32.25, 212.0
 36.88, 2307.0,  -32.63, 212.0
 36.90, 2308.4,  -32.63, 212.0
 36.92, 2309.6,  -32.50, 212.0
 36.94, 2311.0,  -32.63, 212.0
 36.96, 2312.4,  -32.88, 212.0
 36.98, 2313.8,  -32.75, 212.0
 37.00, 2315.2,  -32.63, 212.0
 37.02, 2316.4,  -32.88, 212.0
 37.04, 2317.9,  -32.88, 212.0
 37.06, 2319.1,  -32.63, 212.0
 37.08, 2320.5,  -32.75, 212.0
 37.10, 2321.9,  -32.88, 212.0
 37.12, 2323.3,  -32.63, 212.0
 37.14, 2324.7,  -32.63, 212.0
 37.16, 2325.9,  -32.88, 212.0
 37.18, 2327.4,  -32.75, 212.0
 37.20, 2328.7,  -32.63, 212.0
 37.22, 2330.0,  -32.63, 212.0
 37.24, 2331.5,  -32.88, 212.0
 37.26, 2332.7,  -32.75, 212.0
 37.28, 2334.2,  -32.88, 212.0
 37.30, 2335.5,  -32.63, 212.0
 37.32, 2336.9,  -32.50, 212.0
 37.34, 2338.3,  -32.63, 212.0
 37.36, 2339.5,  -32.25, 212.0
 37.38, 2340.8,  -32.38, 212.0
 37.40, 2342.2,  -32.38, 212.0
 37.42, 2343.5,  -32.25, 212.0
 37.44, 2344.7,  -32.38, 212.0
 37.46, 2345.9,  -32.13, 212.0
 37.48, 2347.4,  -32.38, 212.0
 37.50, 2348.7,  -32.25, 212.0
 37.52, 2349.9,  -32.13, 212.0
 37.54, 2351.1,  -32.38, 212.0
 37.56, 2352.3,  -32.00, 212.0
 37.58, 2353.8,  -32.25, 212.0
 37.60, 2355.1,  -32.00, 212.0
 37.62, 2356.4,  -32.00, 212.0
 37.64, 2357.6,  -32.00, 212.0
 37.66, 2358.8,  -32.00, 212.0
 37.68, 2360.1,  -32.13, 212.0
 37.70, 2361.4,  -31.88, 212.0
 37.72, 2362.7,  -32.13, 212.0
 37.74, 2363.9,  -31.88, 212.0
 37.76, 2365.1,  -32.13, 212.0
 37.78, 2366.3,  -32.13, 212.0
 37.80, 2367.5,  -32.00, 212.0
 37.82, 2368.7,  -32.38, 212.0
 37.84, 2369.9,  -32.13, 212.0
 37.86, 2371.3,  -32.38, 212.0
 37.88, 2372.7,  -32.38, 212.0
 37.90, 2373.9,  -32.13, 212.0
 37.92, 2375.1,  -32.63, 212.0
 37.94, 2376.4,  -32.25, 212.0
 37.96, 2377.8,  -32.38, 212.0
 37.98, 2379.1,  -32.75, 212.0
 38.00, 2380.3,  -32.50, 212.0
 38.02, 2381.5,  -32.63, 212.0
 38.04, 2382.9,  -32.88, 212.0
 38.06, 2384.3,  -32.88, 212.0
 38.08, 2385.5,  -32.75, 212.0
 38.10, 2386.9,  -33.00, 212.0
 38.12, 2388.3,  -33.25, 212.0
 38.14, 2389.5,  -33.00, 212.0
 38.16, 2391.0,  -33.13, 212.0
 38.18, 2392.3,  -33.38, 212.0
 38.20, 2393.7,  -33.25, 212.0
 38.22, 2395.1,  -33.25, 212.0
 38.24, 2396.4,  -33.25, 212.0
 38.26, 2397.8,  -33.50, 212.0
 38.28, 2399.0,  -33.38, 212.0
 38.30, 2400.5,  -33.38, 212.0
 38.32, 2401.8,  -33.50, 212.0
 38.34, 2403.2,  -33.50, 212.0
 38.36, 2404.5,  -33.63, 212.0
 38.38, 2405.9,  -33.38, 212.0
 38.40, 2407.3,  -33.50, 212.0
 38.42, 2408.7,  -33.63, 212.0
 38.44, 2410.1,  -33.38, 212.0
 38.46, 2411.5,  -33.38, 212.0
 38.48, 2412.9,  -33.50, 212.0
 38.50, 2414.3,  -33.50, 212.0
 38.52, 2415.7,  -33.25, 212.0
 38.54, 2417.1,  -33.50, 212.0
 38.56, 2418.5,  -33.50, 212.0
 38.58, 2419.8,  -33.13, 212.0
 38.60, 2421.2,  -33.50, 212.0
 38.62, 2422.5,  -33.25, 212.0
 38.64, 2423.9,  -33.00, 212.0
 38.66, 2425.2,  -33.25, 212.0
 38.68, 2426.5,  -33.00, 212.0
 38.70, 2427.9,  -33.00, 212.0
 38.72, 2429.2,  -33.13, 212.0
 38.74, 2430.5,  -32.88, 212.0
 38.76, 2431.9,  -33.00, 212.0
 38.78, 2433.2,  -32.88, 212.0
 38.80, 2434.5,  -32.88, 212.0
 38.82, 2435.8,  -32.88, 212.0
 38.84, 2437.1,  -32.63, 212.0
 38.86, 2438.4,  -32.75, 212.0
 38.88, 2439.6,  -32.75, 212.0
 38.90, 2440.9,  -32.63, 212.0
 38.92, 2442.1,  -32.75, 212.0
 38.94, 2443.4,  -32.63, 212.0
 38.96, 2444.7,  -32.75, 212.0
 38.98, 2446.0,  -32.75, 212.0
 39.00, 2447.3,  -32.63, 212.0
 39.02, 2448.5,  -32.75, 212.0
 39.04, 2449.8,  -32.63, 212.0
 39.06, 2451.1,  -32.75, 212.0
 39.08, 2452.4,  -32.75, 212.0
 39.10, 2453.7,  -32.75, 212.0
 39.12, 2454.9,  -32.88, 212.0
 39.14, 2456.2,  -32.75, 212.0
 39.16, 2457.5,  -32.88, 212.0
 39.18, 2458.7,  -33.00, 212.0
 39.20, 2460.1,  -32.88, 212.0
 39.22, 2461.3,  -33.13, 212.0
 39.24, 2462.7,  -33.25, 212.0
 39.26, 2463.9,  -33.00, 212.0
 39.28, 2465.2,  -33.25, 212.0
 39.30, 2466.6,  -33.38, 212.0
 39.32, 2467.9,  -33.38, 212.0
 39.34, 2469.2,  -33.38, 212.0
 39.36, 2470.6,  -33.50, 212.0
 39.38, 2471.9,  -33.50, 212.0
 39.40, 2473.3,  -33.50, 212.0
 39.42, 2474.7,  -33.75, 212.0
 39.44, 2476.0,  -33.75, 212.0
 39.46, 2477.4,  -33.75, 212.0
 39.48, 2478.7,  -33.75, 212.0
 39.50, 2480.1,  -33.88, 212.0
 39.52, 2481.5,  -34.00, 212.0
 39.54, 2482.8,  -33.88, 212.0
 39.56, 2484.3,  -34.00, 212.0
 39.58, 2485.7,  -34.13, 212.0
 39.60, 2487.1,  -34.13, 212.0
 39.62, 2488.4,  -34.13, 212.0
 39.64, 2489.9,  -34.00, 212.0
 39.66, 2491.3,  -34.25, 212.0
 39.68, 2492.7,  -34.13, 212.0
 39.70, 2494.0,  -34.00, 212.0
 39.72, 2495.5,  -34.13, 212.0
 39.74, 2496.9,  -34.13, 212.0
 39.76, 2498.3,  -34.13, 212.0
 39.78, 2499.5,  -33.88, 212.0
 39.80, 2501.0,  -34.13, 212.0
 39.82, 2502.3,  -34.13, 212.0
 39.84, 2503.7,  -33.88, 212.0
 39.86, 2505.1,  -34.13, 212.0
 39.88, 2506.5,  -34.00, 212.0
 39.90, 2507.9,  -33.88, 212.0
 39.92, 2509.2,  -33.88, 212.0
 39.94, 2510.7,  -33.75, 212.0
 39.96, 2511.9,  -33.75, 212.0
 39.98, 2513.2,  -33.75, 212.0
 40.00, 2514.6,  -33.63, 212.0
 40.02, 2515.9,  -33.63, 212.0
 40.04, 2517.1,  -33.63, 207.6
 40.06, 2518.5,  -33.50, 207.6
 40.08, 2519.9,  -33.50, 207.6
 40.10, 2521.1,  -33.50, 207.6
 40.12, 2522.3,  -33.50, 207.6
 40.14, 2523.6,  -33.50, 207.6
 40.16, 2524.9,  -33.50, 207.6
 40.18, 2526.3,  -33.50, 207.6
 40.20, 2527.5,  -33.38, 207.6
 40.22, 2528.7,  -33.50, 207.6
 40.24, 2530.1,  -33.38, 207.6
 40.26, 2531.4,  -33.38, 207.6
 40.28, 2532.7,  -33.25, 207.6
 40.30, 2533.9,  -33.25, 207.6
 40.32, 2535.1,  -33.38, 207.6
 40.34, 2536.3,  -33.25, 207.6
 40.36, 2537.6,  -33.38, 207.6
 40.38, 2538.8,  -33.38, 207.6
 40.40, 2540.1,  -33.50, 207.6
 40.42, 2541.5,  -33.63, 207.6
 40.44, 2542.7,  -33.63, 207.6
 40.46, 2543.9,  -33.63, 207.6
 40.48, 2545.3,  -33.75, 207.6
 40.50, 2546.7,  -33.75, 207.6
 40.52, 2547.9,  -33.75, 207.6
 40.54, 2549.1,  -33.88, 207.6
 40.56, 2550.5,  -33.75, 207.6
 40.58, 2551.9,  -33.88, 207.6
 40.60, 2553.1,  -34.00, 207.6
 40.62, 2554.3,  -33.88, 207.6
 40.64, 2555.7,  -34.13, 207.6
 40.66, 2557.1,  -34.25, 207.6
 40.68, 2558.3,  -34.38, 207.6
 40.70, 2559.6,  -34.25, 207.6
 40.72, 2561.1,  -34.38, 207.6
 40.74, 2562.3,  -34.50, 207.6
 40.76, 2563.7,  -34.38, 207.6
 40.78, 2565.1,  -34.50, 207.6
 40.80, 2566.5,  -34.75, 207.6
 40.82, 2567.9,  -34.63, 207.6
 40.84, 2569.2,  -34.63, 207.6
 40.86, 2570.7,  -34.63, 207.6
 40.88, 2571.9,  -34.88, 207.6
 40.90, 2573.4,  -34.63, 207.6
 40.92, 2574.6,  -34.63, 207.6
 40.94, 2576.0,  -34.88, 207.6
 40.96, 2577.3,  -34.75, 207.6
 40.98, 2578.5,  -34.75, 207.6
 41.00, 2580.1,  -34.75, 207.6
 41.02, 2581.3,  -35.00, 207.6
 41.04, 2582.8,  -34.75, 207.6
 41.06, 2584.1,  -34.75, 207.6
 41.08, 2585.5,  -35.00, 207.6
 41.10, 2586.9,  -34.63, 207.6
 41.12, 2588.3,  -34.75, 207.6
 41.14, 2589.7,  -34.75, 207.6
 41.16, 2590.9,  -34.50, 207.6
 41.18, 2592.3,  -34.63, 207.6
 41.20, 2593.7,  -34.50, 207.6
 41.22, 2594.9,  -34.50, 207.6
 41.24, 2596.3,  -34.50, 207.6
 41.26, 2597.7,  -34.38, 207.6
 41.28, 2598.9,  -34.38, 207.6
 41.30, 2600.2,  -34.50, 207.6
 41.32, 2601.5,  -34.38, 207.6
 41.34, 2602.9,  -34.38, 207.6
 41.36, 2604.1,  -34.25, 207.6
 41.38, 2605.5,  -34.25, 207.6
 41.40, 2606.8,  -34.25, 207.6
 41.42, 2608.1,  -34.13, 207.6
 41.44, 2609.3,  -34.25, 207.6
 41.46, 2610.5,  -34.00, 207.6
 41.48, 2611.9,  -34.25, 207.6
 41.50, 2613.1,  -34.00, 207.6
 41.52, 2614.3,  -34.13, 207.6
 41.54, 2615.7,  -34.13, 207.6
 41.56, 2616.9,  -34.00, 207.6
 41.58, 2618.1,  -34.25, 207.6
 41.60, 2619.3,  -34.00, 207.6
 41.62, 2620.7,  -34.25, 207.6
 41.64, 2621.9,  -34.25, 207.6
 41.66, 2623.1,  -34.13, 207.6
 41.68, 2624.5,  -34.38, 207.6
 41.70, 2625.7,  -34.13, 207.6
 41.72, 2627.0,  -34.38, 207.6
 41.74, 2628.3,  -34.25, 207.6
 41.76, 2629.5,  -34.38, 207.6
 41.78, 2630.7,  -34.50, 207.6
 41.80, 2632.1,  -34.38, 207.6
 41.82, 2633.3,  -34.50, 207.6
 41.84, 2634.6,  -34.75, 207.6
 41.86, 2635.9,  -34.63, 207.6
 41.88, 2637.1,  -34.63, 207.6
 41.90, 2638.5,  -34.88, 207.6
 41.92, 2639.9,  -34.88, 207.6
 41.94, 2641.1,  -34.88, 207.6
 41.96, 2642.5,  -35.13, 207.6
 41.98, 2643.9,  -35.00, 207.6
 42.00, 2645.1,  -35.00, 207.6
 42.02, 2646.5,  -35.25, 207.6
 42.04, 2647.9,  -35.13, 207.6
 42.06, 2649.1,  -35.13, 207.6
 42.08, 2650.5,  -35.25, 207.6
 42.10, 2651.9,  -35.50, 207.6
 42.12, 2653.3,  -35.38, 207.6
 42.14, 2654.6,  -35.25, 207.6
 42.16, 2655.9,  -35.63, 207.6
 42.18, 2657.4,  -35.63, 207.6
 42.20, 2658.7,  -35.50, 207.6
 42.22, 2660.1,  -35.50, 207.6
 42.24, 2661.5,  -35.63, 207.6
 42.26, 2662.9,  -35.63, 207.6
 42.28, 2664.3,  -35.38, 207.6
 42.30, 2665.6,  -35.63, 207.6
 42.32, 2667.1,  -35.63, 207.6
 42.34, 2668.3,  -35.25, 207.6
 42.36, 2669.7,  -35.63, 207.6
 42.38, 2671.1,  -35.50, 207.6
 42.40, 2672.5,  -35.38, 207.6
 42.42, 2673.9,  -35.50, 207.6
 42.44, 2675.1,  -35.50, 203.2
 42.46, 2676.5,  -35.38, 203.2
 42.48, 2677.9,  -35.38, 203.2
 42.50, 2679.1,  -35.50, 203.2
 42.52, 2680.6,  -35.13, 203.2
 42.54, 2681.9,  -35.38, 203.2
 42.56, 2683.1,  -35.25, 203.2
 42.58, 2684.6,  -35.13, 203.2
 42.60, 2685.9,  -35.25, 203.2
 42.62, 2687.1,  -34.88, 203.2
 42.64, 2688.5,  -35.13, 203.2
 42.66, 2689.8,  -35.00, 203.2
 42.68, 2691.1,  -34.88, 203.2
 42.70, 2692.3,  -35.13, 203.2
 42.72, 2693.5,  -34.75, 203.2
 42.74, 2694.9,  -35.00, 203.2
 42.76, 2696.2,  -35.00, 203.2
 42.78, 2697.5,  -34.88, 203.2
 42.80, 2698.7,  -35.13, 203.2
 42.82, 2699.9,  -34.75, 203.2
 42.84, 2701.3,  -35.00, 203.2
 42.86, 2702.7,  -34.88, 203.2
 42.88, 2703.9,  -35.00, 203.2
 42.90, 2705.1,  -35.00, 203.2
 42.92, 2706.3,  -34.75, 203.2
 42.94, 2707.7,  -35.13, 203.2
 42.96, 2708.9,  -34.88, 203.2
 42.98, 2710.3,  -35.00, 203.2
 43.00, 2711.5,  -35.13, 203.2
 43.02, 2712.7,  -34.88, 203.2
 43.04, 2713.9,  -35.25, 203.2
 43.06, 2715.3,  -35.38, 203.2
 43.08, 2716.7,  -35.00, 203.2
 43.10, 2717.9,  -35.50, 203.2
 43.12, 2719.1,  -35.38, 203.2
 43.14, 2720.5,  -35.25, 203.2
 43.16, 2721.8,  -35.63, 203.2
 43.18, 2723.0,  -35.50, 203.2
 43.20, 2724.4,  -35.50, 203.2
 43.22, 2725.8,  -35.63, 203.2
 43.24, 2727.0,  -35.88, 203.2
 43.26, 2728.4,  -35.63, 203.2
 43.28, 2729.8,  -35.63, 203.2
 43.30, 2731.0,  -36.00, 203.2
 43.32, 2732.4,  -36.00, 203.2
 43.34, 2733.8,  -35.88, 203.2
 43.36, 2735.0,  -35.88, 203.2
 43.38, 2736.6,  -36.13, 203.2
 43.40, 2737.8,  -36.25, 203.2
 43.42, 2739.4,  -36.00, 203.2
 43.44, 2740.6,  -36.13, 203.2
 43.46, 2742.2,  -36.38, 203.2
 43.48, 2743.4,  -36.38, 203.2
 43.50, 2745.0,  -36.25, 203.2
 43.52, 2746.1,  -36.25, 203.2
 43.54, 2747.6,  -36.50, 203.2
 43.56, 2748.8,  -36.25, 203.2
 43.58, 2750.3,  -36.00, 203.2
 43.60, 2751.6,  -36.25, 203.2
 43.62, 2753.0,  -36.25, 203.2
 43.64, 2754.4,  -36.25, 203.2
 43.66, 2755.8,  -36.00, 203.2
 43.68, 2757.2,  -36.25, 203.2
 43.70, 2758.6,  -36.38, 203.2
 43.72, 2760.0,  -36.00, 203.2
 43.74, 2761.4,  -36.25, 203.2
 43.76, 2762.8,  -36.13, 203.2
 43.78, 2764.2,  -36.00, 203.2
 43.80, 2765.6,  -36.13, 203.2
 43.82, 2766.8,  -36.00, 203.2
 43.84, 2768.2,  -35.88, 203.2
 43.86, 2769.6,  -36.00, 203.2
 43.88, 2770.9,  -35.88, 203.2
 43.90, 2772.2,  -35.75, 203.2
 43.92, 2773.6,  -35.88, 203.2
 43.94, 2774.8,  -35.88, 203.2
 43.96, 2776.2,  -35.63, 203.2
 43.98, 2777.5,  -35.88, 203.2
 44.00, 2778.8,  -35.63, 203.2
 44.02, 2780.2,  -35.63, 203.2
 44.04, 2781.5,  -35.75, 203.2
 44.06, 2782.8,  -35.50, 203.2
 44.08, 2784.1,  -35.75, 203.2
 44.10, 2785.4,  -35.50, 203.2
 44.12, 2786.8,  -35.50, 203.2
 44.14, 2788.0,  -35.75, 203.2
 44.16, 2789.2,  -35.38, 203.2
 44.18, 2790.6,  -35.75, 203.2
 44.20, 2791.8,  -35.75, 203.2
 44.22, 2793.1,  -35.50, 203.2
 44.24, 2794.4,  -35.88, 203.2
 44.26, 2795.7,  -35.63, 203.2
 44.28, 2797.0,  -35.63, 203.2
 44.30, 2798.3,  -35.88, 203.2
 44.32, 2799.6,  -35.75, 203.2
 44.34, 2801.0,  -35.88, 203.2
 44.36, 2802.3,  -35.88, 203.2
 44.38, 2803.6,  -35.88, 203.2
 44.40, 2804.9,  -36.00, 203.2
 44.42, 2806.2,  -36.13, 203.2
 44.44, 2807.6,  -36.00, 203.2
 44.46, 2808.9,  -36.00, 203.2
 44.48, 2810.2,  -36.25, 203.2
 44.50, 2811.6,  -36.38, 203.2
 44.52, 2812.9,  -36.13, 203.2
 44.54, 2814.2,  -36.38, 203.2
 44.56, 2815.6,  -36.50, 203.2
 44.58, 2817.0,  -36.63, 203.2
 44.60, 2818.3,  -36.50, 203.2
 44.62, 2819.8,  -36.50, 203.2
 44.64, 2821.2,  -36.75, 203.2
 44.66, 2822.6,  -36.63, 203.2
 44.68, 2823.9,  -36.63, 203.2
 44.70, 2825.4,  -36.63, 203.2
 44.72, 2826.7,  -36.75, 203.2
 44.74, 2828.1,  -36.88, 203.2
 44.76, 2829.5,  -36.63, 203.2
 44.78, 2830.9,  -36.75, 203.2
 44.80, 2832.3,  -36.88, 203.2
 44.82, 2833.7,  -36.88, 203.2
 44.84, 2835.1,  -36.88, 212.0
 44.86, 2836.6,  -36.88, 212.0
 44.88, 2837.9,  -37.00, 212.0
 44.90, 2839.4,  -37.00, 212.0
 44.92, 2840.7,  -36.88, 212.0
 44.94, 2842.2,  -36.88, 212.0
 44.96, 2843.6,  -36.88, 212.0
 44.98, 2845.0,  -36.88, 212.0
 45.00, 2846.3,  -36.63, 212.0
 45.02, 2847.8,  -36.75, 212.0
 45.04, 2849.1,  -36.75, 212.0
 45.06, 2850.5,  -36.50, 212.0
 45.08, 2851.8,  -36.75, 212.0
 45.10, 2853.2,  -36.75, 212.0
 45.12, 2854.6,  -36.50, 212.0
 45.14, 2855.9,  -36.75, 212.0
 45.16, 2857.3,  -36.63, 212.0
 45.18, 2858.6,  -36.50, 212.0
 45.20, 2859.9,  -36.63, 212.0
 45.22, 2861.4,  -36.50, 212.0
 45.24, 2862.6,  -36.38, 212.0
 45.26, 2863.9,  -36.50, 212.0
 45.28, 2865.4,  -36.38, 212.0
 45.30, 2866.6,  -36.38, 212.0
 45.32, 2867.8,  -36.25, 212.0
 45.34, 2869.1,  -36.25, 212.0
 45.36, 2870.5,  -36.38, 212.0
 45.38, 2871.7,  -36.25, 212.0
 45.40, 2872.9,  -36.25, 212.0
 45.42, 2874.2,  -36.38, 212.0
 45.44, 2875.6,  -36.25, 212.0
 45.46, 2876.9,  -36.38, 212.0
 45.48, 2878.1,  -36.50, 212.0
 45.50, 2879.5,  -36.38, 212.0
 45.52, 2880.9,  -36.38, 212.0
 45.54, 2882.1,  -36.38, 212.0
 45.56, 2883.3,  -36.38, 212.0
 45.58, 2884.6,  -36.50, 212.0
 45.60, 2886.1,  -36.38, 212.0
 45.62, 2887.3,  -36.50, 212.0
 45.64, 2888.5,  -36.63, 212.0
 45.66, 2889.9,  -36.38, 212.0
 45.68, 2891.3,  -36.63, 212.0
 45.70, 2892.5,  -36.88, 212.0
 45.72, 2893.7,  -36.63, 212.0
 45.74, 2895.1,  -36.88, 212.0
 45.76, 2896.5,  -36.88, 212.0
 45.78, 2897.7,  -37.00, 212.0
 45.80, 2899.1,  -37.00, 212.0
 45.82, 2900.5,  -37.00, 212.0
 45.84, 2901.8,  -37.25, 212.0
 45.86, 2903.3,  -37.00, 212.0
 45.88, 2904.5,  -37.13, 212.0
 45.90, 2905.9,  -37.38, 212.0
 45.92, 2907.3,  -37.25, 212.0
 45.94, 2908.6,  -37.25, 212.0
 45.96, 2910.1,  -37.38, 212.0
 45.98, 2911.3,  -37.50, 212.0
 46.00, 2912.8,  -37.50, 212.0
 46.02, 2914.1,  -37.38, 212.0
 46.04, 2915.5,  -37.63, 212.0
 46.06, 2916.9,  -37.63, 212.0
 46.08, 2918.3,  -37.63, 212.0
 46.10, 2919.7,  -37.50, 212.0
 46.12, 2921.1,  -37.63, 212.0
 46.14, 2922.5,  -37.75, 212.0
 46.16, 2923.9,  -37.50, 212.0
 46.18, 2925.3,  -37.50, 212.0
 46.20, 2926.7,  -37.75, 212.0
 46.22, 2928.1,  -37.50, 212.0
 46.24, 2929.4,  -37.50, 212.0
 46.26, 2930.9,  -37.63, 212.0
 46.28, 2932.1,  -37.50, 212.0
 46.30, 2933.5,  -37.50, 212.0
 46.32, 2934.9,  -37.50, 212.0
 46.34, 2936.3,  -37.63, 212.0
 46.36, 2937.7,  -37.38, 212.0
 46.38, 2938.9,  -37.50, 212.0
 46.40, 2940.3,  -37.50, 212.0
 46.42, 2941.7,  -37.25, 212.0
 46.44, 2942.9,  -37.50, 212.0
 46.46, 2944.3,  -37.13, 212.0
 46.48, 2945.7,  -37.25, 212.0
 46.50, 2946.9,  -37.38, 212.0
 46.52, 2948.3,  -37.13, 212.0
 46.54, 2949.7,  -37.38, 212.0
 46.56, 2950.9,  -37.00, 212.0
 46.58, 2952.0,  -37.13, 212.0
 46.60, 2953.3,  -37.25, 212.0
 46.62, 2954.5,  -37.00, 212.0
 46.64, 2955.9,  -37.25, 212.0
 46.66, 2957.0,  -37.00, 212.0
 46.68, 2958.2,  -37.00, 212.0
 46.70, 2959.6,  -37.25, 212.0
 46.72, 2960.9,  -36.88, 212.0
 46.74, 2962.2,  -37.25, 212.0
 46.76, 2963.4,  -37.00, 212.0
 46.78, 2964.8,  -37.13, 212.0
 46.80, 2966.0,  -37.25, 212.0
 46.82, 2967.3,  -37.00, 212.0
 46.84, 2968.6,  -37.38, 212.0
 46.86, 2969.8,  -37.13, 212.0
 46.88, 2971.1,  -37.13, 212.0
 46.90, 2972.4,  -37.50, 212.0
 46.92, 2973.6,  -37.13, 212.0
 46.94, 2975.0,  -37.38, 212.0
 46.96, 2976.2,  -37.50, 212.0
 46.98, 2977.6,  -37.38, 212.0
 47.00, 2978.9,  -37.50, 212.0
 47.02, 2980.2,  -37.75, 212.0
 47.04, 2981.6,  -37.63, 212.0
 47.06, 2982.8,  -37.75, 212.0
 47.08, 2984.2,  -37.88, 212.0
 47.10, 2985.6,  -37.75, 212.0
 47.12, 2986.8,  -37.75, 212.0
 47.14, 2988.2,  -38.00, 212.0
 47.16, 2989.6,  -38.00, 212.0
 47.18, 2990.8,  -37.88, 212.0
 47.20, 2992.2,  -38.13, 212.0
 47.22, 2993.6,  -38.13, 212.0
 47.24, 2994.9,  -38.13, 212.0
 47.26, 2996.1,  -38.13, 212.0
 47.28, 2997.5,  -38.25, 212.0
 47.30, 2998.9,  -38.38, 212.0
 47.32, 3000.3,  -38.13, 212.0
 47.34, 3001.7,  -38.25, 212.0
 47.36, 3003.1,  -38.50, 212.0
 47.38, 3004.5,  -38.38, 212.0
 47.40, 3005.9,  -38.25, 212.0
 47.42, 3007.3,  -38.38, 212.0
 47.44, 3008.7,  -38.38, 212.0
 47.46, 3009.9,  -38.25, 212.0
 47.48, 3011.3,  -38.25, 212.0
 47.50, 3012.7,  -38.50, 212.0
 47.52, 3014.1,  -38.25, 212.0
 47.54, 3015.5,  -38.13, 212.0
 47.56, 3016.7,  -38.50, 212.0
 47.58, 3018.2,  -38.38, 212.0
 47.60, 3019.5,  -38.25, 212.0
 47.62, 3020.9,  -38.38, 212.0
 47.64, 3022.3,  -38.25, 212.0
 47.66, 3023.7,  -38.13, 212.0
 47.68, 3025.1,  -38.25, 212.0
 47.70, 3026.3,  -38.13, 212.0
 47.72, 3027.7,  -38.00, 212.0
 47.74, 3029.1,  -38.13, 212.0
 47.76, 3030.3,  -38.00, 212.0
 47.78, 3031.7,  -38.00, 212.0
 47.80, 3032.9,  -38.13, 212.0
 47.82, 3034.3,  -37.88, 212.0
 47.84, 3035.5,  -38.00, 212.0
 47.86, 3036.9,  -38.00, 212.0
 47.88, 3038.2,  -37.75, 212.0
 47.90, 3039.5,  -38.13, 212.0
 47.92, 3040.7,  -37.88, 212.0
 47.94, 3042.1,  -38.00, 212.0
 47.96, 3043.5,  -38.00, 212.0
 47.98, 3044.7,  -37.75, 212.0
 48.00, 3045.9,  -38.00, 212.0
 48.02, 3047.3,  -37.75, 212.0
 48.04, 3048.6,  -37.88, 212.0
 48.06, 3049.9,  -38.00, 212.0
 48.08, 3051.1,  -37.63, 212.0
 48.10, 3052.3,  -38.00, 212.0
 48.12, 3053.7,  -38.00, 212.0
 48.14, 3055.0,  -37.88, 212.0
 48.16, 3056.3,  -38.25, 212.0
 48.18, 3057.5,  -38.00, 212.0
 48.20, 3058.8,  -38.00, 212.0
 48.22, 3060.2,  -38.38, 212.0
 48.24, 3061.5,  -38.13, 212.0
 48.26, 3062.7,  -38.25, 212.0
 48.28, 3064.1,  -38.50, 212.0
 48.30, 3065.5,  -38.25, 212.0
 48.32, 3066.7,  -38.38, 212.0
 48.34, 3068.1,  -38.50, 212.0
 48.36, 3069.5,  -38.50, 212.0
 48.38, 3070.7,  -38.25, 212.0
 48.40, 3072.1,  -38.50, 212.0
 48.42, 3073.5,  -38.75, 212.0
 48.44, 3074.7,  -38.63, 212.0
 48.46, 3076.1,  -38.63, 212.0
 48.48, 3077.5,  -39.00, 212.0
 48.50, 3078.9,  -39.00, 212.0
 48.52, 3080.3,  -39.00, 212.0
 48.54, 3081.6,  -38.88, 212.0
 48.56, 3083.0,  -39.13, 212.0
 48.58, 3084.3,  -39.13, 212.0
 48.60, 3085.8,  -38.88, 212.0
 48.62, 3087.2,  -38.88, 212.0
 48.64, 3088.6,  -39.13, 212.0
 48.66, 3089.9,  -39.13, 212.0
 48.68, 3091.4,  -39.00, 212.0
 48.70, 3092.7,  -38.88, 212.0
 48.72, 3094.2,  -39.25, 212.0
 48.74, 3095.4,  -39.13, 212.0
 48.76, 3097.0,  -39.00, 212.0
 48.78, 3098.2,  -39.00, 212.0
 48.80, 3099.8,  -39.13, 212.0
 48.82, 3101.0,  -39.25, 212.0
 48.84, 3102.6,  -39.00, 212.0
 48.86, 3103.8,  -39.00, 212.0
 48.88, 3105.4,  -39.25, 212.0
 48.90, 3106.6,  -38.88, 212.0
 48.92, 3108.2,  -39.00, 212.0
 48.94, 3109.4,  -39.13, 212.0
 48.96, 3110.9,  -38.75, 212.0
 48.98, 3112.2,  -38.88, 212.0
 49.00, 3113.5,  -39.00, 212.0
 49.02, 3114.9,  -38.88, 212.0
 49.04, 3116.1,  -38.75, 212.0
 49.06, 3117.5,  -38.88, 212.0
 49.08, 3118.9,  -38.75, 212.0
 49.10, 3120.1,  -38.50, 212.0
 49.12, 3121.5,  -38.88, 212.0
 49.14, 3122.9,  -38.75, 212.0
 49.16, 3124.2,  -38.50, 212.0
 49.18, 3125.6,  -38.88, 212.0
 49.20, 3126.9,  -38.50, 212.0
 49.22, 3128.2,  -38.63, 212.0
 49.24, 3129.6,  -38.75, 212.0
 49.26, 3130.9,  -38.38, 212.0
 49.28, 3132.1,  -38.75, 212.0
 49.30, 3133.5,  -38.63, 212.0
 49.32, 3134.8,  -38.38, 212.0
 49.34, 3136.1,  -38.75, 212.0
 49.36, 3137.3,  -38.63, 212.0
 49.38, 3138.7,  -38.50, 212.0
 49.40, 3140.0,  -38.88, 212.0
 49.42, 3141.3,  -38.63, 212.0
 49.44, 3142.7,  -38.63, 212.0
 49.46, 3144.0,  -38.88, 212.0
 49.48, 3145.3,  -38.88, 212.0
 49.50, 3146.7,  -38.75, 212.0
 49.52, 3148.0,  -39.00, 212.0
 49.54, 3149.3,  -39.00, 212.0
 49.56, 3150.7,  -38.75, 212.0
 49.58, 3152.0,  -39.00, 212.0
 49.60, 3153.3,  -39.13, 212.0
 49.62, 3154.7,  -39.00, 212.0
 49.64, 3156.0,  -39.13, 194.3
 49.66, 3157.3,  -39.13, 194.3
 49.68, 3158.7,  -39.25, 194.3
 49.70, 3160.1,  -39.25, 194.3
 49.72, 3161.5,  -39.13, 194.3
 49.74, 3162.9,  -39.50, 194.3
 49.76, 3164.3,  -39.50, 194.3
 49.78, 3165.6,  -39.38, 194.3
 49.80, 3167.1,  -39.50, 194.3
 49.82, 3168.5,  -39.50, 194.3
 49.84, 3169.9,  -39.75, 194.3
 49.86, 3171.3,  -39.63, 194.3
 49.88, 3172.7,  -39.50, 194.3
 49.90, 3174.1,  -39.63, 194.3
 49.92, 3175.5,  -39.75, 194.3
 49.94, 3176.9,  -39.75, 194.3
 49.96, 3178.3,  -39.63, 194.3
 49.98, 3179.7,  -39.63, 194.3
 50.00, 3181.1,  -39.88, 194.3
 50.02, 3182.5,  -39.88, 194.3
 50.04, 3183.9,  -39.75, 194.3
 50.06, 3185.4,  -39.75, 194.3
 50.08, 3186.8,  -39.75, 194.3
 50.10, 3188.3,  -39.88, 194.3
 50.12, 3189.6,  -39.63, 194.3
 50.14, 3191.1,  -39.63, 194.3
 50.16, 3192.5,  -39.88, 194.3
 50.18, 3193.9,  -39.63, 194.3
 50.20, 3195.2,  -39.63, 194.3
 50.22, 3196.7,  -39.63, 194.3
 50.24, 3198.0,  -39.63, 194.3
 50.26, 3199.4,  -39.50, 194.3
 50.28, 3200.7,  -39.50, 194.3
 50.30, 3202.1,  -39.63, 194.3
 50.32, 3203.5,  -39.50, 194.3
 50.34, 3204.8,  -39.38, 194.3
 50.36, 3206.3,  -39.63, 194.3
 50.38, 3207.5,  -39.38, 194.3
 50.40, 3209.0,  -39.38, 194.3
 50.42, 3210.3,  -39.50, 194.3
 50.44, 3211.7,  -39.25, 194.3
 50.46, 3213.1,  -39.38, 194.3
 50.48, 3214.3,  -39.38, 194.3
 50.50, 3215.7,  -39.13, 194.3
 50.52, 3217.0,  -39.38, 194.3
 50.54, 3218.3,  -39.25, 194.3
 50.56, 3219.5,  -39.25, 194.3
 50.58, 3220.8,  -39.38, 194.3
 50.60, 3222.3,  -39.38, 194.3
 50.62, 3223.5,  -39.38, 194.3
 50.64, 3224.8,  -39.38, 194.3
 50.66, 3226.2,  -39.38, 194.3
 50.68, 3227.5,  -39.38, 194.3
 50.70, 3228.7,  -39.50, 194.3
 50.72, 3230.1,  -39.50, 194.3
 50.74, 3231.5,  -39.38, 194.3
 50.76, 3232.7,  -39.50, 194.3
 50.78, 3234.1,  -39.50, 194.3
 50.80, 3235.5,  -39.38, 194.3
 50.82, 3236.7,  -39.63, 194.3
 50.84, 3238.1,  -39.63, 194.3
 50.86, 3239.5,  -39.50, 194.3
 50.88,    0.0,  -39.88, 194.3
 50.90,    1.4,  -39.75, 194.3
 50.92,    2.8,  -39.88, 194.3
 50.94,    4.0,  -39.88, 194.3
 50.96,    5.4,  -40.00, 194.3
 50.98,    6.8,  -40.13, 194.3
 51.00,    8.1,  -39.88, 194.3
 51.02,    9.6,  -40.00, 194.3
 51.04,   10.9,  -40.25, 194.3
 51.06,   12.4,  -40.13, 194.3
 51.08,   13.6,  -40.13, 194.3
 51.10,   15.2,  -40.13, 194.3
 51.12,   16.4,  -40.25, 194.3
 51.14,   17.9,  -40.25, 194.3
 51.16,   19.2,  -40.13, 194.3
 51.18,   20.6,  -40.38, 194.3
 51.20,   22.0,  -40.50, 194.3
 51.22,   23.3,  -40.38, 194.3
 51.24,   24.7,  -40.38, 194.3
 51.26,   26.1,  -40.38, 194.3
 51.28,   27.5,  -40.63, 194.3
 51.30,   28.8,  -40.50, 194.3
 51.32,   30.3,  -40.38, 194.3
 51.34,   31.7,  -40.63, 194.3
 51.36,   33.1,  -40.50, 194.3
 51.38,   34.5,  -40.38, 194.3
 51.40,   35.9,  -40.50, 194.3
 51.42,   37.3,  -40.50, 194.3
 51.44,   38.7,  -40.38, 194.3
 51.46,   39.9,  -40.38, 194.3
 51.48,   41.4,  -40.38, 194.3
 51.50,   42.7,  -40.38, 194.3
 51.52,   44.1,  -40.25, 194.3
 51.54,   45.5,  -40.50, 194.3
 51.56,   46.7,  -40.38, 194.3
 51.58,   48.2,  -40.25, 194.3
 51.60,   49.5,  -40.50, 194.3
 51.62,   50.9,  -40.25, 194.3
 51.64,   52.3,  -40.25, 194.3
 51.66,   53.5,  -40.38, 194.3
 51.68,   54.9,  -40.13, 194.3
 51.70,   56.3,  -40.25, 194.3
 51.72,   57.5,  -40.25, 194.3
 51.74,   58.9,  -40.00, 194.3
 51.76,   60.2,  -40.25, 194.3
 51.78,   61.5,  -40.00, 194.3
 51.80,   62.7,  -40.13, 194.3
 51.82,   64.1,  -40.25, 194.3
 51.84,   65.4,  -40.00, 194.3
 51.86,   66.7,  -40.13, 194.3
 51.88,   67.9,  -40.13, 194.3
 51.90,   69.3,  -40.00, 194.3
 51.92,   70.6,  -40.25, 194.3
 51.94,   71.9,  -40.25, 194.3
 51.96,   73.2,  -40.13, 194.3
 51.98,   74.5,  -40.38, 194.3
 52.00,   75.9,  -40.13, 194.3
 52.02,   77.1,  -40.25, 194.3
 52.04,   78.5,  -40.38, 194.3
 52.06,   79.7,  -40.25, 194.3
 52.08,   81.1,  -40.38, 194.3
 52.10,   82.3,  -40.50, 194.3
 52.12,   83.7,  -40.38, 194.3
 52.14,   84.9,  -40.38, 194.3
 52.16,   86.3,  -40.63, 194.3
 52.18,   87.6,  -40.63, 194.3
 52.20,   88.9,  -40.50, 194.3
 52.22,   90.3,  -40.88, 194.3
 52.24,   91.7,  -40.88, 194.3
 52.26,   93.0,  -40.63, 194.3
 52.28,   94.3,  -41.00, 194.3
 52.30,   95.7,  -40.88, 194.3
 52.32,   97.1,  -40.88, 194.3
 52.34,   98.4,  -40.88, 194.3
 52.36,   99.7,  -41.00, 194.3
 52.38,  101.1,  -41.13, 194.3
 52.40,  102.5,  -40.88, 194.3
 52.42,  103.9,  -41.13, 194.3
 52.44,  105.2,  -41.38, 189.9
 52.46,  106.5,  -41.13, 189.9
 52.48,  107.9,  -41.13, 189.9
 52.50,  109.3,  -41.25, 189.9
 52.52,  110.7,  -41.38, 189.9
 52.54,  112.1,  -41.25, 189.9
 52.56,  113.5,  -41.13, 189.9
 52.58,  114.9,  -41.50, 189.9
 52.60,  116.3,  -41.38, 189.9
 52.62,  117.7,  -41.13, 189.9
 52.64,  119.1,  -41.38, 189.9
 52.66,  120.5,  -41.38, 189.9
 52.68,  121.7,  -41.13, 189.9
 52.70,  123.1,  -41.38, 189.9
 52.72,  124.5,  -41.38, 189.9
 52.74,  125.9,  -41.25, 189.9
 52.76,  127.3,  -41.13, 189.9
 52.78,  128.5,  -41.38, 189.9
 52.80,  130.0,  -41.25, 189.9
 52.82,  131.3,  -41.00, 189.9
 52.84,  132.7,  -41.38, 189.9
 52.86,  134.0,  -41.25, 189.9
 52.88,  135.2,  -41.00, 189.9
 52.90,  136.6,  -41.38, 189.9
 52.92,  138.0,  -41.00, 189.9
 52.94,  139.2,  -41.00, 189.9
 52.96,  140.6,  -41.25, 189.9
 52.98,  142.0,  -40.88, 189.9
 53.00,  143.2,  -41.13, 189.9
 53.02,  144.6,  -41.00, 189.9
 53.04,  145.9,  -40.75, 189.9
 53.06,  147.2,  -41.13, 189.9
 53.08,  148.4,  -41.00, 189.9
 53.10,  149.9,  -41.00, 189.9
 53.12,  151.2,  -41.25, 189.9
 53.14,  152.4,  -41.00, 189.9
 53.16,  153.8,  -41.13, 189.9
 53.18,  155.1,  -41.13, 189.9
 53.20,  156.4,  -40.88, 189.9
 53.22,  157.6,  -41.13, 189.9
 53.24,  159.0,  -41.13, 189.9
 53.26,  160.4,  -41.00, 189.9
 53.28,  161.6,  -41.13, 189.9
 53.30,  162.8,  -41.00, 189.9
 53.32,  164.2,  -41.00, 189.9
 53.34,  165.5,  -41.25, 189.9
 53.36,  166.7,  -41.25, 189.9
 53.38,  168.1,  -41.13, 189.9
 53.40,  169.4,  -41.38, 189.9
 53.42,  170.7,  -41.50, 189.9
 53.44,  172.0,  -41.25, 189.9
 53.46,  173.4,  -41.38, 189.9
 53.48,  174.7,  -41.63, 189.9
 53.50,  176.1,  -41.38, 189.9
 53.52,  177.5,  -41.50, 189.9
 53.54,  178.7,  -41.75, 189.9
 53.56,  180.2,  -41.63, 189.9
 53.58,  181.5,  -41.50, 189.9
 53.60,  182.9,  -41.75, 189.9
 53.62,  184.3,  -41.88, 189.9
 53.64,  185.5,  -41.63, 189.9
 53.66,  187.0,  -41.63, 189.9
 53.68,  188.3,  -42.00, 189.9
 53.70,  189.7,  -42.00, 189.9
 53.72,  191.1,  -41.75, 189.9
 53.74,  192.4,  -42.13, 189.9
 53.76,  193.9,  -42.00, 189.9
 53.78,  195.1,  -41.88, 189.9
 53.80,  196.7,  -42.13, 189.9
 53.82,  197.9,  -41.88, 189.9
 53.84,  199.4,  -41.63, 189.9
 53.86,  200.6,  -41.75, 189.9
 53.88,  201.8,  -41.38, 189.9
 53.90,  203.3,  -41.63, 189.9
 53.92,  204.6,  -41.50, 189.9
 53.94,  205.8,  -41.38, 189.9
 53.96,  207.1,  -41.50, 189.9
 53.98,  208.4,  -41.13, 189.9
 54.00,  209.8,  -41.50, 189.9
 54.02,  211.0,  -41.38, 189.9
 54.04,  212.2,  -41.13, 189.9
 54.06,  213.4,  -41.50, 189.9
 54.08,  214.8,  -41.13, 189.9
 54.10,  216.1,  -41.38, 189.9
 54.12,  217.3,  -41.38, 189.9
 54.14,  218.5,  -41.25, 189.9
 54.16,  219.7,  -41.63, 189.9
 54.18,  221.1,  -41.25, 189.9
 54.20,  222.5,  -41.75, 189.9
 54.22,  223.7,  -41.38, 189.9
 54.24,  224.9,  -41.50, 189.9
 54.26,  226.1,  -41.25, 189.9
 54.28,  227.3,  -41.38, 189.9
 54.30,  228.5,  -41.00, 189.9
 54.32,  229.8,  -41.25, 189.9
 54.34,  231.1,  -40.88, 189.9
 54.36,  232.3,  -41.13, 189.9
 54.38,  233.5,  -41.13, 189.9
 54.40,  234.7,  -41.38, 189.9
 54.42,  236.1,  -41.38, 189.9
===============================
Changed Angle: -2.38
Elapsed Time : 6.04
Disk R.P.M   : 0
===============================
2018-04-13.  12:25:03.

