Device: Gyroscope
===============================
  Time  Rotation   Tilt   D-RPM
------- -------- ------- ------
  0.00,    1.6,  -10.38, 185.5
  0.02,    3.2,  -10.25, 185.5
  0.04,    4.8,  -10.25, 185.5
  0.06,    6.4,  -10.38, 185.5
  0.08,    8.0,  -10.25, 185.5
  0.10,    9.6,  -10.38, 185.5
  0.12,   11.3,  -10.38, 185.5
  0.14,   12.9,  -10.38, 185.5
  0.16,   14.5,  -10.38, 185.5
  0.18,   16.1,  -10.50, 185.5
  0.20,   17.7,  -10.50, 185.5
  0.22,   19.3,  -10.50, 185.5
  0.24,   20.9,  -10.50, 185.5
  0.26,   22.5,  -10.63, 185.5
  0.28,   24.1,  -10.75, 185.5
  0.30,   25.7,  -10.88, 185.5
  0.32,   27.3,  -10.88, 185.5
  0.34,   28.9,  -11.00, 185.5
  0.36,   30.6,  -11.00, 185.5
  0.38,   32.3,  -11.13, 185.5
  0.40,   33.9,  -11.13, 185.5
  0.42,   35.5,  -11.13, 185.5
  0.44,   37.3,  -11.13, 185.5
  0.46,   38.9,  -11.13, 185.5
  0.48,   40.5,  -11.13, 185.5
  0.50,   42.2,  -11.38, 185.5
  0.52,   43.9,  -11.38, 185.5
  0.54,   45.6,  -11.50, 185.5
  0.56,   47.3,  -11.63, 185.5
  0.58,   48.9,  -11.63, 185.5
  0.60,   50.5,  -11.75, 185.5
  0.62,   52.3,  -11.75, 185.5
  0.64,   53.9,  -11.75, 185.5
  0.66,   55.7,  -11.88, 185.5
  0.68,   57.3,  -12.00, 185.5
  0.70,   59.0,  -12.00, 185.5
  0.72,   60.8,  -12.00, 185.5
  0.74,   62.5,  -12.00, 185.5
  0.76,   64.1,  -11.88, 185.5
  0.78,   65.9,  -12.00, 185.5
  0.80,   67.7,  -12.00, 185.5
  0.82,   69.3,  -12.00, 185.5
  0.84,   71.0,  -12.13, 185.5
  0.86,   72.7,  -12.13, 185.5
  0.88,   74.5,  -12.13, 185.5
  0.90,   76.1,  -12.13, 185.5
  0.92,   77.8,  -12.00, 185.5
  0.94,   79.5,  -12.13, 185.5
  0.96,   81.3,  -12.13, 185.5
  0.98,   82.9,  -12.00, 185.5
  1.00,   84.5,  -12.13, 185.5
  1.02,   86.3,  -12.13, 185.5
  1.04,   88.1,  -12.13, 185.5
  1.06,   89.7,  -12.13, 185.5
  1.08,   91.4,  -12.00, 185.5
  1.10,   93.1,  -12.00, 185.5
  1.12,   94.9,  -11.88, 185.5
  1.14,   96.5,  -11.88, 185.5
  1.16,   98.1,  -11.88, 185.5
  1.18,   99.8,  -11.88, 185.5
  1.20,  101.6,  -11.75, 185.5
  1.22,  103.3,  -11.75, 185.5
  1.24,  104.9,  -11.63, 185.5
  1.26,  106.5,  -11.63, 185.5
  1.28,  108.1,  -11.75, 185.5
  1.30,  109.7,  -11.63, 185.5
  1.32,  111.3,  -11.63, 185.5
  1.34,  112.9,  -11.63, 185.5
  1.36,  114.5,  -11.50, 185.5
  1.38,  116.1,  -11.50, 185.5
  1.40,  117.8,  -11.50, 185.5
  1.42,  119.5,  -11.50, 185.5
  1.44,  121.1,  -11.50, 185.5
  1.46,  122.7,  -11.50, 185.5
  1.48,  124.3,  -11.38, 185.5
  1.50,  125.9,  -11.38, 185.5
  1.52,  127.5,  -11.38, 185.5
  1.54,  129.1,  -11.25, 185.5
  1.56,  130.7,  -11.38, 185.5
  1.58,  132.3,  -11.25, 185.5
  1.60,  133.9,  -11.25, 185.5
  1.62,  135.5,  -11.38, 185.5
  1.64,  137.1,  -11.25, 185.5
  1.66,  138.6,  -11.38, 185.5
  1.68,  140.2,  -11.38, 185.5
  1.70,  141.8,  -11.38, 185.5
  1.72,  143.4,  -11.38, 185.5
  1.74,  145.0,  -11.50, 185.5
  1.76,  146.6,  -11.38, 185.5
  1.78,  148.2,  -11.50, 185.5
  1.80,  149.8,  -11.50, 185.5
  1.82,  151.4,  -11.50, 185.5
  1.84,  153.0,  -11.63, 185.5
  1.86,  154.6,  -11.63, 185.5
  1.88,  156.2,  -11.63, 185.5
  1.90,  157.8,  -11.75, 185.5
  1.92,  159.4,  -11.63, 185.5
  1.94,  161.0,  -11.63, 185.5
  1.96,  162.6,  -11.75, 185.5
  1.98,  164.3,  -11.75, 185.5
  2.00,  165.9,  -11.88, 185.5
  2.02,  167.5,  -12.00, 185.5
  2.04,  169.3,  -12.13, 185.5
  2.06,  170.9,  -12.25, 185.5
  2.08,  172.5,  -12.25, 185.5
  2.10,  174.1,  -12.25, 185.5
  2.12,  175.9,  -12.38, 185.5
  2.14,  177.5,  -12.38, 185.5
  2.16,  179.2,  -12.38, 185.5
  2.18,  180.9,  -12.50, 185.5
  2.20,  182.5,  -12.50, 185.5
  2.22,  184.1,  -12.50, 185.5
  2.24,  185.9,  -12.75, 185.5
  2.26,  187.5,  -12.75, 185.5
  2.28,  189.3,  -12.88, 185.5
  2.30,  190.9,  -12.88, 185.5
  2.32,  192.6,  -12.75, 185.5
  2.34,  194.3,  -12.88, 185.5
  2.36,  195.8,  -12.88, 185.5
  2.38,  197.6,  -12.88, 185.5
  2.40,  199.3,  -13.13, 181.1
  2.42,  201.0,  -13.13, 181.1
  2.44,  202.7,  -13.00, 181.1
  2.46,  204.3,  -13.13, 181.1
  2.48,  206.1,  -13.00, 181.1
  2.50,  207.7,  -12.88, 181.1
  2.52,  209.5,  -13.00, 181.1
  2.54,  211.1,  -12.88, 181.1
  2.56,  212.9,  -13.00, 181.1
  2.58,  214.5,  -13.13, 181.1
  2.60,  216.3,  -13.13, 181.1
  2.62,  217.9,  -13.13, 181.1
  2.64,  219.6,  -13.13, 181.1
  2.66,  221.3,  -12.88, 181.1
  2.68,  222.9,  -12.88, 181.1
  2.70,  224.6,  -12.88, 181.1
  2.72,  226.3,  -12.88, 181.1
  2.74,  228.1,  -12.88, 181.1
  2.76,  229.7,  -12.88, 181.1
  2.78,  231.3,  -12.75, 181.1
  2.80,  233.1,  -12.88, 181.1
  2.82,  234.8,  -12.75, 181.1
  2.84,  236.5,  -12.75, 181.1
  2.86,  238.1,  -12.75, 181.1
  2.88,  239.7,  -12.63, 181.1
  2.90,  241.3,  -12.63, 181.1
  2.92,  242.9,  -12.63, 181.1
  2.94,  244.6,  -12.50, 181.1
  2.96,  246.3,  -12.50, 181.1
  2.98,  247.9,  -12.50, 181.1
  3.00,  249.5,  -12.38, 181.1
  3.02,  251.2,  -12.50, 181.1
  3.04,  252.8,  -12.38, 181.1
  3.06,  254.5,  -12.25, 181.1
  3.08,  256.1,  -12.38, 181.1
  3.10,  257.7,  -12.25, 181.1
  3.12,  259.3,  -12.25, 181.1
  3.14,  260.9,  -12.25, 181.1
  3.16,  262.5,  -12.25, 181.1
  3.18,  264.1,  -12.25, 181.1
  3.20,  265.7,  -12.25, 181.1
  3.22,  267.3,  -12.13, 181.1
  3.24,  268.9,  -12.13, 181.1
  3.26,  270.5,  -12.25, 181.1
  3.28,  272.1,  -12.13, 181.1
  3.30,  273.7,  -12.25, 181.1
  3.32,  275.3,  -12.25, 181.1
  3.34,  276.9,  -12.13, 181.1
  3.36,  278.5,  -12.25, 181.1
  3.38,  280.1,  -12.25, 181.1
  3.40,  281.7,  -12.25, 181.1
  3.42,  283.3,  -12.38, 181.1
  3.44,  284.9,  -12.38, 181.1
  3.46,  286.5,  -12.25, 181.1
  3.48,  288.3,  -12.38, 181.1
  3.50,  289.9,  -12.38, 181.1
  3.52,  291.6,  -12.50, 181.1
  3.54,  293.2,  -12.63, 181.1
  3.56,  294.8,  -12.63, 181.1
  3.58,  296.5,  -12.75, 181.1
  3.60,  298.1,  -12.88, 181.1
  3.62,  299.7,  -12.88, 181.1
  3.64,  301.3,  -13.00, 181.1
  3.66,  302.9,  -13.00, 181.1
  3.68,  304.5,  -13.00, 181.1
  3.70,  306.1,  -13.00, 181.1
  3.72,  307.9,  -13.13, 181.1
  3.74,  309.5,  -13.13, 181.1
  3.76,  311.3,  -13.38, 181.1
  3.78,  312.9,  -13.38, 181.1
  3.80,  314.5,  -13.50, 181.1
  3.82,  316.3,  -13.50, 181.1
  3.84,  318.1,  -13.50, 181.1
  3.86,  319.7,  -13.38, 181.1
  3.88,  321.3,  -13.50, 181.1
  3.90,  323.1,  -13.50, 181.1
  3.92,  324.8,  -13.63, 181.1
  3.94,  326.5,  -13.88, 181.1
  3.96,  328.1,  -13.75, 181.1
  3.98,  329.9,  -13.88, 181.1
  4.00,  331.6,  -13.75, 181.1
  4.02,  333.3,  -13.75, 181.1
  4.04,  334.9,  -13.88, 181.1
  4.06,  336.7,  -14.00, 181.1
  4.08,  338.4,  -14.00, 181.1
  4.10,  340.1,  -14.00, 181.1
  4.12,  341.9,  -13.88, 181.1
  4.14,  343.6,  -13.75, 181.1
  4.16,  345.3,  -13.88, 181.1
  4.18,  347.0,  -13.75, 181.1
  4.20,  348.7,  -13.75, 181.1
  4.22,  350.5,  -13.88, 181.1
  4.24,  352.1,  -13.88, 181.1
  4.26,  353.9,  -13.88, 181.1
  4.28,  355.5,  -13.88, 181.1
  4.30,  357.3,  -13.75, 181.1
  4.32,  358.9,  -13.75, 181.1
  4.34,  360.5,  -13.75, 181.1
  4.36,  362.3,  -13.63, 181.1
  4.38,  364.0,  -13.63, 181.1
  4.40,  365.6,  -13.63, 181.1
  4.42,  367.3,  -13.63, 181.1
  4.44,  369.1,  -13.63, 181.1
  4.46,  370.7,  -13.50, 181.1
  4.48,  372.4,  -13.50, 181.1
  4.50,  374.1,  -13.50, 181.1
  4.52,  375.7,  -13.38, 181.1
  4.54,  377.4,  -13.38, 181.1
  4.56,  379.1,  -13.38, 181.1
  4.58,  380.7,  -13.25, 181.1
  4.60,  382.3,  -13.25, 181.1
  4.62,  383.9,  -13.25, 181.1
  4.64,  385.6,  -13.13, 181.1
  4.66,  387.2,  -13.13, 181.1
  4.68,  388.8,  -13.13, 181.1
  4.70,  390.4,  -13.00, 181.1
  4.72,  392.1,  -13.00, 181.1
  4.74,  393.7,  -13.00, 181.1
  4.76,  395.3,  -12.88, 181.1
  4.78,  397.0,  -13.00, 181.1
  4.80,  398.6,  -13.00, 185.5
  4.82,  400.3,  -12.88, 185.5
  4.84,  401.9,  -13.00, 185.5
  4.86,  403.5,  -12.88, 185.5
  4.88,  405.1,  -12.88, 185.5
  4.90,  406.7,  -13.00, 185.5
  4.92,  408.3,  -12.88, 185.5
  4.94,  409.9,  -12.88, 185.5
  4.96,  411.5,  -13.00, 185.5
  4.98,  413.1,  -13.00, 185.5
  5.00,  414.7,  -13.00, 185.5
  5.02,  416.3,  -13.13, 185.5
  5.04,  417.9,  -13.13, 185.5
  5.06,  419.5,  -13.25, 185.5
  5.08,  421.1,  -13.38, 185.5
  5.10,  422.8,  -13.38, 185.5
  5.12,  424.5,  -13.50, 185.5
  5.14,  426.1,  -13.50, 185.5
  5.16,  427.8,  -13.50, 185.5
  5.18,  429.4,  -13.63, 185.5
  5.20,  431.0,  -13.50, 185.5
  5.22,  432.6,  -13.50, 185.5
  5.24,  434.2,  -13.63, 185.5
  5.26,  435.8,  -13.63, 185.5
  5.28,  437.6,  -13.75, 185.5
  5.30,  439.3,  -13.88, 185.5
  5.32,  441.0,  -14.00, 185.5
  5.34,  442.6,  -14.00, 185.5
  5.36,  444.2,  -14.13, 185.5
  5.38,  445.8,  -14.13, 185.5
  5.40,  447.6,  -14.13, 185.5
  5.42,  449.2,  -14.25, 185.5
  5.44,  451.0,  -14.13, 185.5
  5.46,  452.6,  -14.38, 185.5
  5.48,  454.3,  -14.50, 185.5
  5.50,  456.2,  -14.50, 185.5
  5.52,  457.8,  -14.50, 185.5
  5.54,  459.4,  -14.50, 185.5
  5.56,  461.2,  -14.38, 185.5
  5.58,  463.0,  -14.50, 185.5
  5.60,  464.6,  -14.63, 185.5
  5.62,  466.2,  -14.63, 185.5
  5.64,  468.0,  -14.75, 185.5
  5.66,  469.8,  -14.63, 185.5
  5.68,  471.4,  -14.63, 185.5
  5.70,  473.0,  -14.63, 185.5
  5.72,  474.8,  -14.63, 185.5
  5.74,  476.6,  -14.63, 185.5
  5.76,  478.2,  -14.88, 185.5
  5.78,  479.9,  -14.75, 185.5
  5.80,  481.8,  -14.75, 185.5
  5.82,  483.4,  -14.75, 185.5
  5.84,  485.1,  -14.63, 185.5
  5.86,  486.8,  -14.63, 185.5
  5.88,  488.6,  -14.63, 185.5
  5.90,  490.2,  -14.50, 185.5
  5.92,  491.8,  -14.50, 185.5
  5.94,  493.6,  -14.50, 185.5
  5.96,  495.4,  -14.50, 185.5
  5.98,  497.0,  -14.63, 185.5
  6.00,  498.6,  -14.50, 185.5
  6.02,  500.2,  -14.50, 185.5
  6.04,  502.0,  -14.50, 185.5
  6.06,  503.6,  -14.38, 185.5
  6.08,  505.3,  -14.38, 185.5
  6.10,  507.0,  -14.25, 185.5
  6.12,  508.6,  -14.13, 185.5
  6.14,  510.2,  -14.13, 185.5
  6.16,  511.8,  -14.13, 185.5
  6.18,  513.6,  -14.00, 185.5
  6.20,  515.3,  -14.00, 185.5
  6.22,  517.0,  -14.00, 185.5
  6.24,  518.6,  -14.00, 185.5
  6.26,  520.2,  -14.00, 185.5
  6.28,  521.8,  -14.00, 185.5
  6.30,  523.4,  -13.88, 185.5
  6.32,  525.0,  -13.88, 185.5
  6.34,  526.6,  -13.88, 185.5
  6.36,  528.2,  -13.88, 185.5
  6.38,  529.8,  -13.88, 185.5
  6.40,  531.4,  -13.88, 185.5
  6.42,  533.0,  -13.75, 185.5
  6.44,  534.6,  -13.88, 185.5
  6.46,  536.2,  -13.88, 185.5
  6.48,  537.8,  -13.88, 185.5
  6.50,  539.4,  -14.00, 185.5
  6.52,  541.1,  -13.88, 185.5
  6.54,  542.7,  -13.88, 185.5
  6.56,  544.4,  -14.00, 185.5
  6.58,  546.0,  -14.00, 185.5
  6.60,  547.6,  -14.00, 185.5
  6.62,  549.2,  -14.13, 185.5
  6.64,  550.8,  -14.13, 185.5
  6.66,  552.4,  -14.13, 185.5
  6.68,  554.0,  -14.25, 185.5
  6.70,  555.6,  -14.25, 185.5
  6.72,  557.2,  -14.38, 185.5
  6.74,  558.8,  -14.38, 185.5
  6.76,  560.4,  -14.38, 185.5
  6.78,  562.1,  -14.50, 185.5
  6.80,  563.8,  -14.50, 185.5
  6.82,  565.4,  -14.50, 185.5
  6.84,  567.0,  -14.63, 185.5
  6.86,  568.7,  -14.63, 185.5
  6.88,  570.4,  -14.63, 185.5
  6.90,  572.0,  -14.88, 185.5
  6.92,  573.6,  -15.00, 185.5
  6.94,  575.4,  -15.00, 185.5
  6.96,  577.1,  -15.00, 185.5
  6.98,  578.7,  -15.00, 185.5
  7.00,  580.4,  -15.00, 185.5
  7.02,  582.0,  -15.13, 185.5
  7.04,  583.7,  -15.13, 185.5
  7.06,  585.4,  -15.13, 185.5
  7.08,  587.1,  -15.38, 185.5
  7.10,  588.8,  -15.38, 185.5
  7.12,  590.4,  -15.50, 185.5
  7.14,  592.2,  -15.50, 185.5
  7.16,  593.9,  -15.38, 185.5
  7.18,  595.6,  -15.38, 185.5
  7.20,  597.2,  -15.50, 167.8
  7.22,  599.0,  -15.63, 167.8
  7.24,  600.8,  -15.63, 167.8
  7.26,  602.4,  -15.63, 167.8
  7.28,  604.2,  -15.50, 167.8
  7.30,  605.9,  -15.63, 167.8
  7.32,  607.6,  -15.50, 167.8
  7.34,  609.2,  -15.50, 167.8
  7.36,  611.0,  -15.50, 167.8
  7.38,  612.7,  -15.63, 167.8
  7.40,  614.4,  -15.63, 167.8
  7.42,  616.0,  -15.75, 167.8
  7.44,  617.8,  -15.75, 167.8
  7.46,  619.5,  -15.50, 167.8
  7.48,  621.2,  -15.50, 167.8
  7.50,  622.8,  -15.38, 167.8
  7.52,  624.6,  -15.38, 167.8
  7.54,  626.3,  -15.38, 167.8
  7.56,  628.0,  -15.38, 167.8
  7.58,  629.6,  -15.38, 167.8
  7.60,  631.4,  -15.50, 167.8
  7.62,  633.1,  -15.38, 167.8
  7.64,  634.8,  -15.38, 167.8
  7.66,  636.4,  -15.38, 167.8
  7.68,  638.0,  -15.25, 167.8
  7.70,  639.6,  -15.25, 167.8
  7.72,  641.2,  -15.25, 167.8
  7.74,  643.0,  -15.13, 167.8
  7.76,  644.7,  -15.13, 167.8
  7.78,  646.3,  -15.00, 167.8
  7.80,  648.0,  -14.88, 167.8
  7.82,  649.6,  -15.00, 167.8
  7.84,  651.2,  -14.88, 167.8
  7.86,  652.8,  -14.75, 167.8
  7.88,  654.4,  -14.88, 167.8
  7.90,  656.0,  -14.88, 167.8
  7.92,  657.7,  -14.75, 167.8
  7.94,  659.4,  -14.75, 167.8
  7.96,  661.1,  -14.75, 167.8
  7.98,  662.7,  -14.63, 167.8
  8.00,  664.3,  -14.75, 167.8
  8.02,  666.0,  -14.63, 167.8
  8.04,  667.6,  -14.63, 167.8
  8.06,  669.2,  -14.75, 167.8
  8.08,  670.8,  -14.63, 167.8
  8.10,  672.4,  -14.75, 167.8
  8.12,  674.0,  -14.88, 167.8
  8.14,  675.6,  -14.88, 167.8
  8.16,  677.2,  -15.00, 167.8
  8.18,  678.8,  -15.00, 167.8
  8.20,  680.4,  -15.00, 167.8
  8.22,  682.0,  -15.00, 167.8
  8.24,  683.6,  -15.13, 167.8
  8.26,  685.2,  -15.00, 167.8
  8.28,  686.9,  -15.13, 167.8
  8.30,  688.6,  -15.13, 167.8
  8.32,  690.1,  -15.13, 167.8
  8.34,  691.8,  -15.13, 167.8
  8.36,  693.5,  -15.25, 167.8
  8.38,  695.1,  -15.13, 167.8
  8.40,  696.7,  -15.13, 167.8
  8.42,  698.3,  -15.38, 167.8
  8.44,  699.9,  -15.50, 167.8
  8.46,  701.7,  -15.63, 167.8
  8.48,  703.3,  -15.63, 167.8
  8.50,  705.0,  -15.63, 167.8
  8.52,  706.7,  -15.75, 167.8
  8.54,  708.3,  -15.75, 167.8
  8.56,  710.0,  -15.75, 167.8
  8.58,  711.7,  -15.88, 167.8
  8.60,  713.4,  -16.00, 167.8
  8.62,  715.1,  -16.00, 167.8
  8.64,  716.8,  -16.13, 167.8
  8.66,  718.5,  -16.00, 167.8
  8.68,  720.3,  -16.00, 167.8
  8.70,  721.9,  -16.13, 167.8
  8.72,  723.7,  -16.13, 167.8
  8.74,  725.4,  -16.25, 167.8
  8.76,  727.1,  -16.38, 167.8
  8.78,  728.8,  -16.25, 167.8
  8.80,  730.5,  -16.25, 167.8
  8.82,  732.2,  -16.25, 167.8
  8.84,  733.9,  -16.25, 167.8
  8.86,  735.7,  -16.38, 167.8
  8.88,  737.4,  -16.50, 167.8
  8.90,  739.1,  -16.38, 167.8
  8.92,  740.9,  -16.38, 167.8
  8.94,  742.5,  -16.38, 167.8
  8.96,  744.3,  -16.25, 167.8
  8.98,  746.1,  -16.38, 167.8
  9.00,  747.7,  -16.50, 167.8
  9.02,  749.5,  -16.38, 167.8
  9.04,  751.2,  -16.38, 167.8
  9.06,  752.9,  -16.38, 167.8
  9.08,  754.7,  -16.25, 167.8
  9.10,  756.3,  -16.25, 167.8
  9.12,  758.1,  -16.13, 167.8
  9.14,  759.7,  -16.13, 167.8
  9.16,  761.4,  -16.25, 167.8
  9.18,  763.1,  -16.25, 167.8
  9.20,  764.8,  -16.25, 167.8
  9.22,  766.5,  -16.25, 167.8
  9.24,  768.1,  -16.13, 167.8
  9.26,  769.9,  -16.00, 167.8
  9.28,  771.5,  -16.00, 167.8
  9.30,  773.2,  -15.88, 167.8
  9.32,  774.9,  -15.75, 167.8
  9.34,  776.5,  -15.88, 167.8
  9.36,  778.2,  -15.75, 167.8
  9.38,  779.9,  -15.75, 167.8
  9.40,  781.5,  -15.75, 167.8
  9.42,  783.3,  -15.63, 167.8
  9.44,  784.9,  -15.50, 167.8
  9.46,  786.5,  -15.63, 167.8
  9.48,  788.1,  -15.50, 167.8
  9.50,  789.7,  -15.63, 167.8
  9.52,  791.3,  -15.63, 167.8
  9.54,  792.9,  -15.63, 167.8
  9.56,  794.5,  -15.63, 167.8
  9.58,  796.1,  -15.75, 167.8
  9.60,  797.7,  -15.75, 167.8
  9.62,  799.3,  -15.75, 167.8
  9.64,  800.9,  -15.75, 167.8
  9.66,  802.5,  -15.63, 167.8
  9.68,  804.3,  -15.63, 167.8
  9.70,  805.9,  -15.63, 167.8
  9.72,  807.5,  -15.63, 167.8
  9.74,  809.1,  -15.75, 167.8
  9.76,  810.7,  -15.63, 167.8
  9.78,  812.3,  -15.63, 167.8
  9.80,  813.9,  -15.75, 167.8
  9.82,  815.5,  -15.75, 167.8
  9.84,  817.1,  -15.75, 167.8
  9.86,  818.7,  -15.88, 167.8
  9.88,  820.3,  -15.88, 167.8
  9.90,  821.9,  -15.88, 167.8
  9.92,  823.6,  -16.00, 167.8
  9.94,  825.3,  -16.00, 167.8
  9.96,  827.1,  -16.13, 167.8
  9.98,  828.7,  -16.25, 167.8
 10.00,  830.3,  -16.25, 167.8
 10.02,  831.9,  -16.25, 182.8
 10.04,  833.6,  -16.38, 182.8
 10.06,  835.3,  -16.38, 182.8
 10.08,  837.1,  -16.38, 182.8
 10.10,  838.7,  -16.38, 182.8
 10.12,  840.3,  -16.38, 182.8
 10.14,  841.9,  -16.50, 182.8
 10.16,  843.6,  -16.75, 182.8
 10.18,  845.4,  -16.63, 182.8
 10.20,  847.1,  -16.75, 182.8
 10.22,  848.7,  -16.88, 182.8
 10.24,  850.3,  -16.75, 182.8
 10.26,  852.1,  -16.88, 182.8
 10.28,  853.9,  -16.88, 182.8
 10.30,  855.5,  -17.00, 182.8
 10.32,  857.1,  -17.13, 182.8
 10.34,  859.0,  -17.13, 182.8
 10.36,  860.7,  -17.13, 182.8
 10.38,  862.3,  -17.13, 182.8
 10.40,  863.9,  -17.13, 182.8
 10.42,  865.7,  -17.13, 182.8
 10.44,  867.3,  -17.25, 182.8
 10.46,  868.9,  -17.25, 182.8
 10.48,  870.8,  -17.25, 182.8
 10.50,  872.5,  -17.25, 182.8
 10.52,  874.1,  -17.25, 182.8
 10.54,  875.9,  -17.13, 182.8
 10.56,  877.6,  -17.25, 182.8
 10.58,  879.3,  -17.13, 182.8
 10.60,  880.9,  -17.13, 182.8
 10.62,  882.7,  -17.25, 182.8
 10.64,  884.4,  -17.38, 182.8
 10.66,  886.1,  -17.25, 182.8
 10.68,  887.7,  -17.25, 182.8
 10.70,  889.5,  -17.13, 182.8
 10.72,  891.2,  -17.00, 182.8
 10.74,  892.9,  -17.00, 182.8
 10.76,  894.5,  -16.88, 182.8
 10.78,  896.3,  -16.88, 182.8
 10.80,  898.1,  -16.88, 182.8
 10.82,  899.8,  -17.00, 182.8
 10.84,  901.4,  -17.00, 182.8
 10.86,  903.0,  -17.00, 182.8
 10.88,  904.7,  -16.88, 182.8
 10.90,  906.4,  -16.88, 182.8
 10.92,  908.0,  -16.88, 182.8
 10.94,  909.6,  -16.75, 182.8
 10.96,  911.3,  -16.75, 182.8
 10.98,  913.0,  -16.75, 182.8
 11.00,  914.6,  -16.63, 182.8
 11.02,  916.2,  -16.50, 182.8
 11.04,  917.8,  -16.63, 182.8
 11.06,  919.6,  -16.50, 182.8
 11.08,  921.0,  -16.50, 182.8
 11.10,  922.5,  -16.50, 182.8
 11.12,  924.1,  -16.38, 182.8
 11.14,  925.7,  -16.38, 182.8
 11.16,  927.3,  -16.50, 182.8
 11.18,  928.9,  -16.38, 182.8
 11.20,  930.5,  -16.38, 182.8
 11.22,  932.1,  -16.38, 182.8
 11.24,  933.7,  -16.38, 182.8
 11.26,  935.3,  -16.38, 182.8
 11.28,  936.9,  -16.50, 182.8
 11.30,  938.5,  -16.38, 182.8
 11.32,  940.1,  -16.50, 182.8
 11.34,  941.7,  -16.50, 182.8
 11.36,  943.4,  -16.50, 182.8
 11.38,  945.0,  -16.63, 182.8
 11.40,  946.6,  -16.75, 182.8
 11.42,  948.3,  -16.75, 182.8
 11.44,  949.9,  -16.88, 182.8
 11.46,  951.5,  -16.88, 182.8
 11.48,  953.1,  -16.88, 182.8
 11.50,  954.7,  -17.00, 182.8
 11.52,  956.3,  -17.00, 182.8
 11.54,  958.0,  -17.00, 182.8
 11.56,  959.7,  -17.00, 182.8
 11.58,  961.3,  -17.00, 182.8
 11.60,  962.9,  -17.00, 182.8
 11.62,  964.6,  -17.13, 182.8
 11.64,  966.3,  -17.25, 182.8
 11.66,  967.9,  -17.38, 182.8
 11.68,  969.5,  -17.50, 182.8
 11.70,  971.2,  -17.63, 182.8
 11.72,  973.0,  -17.50, 182.8
 11.74,  974.7,  -17.63, 182.8
 11.76,  976.3,  -17.50, 182.8
 11.78,  977.9,  -17.50, 182.8
 11.80,  979.7,  -17.75, 182.8
 11.82,  981.5,  -17.88, 182.8
 11.84,  983.1,  -17.88, 182.8
 11.86,  984.7,  -18.00, 182.8
 11.88,  986.5,  -18.00, 182.8
 11.90,  988.3,  -17.88, 182.8
 11.92,  989.9,  -17.88, 182.8
 11.94,  991.5,  -17.88, 182.8
 11.96,  993.3,  -18.00, 182.8
 11.98,  995.1,  -18.13, 182.8
 12.00,  996.7,  -18.13, 182.8
 12.02,  998.3,  -18.00, 182.8
 12.04, 1000.2,  -18.00, 182.8
 12.06, 1001.9,  -18.00, 182.8
 12.08, 1003.5,  -18.13, 182.8
 12.10, 1005.3,  -18.25, 182.8
 12.12, 1007.1,  -18.25, 182.8
 12.14, 1008.7,  -18.13, 182.8
 12.16, 1010.5,  -18.13, 182.8
 12.18, 1012.2,  -18.00, 182.8
 12.20, 1013.8,  -18.00, 182.8
 12.22, 1015.5,  -18.00, 182.8
 12.24, 1017.2,  -17.88, 182.8
 12.26, 1019.0,  -18.00, 182.8
 12.28, 1020.6,  -18.13, 182.8
 12.30, 1022.3,  -18.00, 182.8
 12.32, 1024.1,  -18.00, 182.8
 12.34, 1025.8,  -18.00, 182.8
 12.36, 1027.4,  -17.75, 182.8
 12.38, 1029.0,  -17.75, 182.8
 12.40, 1030.8,  -17.75, 182.8
 12.42, 1032.6,  -17.63, 170.7
 12.44, 1034.2,  -17.63, 170.7
 12.46, 1035.8,  -17.75, 170.7
 12.48, 1037.5,  -17.75, 170.7
 12.50, 1039.2,  -17.75, 170.7
 12.52, 1041.0,  -17.75, 170.7
 12.54, 1042.6,  -17.63, 170.7
 12.56, 1044.2,  -17.63, 170.7
 12.58, 1045.8,  -17.63, 170.7
 12.60, 1047.5,  -17.50, 170.7
 12.62, 1049.2,  -17.50, 170.7
 12.64, 1050.8,  -17.50, 170.7
 12.66, 1052.4,  -17.38, 170.7
 12.68, 1054.1,  -17.38, 170.7
 12.70, 1055.7,  -17.38, 170.7
 12.72, 1057.4,  -17.25, 170.7
 12.74, 1059.0,  -17.25, 170.7
 12.76, 1060.6,  -17.25, 170.7
 12.78, 1062.2,  -17.25, 170.7
 12.80, 1063.9,  -17.25, 170.7
 12.82, 1065.6,  -17.38, 170.7
 12.84, 1067.2,  -17.25, 170.7
 12.86, 1068.8,  -17.38, 170.7
 12.88, 1070.5,  -17.50, 170.7
 12.90, 1072.2,  -17.38, 170.7
 12.92, 1073.8,  -17.50, 170.7
 12.94, 1075.4,  -17.50, 170.7
 12.96, 1077.0,  -17.50, 170.7
 12.98, 1078.6,  -17.63, 170.7
 13.00, 1080.2,  -17.63, 170.7
 13.02, 1081.9,  -17.63, 170.7
 13.04, 1083.5,  -17.63, 170.7
 13.06, 1085.2,  -17.63, 170.7
 13.08, 1086.8,  -17.63, 170.7
 13.10, 1088.5,  -17.75, 170.7
 13.12, 1090.1,  -17.75, 170.7
 13.14, 1091.8,  -17.88, 170.7
 13.16, 1093.5,  -18.00, 170.7
 13.18, 1095.2,  -18.00, 170.7
 13.20, 1096.8,  -18.00, 170.7
 13.22, 1098.5,  -18.13, 170.7
 13.24, 1100.2,  -18.13, 170.7
 13.26, 1101.9,  -18.00, 170.7
 13.28, 1103.6,  -18.13, 170.7
 13.30, 1105.2,  -18.25, 170.7
 13.32, 1106.9,  -18.38, 170.7
 13.34, 1108.6,  -18.50, 170.7
 13.36, 1110.4,  -18.50, 170.7
 13.38, 1112.0,  -18.38, 170.7
 13.40, 1113.7,  -18.50, 170.7
 13.42, 1115.3,  -18.50, 170.7
 13.44, 1117.1,  -18.63, 170.7
 13.46, 1118.7,  -18.88, 170.7
 13.48, 1120.4,  -18.75, 170.7
 13.50, 1122.2,  -18.75, 170.7
 13.52, 1123.8,  -18.75, 170.7
 13.54, 1125.6,  -18.75, 170.7
 13.56, 1127.4,  -18.88, 170.7
 13.58, 1129.0,  -19.00, 170.7
 13.60, 1130.8,  -18.88, 170.7
 13.62, 1132.6,  -18.88, 170.7
 13.64, 1134.2,  -18.88, 170.7
 13.66, 1136.0,  -18.75, 170.7
 13.68, 1137.8,  -18.75, 170.7
 13.70, 1139.4,  -19.00, 170.7
 13.72, 1141.1,  -18.88, 170.7
 13.74, 1142.9,  -19.00, 170.7
 13.76, 1144.6,  -19.00, 170.7
 13.78, 1146.2,  -18.88, 170.7
 13.80, 1148.0,  -18.75, 170.7
 13.82, 1149.8,  -18.88, 170.7
 13.84, 1151.4,  -18.88, 170.7
 13.86, 1153.1,  -18.88, 170.7
 13.88, 1155.0,  -18.88, 170.7
 13.90, 1156.6,  -18.75, 170.7
 13.92, 1158.2,  -18.75, 170.7
 13.94, 1160.0,  -18.63, 170.7
 13.96, 1161.8,  -18.50, 170.7
 13.98, 1163.4,  -18.50, 170.7
 14.00, 1165.0,  -18.50, 170.7
 14.02, 1166.7,  -18.38, 170.7
 14.04, 1168.5,  -18.38, 170.7
 14.06, 1170.2,  -18.50, 170.7
 14.08, 1171.8,  -18.38, 170.7
 14.10, 1173.4,  -18.38, 170.7
 14.12, 1175.0,  -18.50, 170.7
 14.14, 1176.7,  -18.38, 170.7
 14.16, 1178.4,  -18.38, 170.7
 14.18, 1180.0,  -18.50, 170.7
 14.20, 1181.8,  -18.38, 170.7
 14.22, 1183.4,  -18.25, 170.7
 14.24, 1185.0,  -18.25, 170.7
 14.26, 1186.6,  -18.13, 170.7
 14.28, 1188.2,  -18.13, 170.7
 14.30, 1189.8,  -18.13, 170.7
 14.32, 1191.5,  -18.13, 170.7
 14.34, 1193.2,  -18.13, 170.7
 14.36, 1194.9,  -18.13, 170.7
 14.38, 1196.6,  -18.13, 170.7
 14.40, 1198.2,  -18.00, 170.7
 14.42, 1199.8,  -18.13, 170.7
 14.44, 1201.4,  -18.13, 170.7
 14.46, 1203.0,  -18.13, 170.7
 14.48, 1204.6,  -18.25, 170.7
 14.50, 1206.2,  -18.25, 170.7
 14.52, 1207.8,  -18.38, 170.7
 14.54, 1209.4,  -18.50, 170.7
 14.56, 1211.0,  -18.38, 170.7
 14.58, 1212.7,  -18.50, 170.7
 14.60, 1214.4,  -18.50, 170.7
 14.62, 1216.0,  -18.50, 170.7
 14.64, 1217.8,  -18.50, 170.7
 14.66, 1219.4,  -18.50, 170.7
 14.68, 1221.0,  -18.50, 170.7
 14.70, 1222.6,  -18.50, 170.7
 14.72, 1224.2,  -18.75, 170.7
 14.74, 1225.8,  -18.75, 170.7
 14.76, 1227.6,  -18.75, 170.7
 14.78, 1229.3,  -19.00, 170.7
 14.80, 1231.0,  -19.00, 170.7
 14.82, 1232.6,  -19.00, 172.3
 14.84, 1234.2,  -19.13, 172.3
 14.86, 1235.8,  -19.00, 172.3
 14.88, 1237.6,  -19.00, 172.3
 14.90, 1239.3,  -19.13, 172.3
 14.92, 1241.0,  -19.13, 172.3
 14.94, 1242.6,  -19.38, 172.3
 14.96, 1244.4,  -19.50, 172.3
 14.98, 1246.1,  -19.50, 172.3
 15.00, 1247.8,  -19.50, 172.3
 15.02, 1249.4,  -19.50, 172.3
 15.04, 1251.2,  -19.50, 172.3
 15.06, 1252.9,  -19.50, 172.3
 15.08, 1254.6,  -19.63, 172.3
 15.10, 1256.2,  -19.63, 172.3
 15.12, 1258.0,  -19.75, 172.3
 15.14, 1259.8,  -19.75, 172.3
 15.16, 1261.4,  -19.63, 172.3
 15.18, 1263.2,  -19.63, 172.3
 15.20, 1264.8,  -19.75, 172.3
 15.22, 1266.6,  -19.75, 172.3
 15.24, 1268.2,  -19.88, 172.3
 15.26, 1270.0,  -19.88, 172.3
 15.28, 1271.8,  -19.88, 172.3
 15.30, 1273.4,  -19.75, 172.3
 15.32, 1275.2,  -19.75, 172.3
 15.34, 1276.8,  -19.63, 172.3
 15.36, 1278.6,  -19.63, 172.3
 15.38, 1280.2,  -19.75, 172.3
 15.40, 1281.9,  -19.75, 172.3
 15.42, 1283.6,  -19.75, 172.3
 15.44, 1285.3,  -19.75, 172.3
 15.46, 1287.0,  -19.75, 172.3
 15.48, 1288.7,  -19.63, 172.3
 15.50, 1290.3,  -19.63, 172.3
 15.52, 1292.0,  -19.50, 172.3
 15.54, 1293.7,  -19.38, 172.3
 15.56, 1295.4,  -19.50, 172.3
 15.58, 1297.1,  -19.38, 172.3
 15.60, 1298.7,  -19.38, 172.3
 15.62, 1300.3,  -19.50, 172.3
 15.64, 1302.1,  -19.50, 172.3
 15.66, 1303.8,  -19.50, 172.3
 15.68, 1305.4,  -19.50, 172.3
 15.70, 1307.1,  -19.38, 172.3
 15.72, 1308.7,  -19.38, 172.3
 15.74, 1310.3,  -19.38, 172.3
 15.76, 1311.9,  -19.25, 172.3
 15.78, 1313.7,  -19.25, 172.3
 15.80, 1315.3,  -19.25, 172.3
 15.82, 1317.0,  -19.13, 172.3
 15.84, 1318.6,  -19.13, 172.3
 15.86, 1320.3,  -19.13, 172.3
 15.88, 1321.9,  -19.13, 172.3
 15.90, 1323.5,  -19.00, 172.3
 15.92, 1325.1,  -19.13, 172.3
 15.94, 1326.7,  -19.00, 172.3
 15.96, 1328.3,  -19.00, 172.3
 15.98, 1329.9,  -19.13, 172.3
 16.00, 1331.5,  -19.13, 172.3
 16.02, 1333.1,  -19.13, 172.3
 16.04, 1334.9,  -19.25, 172.3
 16.06, 1336.6,  -19.25, 172.3
 16.08, 1338.2,  -19.25, 172.3
 16.10, 1339.8,  -19.38, 172.3
 16.12, 1341.3,  -19.38, 172.3
 16.14, 1342.9,  -19.38, 172.3
 16.16, 1344.5,  -19.50, 172.3
 16.18, 1346.1,  -19.50, 172.3
 16.20, 1347.7,  -19.50, 172.3
 16.22, 1349.3,  -19.50, 172.3
 16.24, 1350.9,  -19.50, 172.3
 16.26, 1352.7,  -19.38, 172.3
 16.28, 1354.3,  -19.50, 172.3
 16.30, 1356.0,  -19.63, 172.3
 16.32, 1357.7,  -19.63, 172.3
 16.34, 1359.3,  -19.88, 172.3
 16.36, 1360.9,  -20.00, 172.3
 16.38, 1362.7,  -20.00, 172.3
 16.40, 1364.4,  -20.00, 172.3
 16.42, 1366.1,  -20.00, 172.3
 16.44, 1367.7,  -19.88, 172.3
 16.46, 1369.3,  -20.00, 172.3
 16.48, 1371.1,  -20.13, 172.3
 16.50, 1372.9,  -20.25, 172.3
 16.52, 1374.5,  -20.38, 172.3
 16.54, 1376.1,  -20.38, 172.3
 16.56, 1377.9,  -20.25, 172.3
 16.58, 1379.7,  -20.25, 172.3
 16.60, 1381.3,  -20.38, 172.3
 16.62, 1382.9,  -20.38, 172.3
 16.64, 1384.7,  -20.63, 172.3
 16.66, 1386.5,  -20.63, 172.3
 16.68, 1388.1,  -20.50, 172.3
 16.70, 1389.9,  -20.50, 172.3
 16.72, 1391.7,  -20.50, 172.3
 16.74, 1393.3,  -20.63, 172.3
 16.76, 1395.1,  -20.75, 172.3
 16.78, 1396.9,  -20.75, 172.3
 16.80, 1398.5,  -20.63, 172.3
 16.82, 1400.3,  -20.63, 172.3
 16.84, 1402.1,  -20.63, 172.3
 16.86, 1403.7,  -20.50, 172.3
 16.88, 1405.5,  -20.75, 172.3
 16.90, 1407.3,  -20.75, 172.3
 16.92, 1408.9,  -20.63, 172.3
 16.94, 1410.7,  -20.63, 172.3
 16.96, 1412.4,  -20.50, 172.3
 16.98, 1414.1,  -20.50, 172.3
 17.00, 1415.7,  -20.50, 172.3
 17.02, 1417.5,  -20.50, 172.3
 17.04, 1419.2,  -20.50, 172.3
 17.06, 1420.9,  -20.63, 172.3
 17.08, 1422.6,  -20.50, 172.3
 17.10, 1424.3,  -20.38, 172.3
 17.12, 1426.1,  -20.38, 172.3
 17.14, 1427.7,  -20.38, 172.3
 17.16, 1429.4,  -20.13, 172.3
 17.18, 1431.1,  -20.25, 172.3
 17.20, 1432.8,  -20.25, 172.3
 17.22, 1434.5,  -20.13, 167.8
 17.24, 1436.2,  -20.13, 167.8
 17.26, 1437.9,  -20.25, 167.8
 17.28, 1439.5,  -20.13, 167.8
 17.30, 1441.2,  -20.13, 167.8
 17.32, 1442.9,  -20.13, 167.8
 17.34, 1444.5,  -20.13, 167.8
 17.36, 1446.1,  -20.00, 167.8
 17.38, 1447.8,  -20.00, 167.8
 17.40, 1449.5,  -19.88, 167.8
 17.42, 1451.1,  -19.88, 167.8
 17.44, 1452.8,  -19.88, 167.8
 17.46, 1454.4,  -19.88, 167.8
 17.48, 1456.0,  -19.88, 167.8
 17.50, 1457.7,  -20.00, 167.8
 17.52, 1459.4,  -19.88, 167.8
 17.54, 1461.1,  -19.88, 167.8
 17.56, 1462.7,  -20.00, 167.8
 17.58, 1464.3,  -20.00, 167.8
 17.60, 1466.0,  -20.00, 167.8
 17.62, 1467.7,  -20.13, 167.8
 17.64, 1469.3,  -20.00, 167.8
 17.66, 1470.9,  -20.00, 167.8
 17.68, 1472.6,  -20.13, 167.8
 17.70, 1474.3,  -20.00, 167.8
 17.72, 1475.9,  -20.00, 167.8
 17.74, 1477.5,  -20.13, 167.8
 17.76, 1479.1,  -20.13, 167.8
 17.78, 1480.8,  -20.13, 167.8
 17.80, 1482.4,  -20.38, 167.8
 17.82, 1484.1,  -20.38, 167.8
 17.84, 1485.9,  -20.50, 167.8
 17.86, 1487.5,  -20.50, 167.8
 17.88, 1489.1,  -20.50, 167.8
 17.90, 1490.9,  -20.50, 167.8
 17.92, 1492.6,  -20.63, 167.8
 17.94, 1494.3,  -20.63, 167.8
 17.96, 1495.9,  -20.63, 167.8
 17.98, 1497.6,  -20.88, 167.8
 18.00, 1499.3,  -20.88, 167.8
 18.02, 1501.1,  -20.88, 167.8
 18.04, 1502.7,  -21.00, 167.8
 18.06, 1504.4,  -20.88, 167.8
 18.08, 1506.1,  -20.88, 167.8
 18.10, 1507.9,  -21.13, 167.8
 18.12, 1509.5,  -21.13, 167.8
 18.14, 1511.2,  -21.13, 167.8
 18.16, 1513.0,  -21.25, 167.8
 18.18, 1514.7,  -21.25, 167.8
 18.20, 1516.3,  -21.13, 167.8
 18.22, 1518.2,  -21.38, 167.8
 18.24, 1519.9,  -21.50, 167.8
 18.26, 1521.5,  -21.38, 167.8
 18.28, 1523.5,  -21.50, 167.8
 18.30, 1525.1,  -21.38, 167.8
 18.32, 1526.8,  -21.25, 167.8
 18.34, 1528.7,  -21.38, 167.8
 18.36, 1530.3,  -21.50, 167.8
 18.38, 1531.9,  -21.50, 167.8
 18.40, 1533.7,  -21.50, 167.8
 18.42, 1535.5,  -21.50, 167.8
 18.44, 1537.1,  -21.38, 167.8
 18.46, 1538.9,  -21.38, 167.8
 18.48, 1540.7,  -21.38, 167.8
 18.50, 1542.3,  -21.38, 167.8
 18.52, 1543.9,  -21.50, 167.8
 18.54, 1545.8,  -21.50, 167.8
 18.56, 1547.5,  -21.38, 167.8
 18.58, 1549.1,  -21.38, 167.8
 18.60, 1550.9,  -21.25, 167.8
 18.62, 1552.7,  -21.13, 167.8
 18.64, 1554.3,  -21.25, 167.8
 18.66, 1555.9,  -21.25, 167.8
 18.68, 1557.7,  -21.13, 167.8
 18.70, 1559.5,  -21.13, 167.8
 18.72, 1561.1,  -21.25, 167.8
 18.74, 1562.7,  -21.13, 167.8
 18.76, 1564.4,  -21.13, 167.8
 18.78, 1566.1,  -21.13, 167.8
 18.80, 1567.8,  -21.00, 167.8
 18.82, 1569.5,  -21.00, 167.8
 18.84, 1571.1,  -21.00, 167.8
 18.86, 1572.7,  -20.88, 167.8
 18.88, 1574.3,  -20.88, 167.8
 18.90, 1575.9,  -20.88, 167.8
 18.92, 1577.7,  -20.88, 167.8
 18.94, 1579.4,  -20.88, 167.8
 18.96, 1581.1,  -20.88, 167.8
 18.98, 1582.7,  -20.75, 167.8
 19.00, 1584.3,  -20.75, 167.8
 19.02, 1585.9,  -20.88, 167.8
 19.04, 1587.5,  -20.88, 167.8
 19.06, 1589.2,  -20.88, 167.8
 19.08, 1590.9,  -20.88, 167.8
 19.10, 1592.5,  -20.88, 167.8
 19.12, 1594.1,  -20.88, 167.8
 19.14, 1595.6,  -21.00, 167.8
 19.16, 1597.2,  -21.00, 167.8
 19.18, 1598.9,  -21.00, 167.8
 19.20, 1600.6,  -21.00, 167.8
 19.22, 1602.2,  -21.00, 167.8
 19.24, 1603.8,  -20.88, 167.8
 19.26, 1605.4,  -21.00, 167.8
 19.28, 1607.0,  -21.00, 167.8
 19.30, 1608.6,  -21.00, 167.8
 19.32, 1610.4,  -21.13, 167.8
 19.34, 1612.0,  -21.13, 167.8
 19.36, 1613.7,  -21.13, 167.8
 19.38, 1615.4,  -21.38, 167.8
 19.40, 1617.0,  -21.50, 167.8
 19.42, 1618.6,  -21.38, 167.8
 19.44, 1620.4,  -21.50, 167.8
 19.46, 1621.9,  -21.63, 167.8
 19.48, 1623.5,  -21.50, 167.8
 19.50, 1625.2,  -21.50, 167.8
 19.52, 1626.9,  -21.63, 167.8
 19.54, 1628.5,  -21.63, 167.8
 19.56, 1630.2,  -21.75, 167.8
 19.58, 1631.9,  -21.88, 167.8
 19.60, 1633.5,  -21.88, 167.8
 19.62, 1635.3,  -22.00, 172.3
 19.64, 1636.9,  -22.00, 172.3
 19.66, 1638.7,  -21.88, 172.3
 19.68, 1640.3,  -22.00, 172.3
 19.70, 1642.1,  -22.13, 172.3
 19.72, 1643.7,  -22.13, 172.3
 19.74, 1645.5,  -22.25, 172.3
 19.76, 1647.3,  -22.38, 172.3
 19.78, 1648.9,  -22.13, 172.3
 19.80, 1650.7,  -22.13, 172.3
 19.82, 1652.3,  -22.25, 172.3
 19.84, 1654.1,  -22.25, 172.3
 19.86, 1655.8,  -22.38, 172.3
 19.88, 1657.5,  -22.50, 172.3
 19.90, 1659.1,  -22.50, 172.3
 19.92, 1660.9,  -22.38, 172.3
 19.94, 1662.6,  -22.38, 172.3
 19.96, 1664.3,  -22.38, 172.3
 19.98, 1666.0,  -22.38, 172.3
 20.00, 1667.7,  -22.50, 172.3
 20.02, 1669.5,  -22.50, 172.3
 20.04, 1671.1,  -22.50, 172.3
 20.06, 1673.0,  -22.50, 172.3
 20.08, 1674.7,  -22.25, 172.3
 20.10, 1676.3,  -22.13, 172.3
 20.12, 1678.1,  -22.25, 172.3
 20.14, 1679.8,  -22.25, 172.3
 20.16, 1681.5,  -22.25, 172.3
 20.18, 1683.1,  -22.38, 172.3
 20.20, 1684.9,  -22.38, 172.3
 20.22, 1686.6,  -22.25, 172.3
 20.24, 1688.3,  -22.25, 172.3
 20.26, 1689.9,  -22.25, 172.3
 20.28, 1691.5,  -22.00, 172.3
 20.30, 1693.2,  -22.00, 172.3
 20.32, 1694.9,  -22.00, 172.3
 20.34, 1696.6,  -21.88, 172.3
 20.36, 1698.3,  -21.88, 172.3
 20.38, 1699.9,  -22.00, 172.3
 20.40, 1701.5,  -22.00, 172.3
 20.42, 1703.3,  -22.00, 172.3
 20.44, 1705.0,  -22.00, 172.3
 20.46, 1706.6,  -22.00, 172.3
 20.48, 1708.3,  -21.88, 172.3
 20.50, 1709.9,  -22.00, 172.3
 20.52, 1711.5,  -21.88, 172.3
 20.54, 1713.1,  -21.88, 172.3
 20.56, 1714.8,  -21.88, 172.3
 20.58, 1716.5,  -21.75, 172.3
 20.60, 1718.1,  -21.75, 172.3
 20.62, 1719.8,  -21.75, 172.3
 20.64, 1721.5,  -21.75, 172.3
 20.66, 1723.1,  -21.63, 172.3
 20.68, 1724.7,  -21.75, 172.3
 20.70, 1726.3,  -21.75, 172.3
 20.72, 1727.9,  -21.75, 172.3
 20.74, 1729.5,  -21.88, 172.3
 20.76, 1731.1,  -22.00, 172.3
 20.78, 1732.8,  -22.00, 172.3
 20.80, 1734.4,  -22.13, 172.3
 20.82, 1736.1,  -22.13, 172.3
 20.84, 1737.7,  -22.00, 172.3
 20.86, 1739.3,  -22.13, 172.3
 20.88, 1740.9,  -22.13, 172.3
 20.90, 1742.5,  -22.00, 172.3
 20.92, 1744.3,  -22.13, 172.3
 20.94, 1746.0,  -22.13, 172.3
 20.96, 1747.7,  -22.13, 172.3
 20.98, 1749.3,  -22.25, 172.3
 21.00, 1750.9,  -22.50, 172.3
 21.02, 1752.5,  -22.50, 172.3
 21.04, 1754.3,  -22.50, 172.3
 21.06, 1756.0,  -22.50, 172.3
 21.08, 1757.7,  -22.50, 172.3
 21.10, 1759.3,  -22.50, 172.3
 21.12, 1761.0,  -22.63, 172.3
 21.14, 1762.7,  -22.75, 172.3
 21.16, 1764.5,  -22.88, 172.3
 21.18, 1766.1,  -22.88, 172.3
 21.20, 1767.9,  -22.75, 172.3
 21.22, 1769.7,  -22.75, 172.3
 21.24, 1771.3,  -22.88, 172.3
 21.26, 1773.0,  -23.00, 172.3
 21.28, 1774.8,  -23.00, 172.3
 21.30, 1776.5,  -23.13, 172.3
 21.32, 1778.2,  -23.00, 172.3
 21.34, 1779.9,  -23.00, 172.3
 21.36, 1781.7,  -23.00, 172.3
 21.38, 1783.4,  -23.13, 172.3
 21.40, 1785.1,  -23.13, 172.3
 21.42, 1786.9,  -23.25, 172.3
 21.44, 1788.6,  -23.13, 172.3
 21.46, 1790.3,  -23.00, 172.3
 21.48, 1792.1,  -23.25, 172.3
 21.50, 1793.8,  -23.25, 172.3
 21.52, 1795.6,  -23.25, 172.3
 21.54, 1797.3,  -23.25, 172.3
 21.56, 1799.1,  -23.13, 172.3
 21.58, 1800.8,  -23.00, 172.3
 21.60, 1802.5,  -23.13, 172.3
 21.62, 1804.3,  -23.25, 172.3
 21.64, 1806.0,  -23.13, 172.3
 21.66, 1807.7,  -23.13, 172.3
 21.68, 1809.5,  -23.13, 172.3
 21.70, 1811.2,  -23.00, 172.3
 21.72, 1812.9,  -23.00, 172.3
 21.74, 1814.6,  -23.00, 172.3
 21.76, 1816.3,  -22.88, 172.3
 21.78, 1818.0,  -23.00, 172.3
 21.80, 1819.7,  -23.00, 172.3
 21.82, 1821.5,  -23.00, 172.3
 21.84, 1823.1,  -22.88, 172.3
 21.86, 1824.8,  -22.88, 172.3
 21.88, 1826.5,  -22.75, 172.3
 21.90, 1828.3,  -22.75, 172.3
 21.92, 1829.9,  -22.75, 172.3
 21.94, 1831.6,  -22.75, 172.3
 21.96, 1833.3,  -22.63, 172.3
 21.98, 1835.0,  -22.75, 172.3
 22.00, 1836.7,  -22.75, 172.3
 22.02, 1838.3,  -22.63, 167.8
 22.04, 1840.0,  -22.75, 167.8
 22.06, 1841.7,  -22.75, 167.8
 22.08, 1843.3,  -22.63, 167.8
 22.10, 1845.0,  -22.63, 167.8
 22.12, 1846.7,  -22.63, 167.8
 22.14, 1848.3,  -22.50, 167.8
 22.16, 1849.9,  -22.50, 167.8
 22.18, 1851.5,  -22.50, 167.8
 22.20, 1853.1,  -22.50, 167.8
 22.22, 1854.8,  -22.50, 167.8
 22.24, 1856.5,  -22.63, 167.8
 22.26, 1858.2,  -22.63, 167.8
 22.28, 1859.9,  -22.75, 167.8
 22.30, 1861.5,  -22.88, 167.8
 22.32, 1863.1,  -22.75, 167.8
 22.34, 1864.8,  -22.75, 167.8
 22.36, 1866.5,  -22.88, 167.8
 22.38, 1868.2,  -22.75, 167.8
 22.40, 1869.9,  -22.75, 167.8
 22.42, 1871.5,  -22.75, 167.8
 22.44, 1873.1,  -22.75, 167.8
 22.46, 1874.7,  -22.75, 167.8
 22.48, 1876.4,  -22.88, 167.8
 22.50, 1878.1,  -23.00, 167.8
 22.52, 1879.9,  -23.13, 167.8
 22.54, 1881.5,  -23.25, 167.8
 22.56, 1883.1,  -23.25, 167.8
 22.58, 1884.7,  -23.13, 167.8
 22.60, 1886.5,  -23.25, 167.8
 22.62, 1888.3,  -23.25, 167.8
 22.64, 1889.9,  -23.38, 167.8
 22.66, 1891.5,  -23.50, 167.8
 22.68, 1893.3,  -23.50, 167.8
 22.70, 1895.1,  -23.50, 167.8
 22.72, 1896.7,  -23.50, 167.8
 22.74, 1898.4,  -23.50, 167.8
 22.76, 1900.3,  -23.50, 167.8
 22.78, 1901.9,  -23.63, 167.8
 22.80, 1903.5,  -23.75, 167.8
 22.82, 1905.3,  -23.75, 167.8
 22.84, 1907.1,  -23.75, 167.8
 22.86, 1908.7,  -23.75, 167.8
 22.88, 1910.5,  -23.75, 167.8
 22.90, 1912.3,  -23.75, 167.8
 22.92, 1913.9,  -24.00, 167.8
 22.94, 1915.5,  -24.00, 167.8
 22.96, 1917.4,  -23.88, 167.8
 22.98, 1919.1,  -24.00, 167.8
 23.00, 1920.7,  -24.00, 167.8
 23.02, 1922.5,  -24.00, 167.8
 23.04, 1924.3,  -24.13, 167.8
 23.06, 1925.9,  -24.13, 167.8
 23.08, 1927.8,  -24.00, 167.8
 23.10, 1929.5,  -24.00, 167.8
 23.12, 1931.1,  -24.00, 167.8
 23.14, 1932.9,  -23.88, 167.8
 23.16, 1934.7,  -23.88, 167.8
 23.18, 1936.3,  -24.00, 167.8
 23.20, 1938.0,  -24.00, 167.8
 23.22, 1939.8,  -24.00, 167.8
 23.24, 1941.5,  -24.00, 167.8
 23.26, 1943.1,  -23.88, 167.8
 23.28, 1944.9,  -23.75, 167.8
 23.30, 1946.5,  -23.75, 167.8
 23.32, 1948.3,  -23.75, 167.8
 23.34, 1949.9,  -23.63, 167.8
 23.36, 1951.5,  -23.75, 167.8
 23.38, 1953.3,  -23.75, 167.8
 23.40, 1955.1,  -23.75, 167.8
 23.42, 1956.6,  -23.75, 167.8
 23.44, 1958.2,  -23.75, 167.8
 23.46, 1959.9,  -23.63, 167.8
 23.48, 1961.6,  -23.75, 167.8
 23.50, 1963.3,  -23.63, 167.8
 23.52, 1965.0,  -23.63, 167.8
 23.54, 1966.6,  -23.63, 167.8
 23.56, 1968.2,  -23.50, 167.8
 23.58, 1969.8,  -23.38, 167.8
 23.60, 1971.5,  -23.50, 167.8
 23.62, 1973.2,  -23.50, 167.8
 23.64, 1974.8,  -23.38, 167.8
 23.66, 1976.4,  -23.38, 167.8
 23.68, 1978.1,  -23.50, 167.8
 23.70, 1979.8,  -23.38, 167.8
 23.72, 1981.4,  -23.50, 167.8
 23.74, 1983.0,  -23.50, 167.8
 23.76, 1984.6,  -23.50, 167.8
 23.78, 1986.2,  -23.50, 167.8
 23.80, 1987.9,  -23.63, 167.8
 23.82, 1989.6,  -23.63, 167.8
 23.84, 1991.2,  -23.63, 167.8
 23.86, 1992.7,  -23.75, 167.8
 23.88, 1994.4,  -23.75, 167.8
 23.90, 1996.1,  -23.63, 167.8
 23.92, 1997.7,  -23.75, 167.8
 23.94, 1999.3,  -23.75, 167.8
 23.96, 2000.9,  -23.63, 167.8
 23.98, 2002.6,  -23.75, 167.8
 24.00, 2004.3,  -23.75, 167.8
 24.02, 2005.9,  -23.75, 167.8
 24.04, 2007.5,  -24.00, 167.8
 24.06, 2009.1,  -24.13, 167.8
 24.08, 2010.8,  -24.13, 167.8
 24.10, 2012.5,  -24.13, 167.8
 24.12, 2014.1,  -24.13, 167.8
 24.14, 2015.8,  -24.13, 167.8
 24.16, 2017.4,  -24.13, 167.8
 24.18, 2019.2,  -24.25, 167.8
 24.20, 2020.8,  -24.38, 167.8
 24.22, 2022.6,  -24.38, 167.8
 24.24, 2024.2,  -24.63, 167.8
 24.26, 2026.0,  -24.50, 167.8
 24.28, 2027.7,  -24.50, 167.8
 24.30, 2029.4,  -24.50, 167.8
 24.32, 2031.0,  -24.50, 167.8
 24.34, 2032.8,  -24.50, 167.8
 24.36, 2034.5,  -24.75, 167.8
 24.38, 2036.2,  -24.88, 167.8
 24.40, 2037.8,  -24.75, 167.8
 24.42, 2039.6,  -24.75, 167.8
 24.44, 2041.3,  -24.75, 167.8
 24.46, 2043.0,  -24.75, 167.8
 24.48, 2044.6,  -24.88, 167.8
 24.50, 2046.5,  -25.00, 167.8
 24.52, 2048.2,  -25.00, 167.8
 24.54, 2049.8,  -24.88, 167.8
 24.56, 2051.7,  -24.88, 167.8
 24.58, 2053.4,  -24.75, 167.8
 24.60, 2055.0,  -24.88, 167.8
 24.62, 2056.9,  -25.00, 167.8
 24.64, 2058.6,  -25.00, 167.8
 24.66, 2060.2,  -25.00, 167.8
 24.68, 2062.1,  -24.88, 167.8
 24.70, 2063.8,  -24.75, 167.8
 24.72, 2065.4,  -24.63, 167.8
 24.74, 2067.1,  -24.75, 167.8
 24.76, 2068.9,  -24.88, 167.8
 24.78, 2070.6,  -24.88, 167.8
 24.80, 2072.2,  -24.88, 167.8
 24.82, 2074.0,  -24.88, 159.0
 24.84, 2075.7,  -24.75, 159.0
 24.86, 2077.4,  -24.75, 159.0
 24.88, 2079.0,  -24.63, 159.0
 24.90, 2080.7,  -24.50, 159.0
 24.92, 2082.5,  -24.50, 159.0
 24.94, 2084.2,  -24.63, 159.0
 24.96, 2085.8,  -24.63, 159.0
 24.98, 2087.4,  -24.63, 159.0
 25.00, 2089.3,  -24.75, 159.0
 25.02, 2091.0,  -24.63, 159.0
 25.04, 2092.6,  -24.50, 159.0
 25.06, 2094.2,  -24.63, 159.0
 25.08, 2095.8,  -24.50, 159.0
 25.10, 2097.5,  -24.38, 159.0
 25.12, 2099.2,  -24.38, 159.0
 25.14, 2100.9,  -24.25, 159.0
 25.16, 2102.6,  -24.13, 159.0
 25.18, 2104.2,  -24.25, 159.0
 25.20, 2105.8,  -24.25, 159.0
 25.22, 2107.4,  -24.25, 159.0
 25.24, 2109.0,  -24.50, 159.0
 25.26, 2110.8,  -24.50, 159.0
 25.28, 2112.4,  -24.38, 159.0
 25.30, 2114.2,  -24.38, 159.0
 25.32, 2115.8,  -24.50, 159.0
 25.34, 2117.4,  -24.50, 159.0
 25.36, 2119.0,  -24.38, 159.0
 25.38, 2120.7,  -24.50, 159.0
 25.40, 2122.4,  -24.25, 159.0
 25.42, 2124.1,  -24.38, 159.0
 25.44, 2125.8,  -24.50, 159.0
 25.46, 2127.4,  -24.50, 159.0
 25.48, 2129.0,  -24.50, 159.0
 25.50, 2130.6,  -24.75, 159.0
 25.52, 2132.4,  -24.75, 159.0
 25.54, 2134.0,  -24.75, 159.0
 25.56, 2135.8,  -24.88, 159.0
 25.58, 2137.4,  -24.75, 159.0
 25.60, 2139.0,  -24.75, 159.0
 25.62, 2140.7,  -24.88, 159.0
 25.64, 2142.4,  -25.00, 159.0
 25.66, 2144.1,  -25.00, 159.0
 25.68, 2145.8,  -25.13, 159.0
 25.70, 2147.6,  -25.13, 159.0
 25.72, 2149.2,  -25.00, 159.0
 25.74, 2151.0,  -25.00, 159.0
 25.76, 2152.6,  -25.25, 159.0
 25.78, 2154.4,  -25.25, 159.0
 25.80, 2156.1,  -25.38, 159.0
 25.82, 2157.8,  -25.50, 159.0
 25.84, 2159.6,  -25.38, 159.0
 25.86, 2161.3,  -25.25, 159.0
 25.88, 2163.0,  -25.50, 159.0
 25.90, 2164.8,  -25.63, 159.0
 25.92, 2166.5,  -25.63, 159.0
 25.94, 2168.2,  -25.63, 159.0
 25.96, 2170.0,  -25.63, 159.0
 25.98, 2171.7,  -25.50, 159.0
 26.00, 2173.4,  -25.75, 159.0
 26.02, 2175.2,  -25.88, 159.0
 26.04, 2176.9,  -25.63, 159.0
 26.06, 2178.7,  -25.63, 159.0
 26.08, 2180.4,  -25.75, 159.0
 26.10, 2182.2,  -25.63, 159.0
 26.12, 2184.0,  -25.75, 159.0
 26.14, 2185.7,  -25.88, 159.0
 26.16, 2187.4,  -25.75, 159.0
 26.18, 2189.2,  -25.63, 159.0
 26.20, 2190.9,  -25.63, 159.0
 26.22, 2192.6,  -25.63, 159.0
 26.24, 2194.4,  -25.63, 159.0
 26.26, 2196.1,  -25.75, 159.0
 26.28, 2197.8,  -25.75, 159.0
 26.30, 2199.6,  -25.63, 159.0
 26.32, 2201.2,  -25.63, 159.0
 26.34, 2203.0,  -25.50, 159.0
 26.36, 2204.8,  -25.50, 159.0
 26.38, 2206.4,  -25.63, 159.0
 26.40, 2208.1,  -25.63, 159.0
 26.42, 2209.9,  -25.50, 159.0
 26.44, 2211.6,  -25.50, 159.0
 26.46, 2213.2,  -25.50, 159.0
 26.48, 2215.0,  -25.38, 159.0
 26.50, 2216.8,  -25.25, 159.0
 26.52, 2218.4,  -25.38, 159.0
 26.54, 2220.0,  -25.13, 159.0
 26.56, 2221.7,  -25.25, 159.0
 26.58, 2223.6,  -25.38, 159.0
 26.60, 2225.2,  -25.25, 159.0
 26.62, 2226.8,  -25.25, 159.0
 26.64, 2228.4,  -25.25, 159.0
 26.66, 2230.1,  -25.25, 159.0
 26.68, 2231.8,  -25.13, 159.0
 26.70, 2233.5,  -25.25, 159.0
 26.72, 2235.2,  -25.13, 159.0
 26.74, 2236.8,  -25.00, 159.0
 26.76, 2238.4,  -25.13, 159.0
 26.78, 2240.0,  -25.13, 159.0
 26.80, 2241.7,  -25.00, 159.0
 26.82, 2243.4,  -25.13, 159.0
 26.84, 2245.2,  -25.25, 159.0
 26.86, 2246.8,  -25.25, 159.0
 26.88, 2248.4,  -25.25, 159.0
 26.90, 2250.0,  -25.25, 159.0
 26.92, 2251.7,  -25.38, 159.0
 26.94, 2253.4,  -25.25, 159.0
 26.96, 2255.2,  -25.38, 159.0
 26.98, 2256.8,  -25.38, 159.0
 27.00, 2258.4,  -25.25, 159.0
 27.02, 2260.0,  -25.38, 159.0
 27.04, 2261.6,  -25.38, 159.0
 27.06, 2263.3,  -25.38, 159.0
 27.08, 2265.0,  -25.50, 159.0
 27.10, 2266.8,  -25.63, 159.0
 27.12, 2268.4,  -25.63, 159.0
 27.14, 2270.0,  -25.75, 159.0
 27.16, 2271.6,  -25.75, 159.0
 27.18, 2273.4,  -25.75, 159.0
 27.20, 2275.2,  -25.75, 159.0
 27.22, 2276.8,  -25.88, 159.0
 27.24, 2278.4,  -26.00, 159.0
 27.26, 2280.2,  -26.00, 159.0
 27.28, 2282.0,  -26.13, 159.0
 27.30, 2283.6,  -26.13, 159.0
 27.32, 2285.2,  -26.00, 159.0
 27.34, 2287.0,  -26.13, 159.0
 27.36, 2288.8,  -26.13, 159.0
 27.38, 2290.4,  -26.25, 159.0
 27.40, 2292.0,  -26.38, 159.0
 27.42, 2293.8,  -26.38, 159.0
 27.44, 2295.5,  -26.25, 159.0
 27.46, 2297.1,  -26.38, 159.0
 27.48, 2298.9,  -26.38, 159.0
 27.50, 2300.7,  -26.50, 159.0
 27.52, 2302.3,  -26.50, 159.0
 27.54, 2304.0,  -26.63, 159.0
 27.56, 2305.9,  -26.50, 159.0
 27.58, 2307.5,  -26.50, 159.0
 27.60, 2309.3,  -26.50, 159.0
 27.62, 2311.1,  -26.63, 159.0
 27.64, 2312.7,  -26.63, 159.0
 27.66, 2314.5,  -26.75, 159.0
 27.68, 2316.3,  -26.75, 159.0
 27.70, 2317.9,  -26.50, 159.0
 27.72, 2319.7,  -26.50, 159.0
 27.74, 2321.4,  -26.50, 159.0
 27.76, 2323.0,  -26.50, 159.0
 27.78, 2324.6,  -26.50, 159.0
 27.80, 2326.4,  -26.63, 159.0
 27.82, 2328.2,  -26.50, 159.0
 27.84, 2329.7,  -26.50, 159.0
 27.86, 2331.3,  -26.50, 159.0
 27.88, 2333.1,  -26.38, 159.0
 27.90, 2334.8,  -26.38, 159.0
 27.92, 2336.5,  -26.38, 159.0
 27.94, 2338.1,  -26.38, 159.0
 27.96, 2339.9,  -26.38, 159.0
 27.98, 2341.5,  -26.50, 159.0
 28.00, 2343.3,  -26.50, 159.0
 28.02, 2344.9,  -26.38, 159.0
 28.04, 2346.5,  -26.38, 159.0
 28.06, 2348.2,  -26.38, 159.0
 28.08, 2349.8,  -26.25, 159.0
 28.10, 2351.6,  -26.25, 159.0
 28.12, 2353.2,  -26.25, 159.0
 28.14, 2354.8,  -26.13, 159.0
 28.16, 2356.4,  -26.00, 159.0
 28.18, 2358.2,  -26.13, 159.0
 28.20, 2359.8,  -26.00, 159.0
 28.22, 2361.4,  -26.00, 159.0
 28.24, 2363.0,  -26.13, 159.0
 28.26, 2364.6,  -26.13, 159.0
 28.28, 2366.4,  -26.00, 159.0
 28.30, 2368.0,  -26.13, 159.0
 28.32, 2369.7,  -26.25, 159.0
 28.34, 2371.3,  -26.25, 159.0
 28.36, 2373.0,  -26.25, 159.0
 28.38, 2374.6,  -26.38, 159.0
 28.40, 2376.2,  -26.25, 159.0
 28.42, 2377.8,  -26.25, 159.0
 28.44, 2379.5,  -26.38, 159.0
 28.46, 2381.2,  -26.25, 159.0
 28.48, 2382.8,  -26.13, 159.0
 28.50, 2384.5,  -26.25, 159.0
 28.52, 2386.2,  -26.25, 159.0
 28.54, 2387.8,  -26.25, 159.0
 28.56, 2389.4,  -26.38, 159.0
 28.58, 2391.0,  -26.50, 159.0
 28.60, 2392.6,  -26.50, 159.0
 28.62, 2394.4,  -26.63, 159.0
 28.64, 2396.1,  -26.75, 159.0
 28.66, 2397.7,  -26.63, 159.0
 28.68, 2399.4,  -26.63, 159.0
 28.70, 2401.0,  -26.63, 159.0
 28.72, 2402.6,  -26.75, 159.0
 28.74, 2404.4,  -26.88, 159.0
 28.76, 2406.2,  -27.00, 159.0
 28.78, 2407.8,  -27.13, 159.0
 28.80, 2409.4,  -27.13, 159.0
 28.82, 2411.3,  -27.13, 159.0
 28.84, 2413.0,  -27.00, 159.0
 28.86, 2414.6,  -27.00, 159.0
 28.88, 2416.2,  -27.00, 159.0
 28.90, 2418.0,  -27.25, 159.0
 28.92, 2419.8,  -27.25, 159.0
 28.94, 2421.4,  -27.25, 159.0
 28.96, 2423.1,  -27.38, 159.0
 28.98, 2424.8,  -27.13, 159.0
 29.00, 2426.5,  -27.25, 159.0
 29.02, 2428.1,  -27.50, 159.0
 29.04, 2429.9,  -27.63, 159.0
 29.06, 2431.7,  -27.50, 159.0
 29.08, 2433.3,  -27.50, 159.0
 29.10, 2435.2,  -27.50, 159.0
 29.12, 2436.9,  -27.38, 159.0
 29.14, 2438.5,  -27.63, 159.0
 29.16, 2440.3,  -27.75, 159.0
 29.18, 2442.1,  -27.63, 159.0
 29.20, 2443.7,  -27.50, 159.0
 29.22, 2445.6,  -27.50, 159.0
 29.24, 2447.3,  -27.38, 159.0
 29.26, 2448.9,  -27.38, 159.0
 29.28, 2450.7,  -27.63, 159.0
 29.30, 2452.5,  -27.50, 159.0
 29.32, 2454.1,  -27.50, 159.0
 29.34, 2455.9,  -27.50, 159.0
 29.36, 2457.7,  -27.38, 159.0
 29.38, 2459.3,  -27.25, 159.0
 29.40, 2460.9,  -27.25, 159.0
 29.42, 2462.7,  -27.38, 159.0
 29.44, 2464.5,  -27.38, 159.0
 29.46, 2466.1,  -27.38, 159.0
 29.48, 2467.8,  -27.38, 159.0
 29.50, 2469.6,  -27.25, 159.0
 29.52, 2471.3,  -27.13, 159.0
 29.54, 2472.9,  -27.13, 159.0
 29.56, 2474.7,  -27.13, 159.0
 29.58, 2476.4,  -27.00, 159.0
 29.60, 2478.1,  -27.13, 159.0
 29.62, 2479.7,  -27.13, 159.0
 29.64, 2481.4,  -27.13, 159.0
 29.66, 2483.1,  -27.25, 159.0
 29.68, 2484.9,  -27.13, 159.0
 29.70, 2486.5,  -27.13, 159.0
 29.72, 2488.1,  -27.00, 159.0
 29.74, 2489.7,  -27.00, 159.0
 29.76, 2491.4,  -26.88, 159.0
 29.78, 2493.1,  -26.88, 159.0
 29.80, 2494.7,  -27.00, 159.0
 29.82, 2496.4,  -26.88, 159.0
 29.84, 2498.1,  -26.88, 159.0
 29.86, 2499.7,  -27.13, 159.0
 29.88, 2501.4,  -27.13, 159.0
 29.90, 2503.1,  -27.13, 159.0
 29.92, 2504.7,  -27.13, 159.0
 29.94, 2506.5,  -27.13, 159.0
 29.96, 2508.1,  -27.00, 159.0
 29.98, 2509.7,  -27.00, 159.0
 30.00, 2511.5,  -27.13, 159.0
 30.02, 2513.1,  -27.00, 159.0
 30.04, 2514.8,  -27.13, 159.0
 30.06, 2516.5,  -27.25, 159.0
 30.08, 2518.1,  -27.25, 159.0
 30.10, 2519.8,  -27.38, 159.0
 30.12, 2521.5,  -27.50, 159.0
 30.14, 2523.2,  -27.50, 159.0
 30.16, 2524.9,  -27.25, 159.0
 30.18, 2526.5,  -27.50, 159.0
 30.20, 2528.3,  -27.50, 159.0
 30.22, 2529.9,  -27.63, 159.0
 30.24, 2531.6,  -27.63, 159.0
 30.26, 2533.3,  -27.75, 159.0
 30.28, 2535.1,  -27.63, 159.0
 30.30, 2536.8,  -27.63, 159.0
 30.32, 2538.5,  -27.75, 159.0
 30.34, 2540.3,  -27.88, 159.0
 30.36, 2541.9,  -28.00, 159.0
 30.38, 2543.7,  -28.00, 159.0
 30.40, 2545.5,  -28.00, 159.0
 30.42, 2547.1,  -27.88, 159.0
 30.44, 2548.9,  -28.00, 159.0
 30.46, 2550.7,  -28.13, 159.0
 30.48, 2552.3,  -28.13, 159.0
 30.50, 2554.1,  -28.13, 159.0
 30.52, 2555.9,  -28.13, 159.0
 30.54, 2557.5,  -28.00, 159.0
 30.56, 2559.3,  -28.13, 159.0
 30.58, 2561.1,  -28.38, 159.0
 30.60, 2562.7,  -28.25, 159.0
 30.62, 2564.5,  -28.13, 159.0
 30.64, 2566.3,  -28.25, 159.0
 30.66, 2568.0,  -28.25, 159.0
 30.68, 2569.8,  -28.25, 159.0
 30.70, 2571.5,  -28.38, 159.0
 30.72, 2573.2,  -28.38, 159.0
 30.74, 2575.1,  -28.13, 159.0
 30.76, 2576.7,  -28.25, 159.0
 30.78, 2578.5,  -28.25, 159.0
 30.80, 2580.3,  -28.25, 159.0
 30.82, 2581.9,  -28.25, 159.0
 30.84, 2583.7,  -28.25, 159.0
 30.86, 2585.5,  -28.13, 159.0
 30.88, 2587.1,  -28.13, 159.0
 30.90, 2588.9,  -28.13, 159.0
 30.92, 2590.7,  -28.13, 159.0
 30.94, 2592.3,  -28.00, 159.0
 30.96, 2593.9,  -28.13, 159.0
 30.98, 2595.7,  -28.13, 159.0
 31.00, 2597.5,  -28.13, 159.0
 31.02, 2599.1,  -28.13, 159.0
 31.04, 2600.7,  -28.00, 159.0
 31.06, 2602.5,  -28.00, 159.0
 31.08, 2604.3,  -27.88, 159.0
 31.10, 2605.9,  -28.00, 159.0
 31.12, 2607.5,  -27.88, 159.0
 31.14, 2609.3,  -27.88, 159.0
 31.16, 2611.1,  -28.00, 159.0
 31.18, 2612.7,  -28.00, 159.0
 31.20, 2614.3,  -27.88, 159.0
 31.22, 2615.9,  -28.00, 159.0
 31.24, 2617.7,  -28.00, 159.0
 31.26, 2619.4,  -27.88, 159.0
 31.28, 2621.1,  -27.88, 159.0
 31.30, 2622.7,  -27.88, 159.0
 31.32, 2624.3,  -27.75, 159.0
 31.34, 2625.9,  -27.75, 159.0
 31.36, 2627.5,  -27.88, 159.0
 31.38, 2629.2,  -27.88, 159.0
 31.40, 2630.9,  -27.88, 159.0
 31.42, 2632.7,  -28.13, 159.0
 31.44, 2634.3,  -28.13, 159.0
 31.46, 2635.9,  -28.00, 159.0
 31.48, 2637.5,  -28.00, 159.0
 31.50, 2639.3,  -28.13, 159.0
 31.52, 2640.9,  -28.00, 159.0
 31.54, 2642.7,  -28.00, 159.0
 31.56, 2644.3,  -28.13, 159.0
 31.58, 2645.9,  -28.13, 159.0
 31.60, 2647.5,  -28.00, 159.0
 31.62, 2649.3,  -28.25, 159.0
 31.64, 2651.0,  -28.38, 159.0
 31.66, 2652.7,  -28.25, 159.0
 31.68, 2654.3,  -28.50, 159.0
 31.70, 2655.9,  -28.50, 159.0
 31.72, 2657.6,  -28.38, 159.0
 31.74, 2659.3,  -28.38, 159.0
 31.76, 2661.1,  -28.50, 159.0
 31.78, 2662.7,  -28.50, 159.0
 31.80, 2664.3,  -28.63, 159.0
 31.82, 2666.1,  -28.88, 159.0
 31.84, 2667.9,  -28.88, 159.0
 31.86, 2669.5,  -28.75, 159.0
 31.88, 2671.1,  -28.88, 159.0
 31.90, 2672.9,  -28.88, 159.0
 31.92, 2674.7,  -28.88, 159.0
 31.94, 2676.3,  -29.00, 159.0
 31.96, 2678.1,  -29.13, 159.0
 31.98, 2679.9,  -29.00, 159.0
 32.00, 2681.5,  -29.00, 159.0
 32.02, 2683.2,  -29.00, 154.6
 32.04, 2684.9,  -29.00, 154.6
 32.06, 2686.7,  -29.00, 154.6
 32.08, 2688.3,  -29.25, 154.6
 32.10, 2690.1,  -29.25, 154.6
 32.12, 2691.8,  -29.13, 154.6
 32.14, 2693.4,  -29.13, 154.6
 32.16, 2695.1,  -29.13, 154.6
 32.18, 2696.8,  -29.13, 154.6
 32.20, 2698.6,  -29.25, 154.6
 32.22, 2700.2,  -29.38, 154.6
 32.24, 2702.0,  -29.25, 154.6
 32.26, 2703.8,  -29.25, 154.6
 32.28, 2705.4,  -29.25, 154.6
 32.30, 2707.2,  -29.13, 154.6
 32.32, 2708.9,  -29.13, 154.6
 32.34, 2710.6,  -29.13, 154.6
 32.36, 2712.3,  -29.25, 154.6
 32.38, 2714.0,  -29.13, 154.6
 32.40, 2715.8,  -29.25, 154.6
 32.42, 2717.6,  -29.25, 154.6
 32.44, 2719.3,  -29.13, 154.6
 32.46, 2721.0,  -29.00, 154.6
 32.48, 2722.6,  -29.00, 154.6
 32.50, 2724.4,  -28.88, 154.6
 32.52, 2726.0,  -28.88, 154.6
 32.54, 2727.7,  -29.00, 154.6
 32.56, 2729.3,  -29.00, 154.6
 32.58, 2730.9,  -29.00, 154.6
 32.60, 2732.6,  -29.13, 154.6
 32.62, 2734.3,  -29.13, 154.6
 32.64, 2736.0,  -29.00, 154.6
 32.66, 2737.7,  -29.00, 154.6
 32.68, 2739.3,  -29.00, 154.6
 32.70, 2740.9,  -28.88, 154.6
 32.72, 2742.7,  -28.88, 154.6
 32.74, 2744.3,  -28.88, 154.6
 32.76, 2746.0,  -28.75, 154.6
 32.78, 2747.7,  -28.63, 154.6
 32.80, 2749.3,  -28.75, 154.6
 32.82, 2750.9,  -28.75, 154.6
 32.84, 2752.5,  -28.75, 154.6
 32.86, 2754.2,  -28.88, 154.6
 32.88, 2755.9,  -29.00, 154.6
 32.90, 2757.6,  -29.00, 154.6
 32.92, 2759.2,  -29.00, 154.6
 32.94, 2760.9,  -29.13, 154.6
 32.96, 2762.5,  -29.13, 154.6
 32.98, 2764.1,  -29.00, 154.6
 33.00, 2765.7,  -29.00, 154.6
 33.02, 2767.3,  -29.00, 154.6
 33.04, 2769.1,  -29.00, 154.6
 33.06, 2770.8,  -29.00, 154.6
 33.08, 2772.5,  -29.13, 154.6
 33.10, 2774.1,  -29.13, 154.6
 33.12, 2775.7,  -29.25, 154.6
 33.14, 2777.5,  -29.38, 154.6
 33.16, 2779.2,  -29.38, 154.6
 33.18, 2780.9,  -29.38, 154.6
 33.20, 2782.5,  -29.38, 154.6
 33.22, 2784.1,  -29.38, 154.6
 33.24, 2785.8,  -29.25, 154.6
 33.26, 2787.5,  -29.50, 154.6
 33.28, 2789.3,  -29.63, 154.6
 33.30, 2790.9,  -29.63, 154.6
 33.32, 2792.5,  -29.75, 154.6
 33.34, 2794.3,  -29.75, 154.6
 33.36, 2796.0,  -29.50, 154.6
 33.38, 2797.7,  -29.63, 154.6
 33.40, 2799.3,  -29.88, 154.6
 33.42, 2801.1,  -30.00, 154.6
 33.44, 2802.9,  -30.00, 154.6
 33.46, 2804.5,  -30.00, 154.6
 33.48, 2806.3,  -29.88, 154.6
 33.50, 2808.1,  -29.75, 154.6
 33.52, 2809.7,  -29.88, 154.6
 33.54, 2811.5,  -30.13, 154.6
 33.56, 2813.3,  -30.00, 154.6
 33.58, 2814.9,  -30.00, 154.6
 33.60, 2816.7,  -30.00, 154.6
 33.62, 2818.5,  -30.00, 154.6
 33.64, 2820.1,  -29.88, 154.6
 33.66, 2821.7,  -30.13, 154.6
 33.68, 2823.5,  -30.25, 154.6
 33.70, 2825.3,  -30.13, 154.6
 33.72, 2826.9,  -30.13, 154.6
 33.74, 2828.7,  -30.00, 154.6
 33.76, 2830.5,  -30.00, 154.6
 33.78, 2832.1,  -30.13, 154.6
 33.80, 2833.9,  -30.25, 154.6
 33.82, 2835.7,  -30.13, 154.6
 33.84, 2837.3,  -30.00, 154.6
 33.86, 2839.1,  -30.00, 154.6
 33.88, 2840.9,  -30.00, 154.6
 33.90, 2842.5,  -29.88, 154.6
 33.92, 2844.3,  -30.00, 154.6
 33.94, 2846.1,  -30.13, 154.6
 33.96, 2847.7,  -30.00, 154.6
 33.98, 2849.5,  -30.00, 154.6
 34.00, 2851.2,  -30.00, 154.6
 34.02, 2852.9,  -30.00, 154.6
 34.04, 2854.5,  -29.75, 154.6
 34.06, 2856.3,  -29.88, 154.6
 34.08, 2858.0,  -29.88, 154.6
 34.10, 2859.6,  -29.88, 154.6
 34.12, 2861.2,  -30.00, 154.6
 34.14, 2862.9,  -30.00, 154.6
 34.16, 2864.6,  -29.88, 154.6
 34.18, 2866.4,  -29.75, 154.6
 34.20, 2868.0,  -29.75, 154.6
 34.22, 2869.6,  -29.63, 154.6
 34.24, 2871.4,  -29.63, 154.6
 34.26, 2873.1,  -29.75, 154.6
 34.28, 2874.7,  -29.88, 154.6
 34.30, 2876.4,  -29.75, 154.6
 34.32, 2878.2,  -29.88, 154.6
 34.34, 2879.8,  -29.88, 154.6
 34.36, 2881.5,  -29.75, 154.6
 34.38, 2883.2,  -29.75, 154.6
 34.40, 2884.8,  -29.75, 154.6
 34.42, 2886.4,  -29.75, 154.6
 34.44, 2888.1,  -29.63, 142.9
 34.46, 2889.8,  -29.75, 142.9
 34.48, 2891.4,  -29.75, 142.9
 34.50, 2893.1,  -29.88, 142.9
 34.52, 2894.8,  -30.00, 142.9
 34.54, 2896.5,  -30.00, 142.9
 34.56, 2898.1,  -30.00, 142.9
 34.58, 2899.8,  -29.88, 142.9
 34.60, 2901.5,  -30.00, 142.9
 34.62, 2903.3,  -30.00, 142.9
 34.64, 2904.9,  -30.13, 142.9
 34.66, 2906.6,  -30.25, 142.9
 34.68, 2908.3,  -30.25, 142.9
 34.70, 2910.1,  -30.25, 142.9
 34.72, 2911.7,  -30.25, 142.9
 34.74, 2913.5,  -30.25, 142.9
 34.76, 2915.1,  -30.13, 142.9
 34.78, 2916.9,  -30.25, 142.9
 34.80, 2918.5,  -30.50, 142.9
 34.82, 2920.1,  -30.50, 142.9
 34.84, 2921.9,  -30.50, 142.9
 34.86, 2923.6,  -30.50, 142.9
 34.88, 2925.3,  -30.50, 142.9
 34.90, 2927.0,  -30.50, 142.9
 34.92, 2928.8,  -30.75, 142.9
 34.94, 2930.4,  -30.75, 142.9
 34.96, 2932.2,  -30.63, 142.9
 34.98, 2934.0,  -30.75, 142.9
 35.00, 2935.6,  -30.75, 142.9
 35.02, 2937.4,  -30.88, 142.9
 35.04, 2939.2,  -30.88, 142.9
 35.06, 2940.8,  -31.00, 142.9
 35.08, 2942.8,  -30.88, 142.9
 35.10, 2944.4,  -30.75, 142.9
 35.12, 2946.2,  -30.88, 142.9
 35.14, 2948.0,  -31.00, 142.9
 35.16, 2949.6,  -31.00, 142.9
 35.18, 2951.3,  -31.00, 142.9
 35.20, 2953.2,  -31.00, 142.9
 35.22, 2955.1,  -31.00, 142.9
 35.24, 2956.9,  -30.88, 142.9
 35.26, 2958.7,  -31.00, 142.9
 35.28, 2960.3,  -31.00, 142.9
 35.30, 2962.0,  -31.00, 142.9
 35.32, 2963.9,  -31.00, 142.9
 35.34, 2965.5,  -31.00, 142.9
 35.36, 2967.2,  -30.88, 142.9
 35.38, 2969.0,  -30.88, 142.9
 35.40, 2970.6,  -31.00, 142.9
 35.42, 2972.2,  -31.00, 142.9
 35.44, 2974.0,  -31.00, 142.9
 35.46, 2975.8,  -31.00, 142.9
 35.48, 2977.4,  -30.88, 142.9
 35.50, 2979.2,  -30.75, 142.9
 35.52, 2981.0,  -30.88, 142.9
 35.54, 2982.6,  -30.75, 142.9
 35.56, 2984.2,  -30.75, 142.9
 35.58, 2986.0,  -30.75, 142.9
 35.60, 2987.8,  -30.88, 142.9
 35.62, 2989.4,  -30.75, 142.9
 35.64, 2991.0,  -30.75, 142.9
 35.66, 2992.6,  -30.88, 142.9
 35.68, 2994.4,  -30.75, 142.9
 35.70, 2996.1,  -30.63, 142.9
 35.72, 2997.8,  -30.75, 142.9
 35.74, 2999.4,  -30.75, 142.9
 35.76, 3001.0,  -30.63, 142.9
 35.78, 3002.6,  -30.63, 142.9
 35.80, 3004.4,  -30.75, 142.9
 35.82, 3006.2,  -30.75, 142.9
 35.84, 3007.8,  -30.75, 142.9
 35.86, 3009.4,  -30.88, 142.9
 35.88, 3011.0,  -30.88, 142.9
 35.90, 3012.8,  -30.75, 142.9
 35.92, 3014.4,  -30.88, 142.9
 35.94, 3016.1,  -30.75, 142.9
 35.96, 3017.7,  -30.75, 142.9
 35.98, 3019.3,  -30.75, 142.9
 36.00, 3020.9,  -30.88, 142.9
 36.02, 3022.6,  -30.75, 142.9
 36.04, 3024.3,  -30.75, 142.9
 36.06, 3026.0,  -31.00, 142.9
 36.08, 3027.7,  -31.00, 142.9
 36.10, 3029.3,  -31.00, 142.9
 36.12, 3030.9,  -31.13, 142.9
 36.14, 3032.5,  -31.13, 142.9
 36.16, 3034.3,  -31.00, 142.9
 36.18, 3035.9,  -31.00, 142.9
 36.20, 3037.7,  -31.13, 142.9
 36.22, 3039.3,  -31.13, 142.9
 36.24, 3040.9,  -31.25, 142.9
 36.26, 3042.7,  -31.50, 142.9
 36.28, 3044.5,  -31.50, 142.9
 36.30, 3046.1,  -31.50, 142.9
 36.32, 3047.7,  -31.50, 142.9
 36.34, 3049.5,  -31.50, 142.9
 36.36, 3051.2,  -31.38, 142.9
 36.38, 3052.9,  -31.50, 142.9
 36.40, 3054.5,  -31.63, 142.9
 36.42, 3056.3,  -31.75, 142.9
 36.44, 3057.9,  -31.75, 142.9
 36.46, 3059.7,  -31.88, 142.9
 36.48, 3061.3,  -31.75, 142.9
 36.50, 3063.1,  -31.63, 142.9
 36.52, 3064.7,  -31.63, 142.9
 36.54, 3066.4,  -31.88, 142.9
 36.56, 3068.0,  -31.88, 142.9
 36.58, 3069.8,  -31.88, 142.9
 36.60, 3071.6,  -32.00, 142.9
 36.62, 3073.2,  -31.88, 142.9
 36.64, 3075.0,  -31.75, 142.9
 36.66, 3076.6,  -31.88, 142.9
 36.68, 3078.4,  -32.00, 142.9
 36.70, 3080.1,  -32.00, 142.9
 36.72, 3081.8,  -32.00, 142.9
 36.74, 3083.6,  -32.13, 142.9
 36.76, 3085.3,  -31.88, 142.9
 36.78, 3087.0,  -31.88, 142.9
 36.80, 3088.6,  -31.88, 142.9
 36.82, 3090.4,  -31.88, 142.9
 36.84, 3092.0,  -31.88, 148.2
 36.86, 3093.7,  -32.00, 148.2
 36.88, 3095.3,  -32.00, 148.2
 36.90, 3097.1,  -32.00, 148.2
 36.92, 3098.8,  -32.00, 148.2
 36.94, 3100.5,  -31.88, 148.2
 36.96, 3102.1,  -31.75, 148.2
 36.98, 3103.7,  -31.75, 148.2
 37.00, 3105.5,  -31.75, 148.2
 37.02, 3107.2,  -31.88, 148.2
 37.04, 3108.9,  -31.88, 148.2
 37.06, 3110.5,  -31.88, 148.2
 37.08, 3112.3,  -32.00, 148.2
 37.10, 3114.0,  -31.88, 148.2
 37.12, 3115.7,  -31.88, 148.2
 37.14, 3117.3,  -31.88, 148.2
 37.16, 3118.9,  -31.75, 148.2
 37.18, 3120.6,  -31.63, 148.2
 37.20, 3122.3,  -31.63, 148.2
 37.22, 3124.0,  -31.63, 148.2
 37.24, 3125.7,  -31.50, 148.2
 37.26, 3127.2,  -31.63, 148.2
 37.28, 3128.8,  -31.75, 148.2
 37.30, 3130.4,  -31.75, 148.2
 37.32, 3132.2,  -31.75, 148.2
 37.34, 3133.9,  -31.88, 148.2
 37.36, 3135.5,  -31.88, 148.2
 37.38, 3137.2,  -31.88, 148.2
 37.40, 3138.8,  -31.88, 148.2
 37.42, 3140.4,  -31.88, 148.2
 37.44, 3142.0,  -31.63, 148.2
 37.46, 3143.8,  -31.63, 148.2
 37.48, 3145.5,  -31.88, 148.2
 37.50, 3147.2,  -31.88, 148.2
 37.52, 3148.8,  -31.88, 148.2
 37.54, 3150.4,  -32.13, 148.2
 37.56, 3152.2,  -32.13, 148.2
 37.58, 3153.9,  -32.13, 148.2
 37.60, 3155.6,  -32.13, 148.2
 37.62, 3157.2,  -32.13, 148.2
 37.64, 3158.8,  -32.00, 148.2
 37.66, 3160.4,  -31.88, 148.2
 37.68, 3162.2,  -32.00, 148.2
 37.70, 3164.0,  -32.13, 148.2
 37.72, 3165.6,  -32.25, 148.2
 37.74, 3167.2,  -32.38, 148.2
 37.76, 3168.9,  -32.38, 148.2
 37.78, 3170.6,  -32.25, 148.2
 37.80, 3172.3,  -32.25, 148.2
 37.82, 3173.9,  -32.38, 148.2
 37.84, 3175.7,  -32.50, 148.2
 37.86, 3177.5,  -32.63, 148.2
 37.88, 3179.1,  -32.63, 148.2
 37.90, 3180.8,  -32.63, 148.2
 37.92, 3182.6,  -32.50, 148.2
 37.94, 3184.3,  -32.50, 148.2
 37.96, 3186.0,  -32.75, 148.2
 37.98, 3187.8,  -32.75, 148.2
 38.00, 3189.5,  -32.75, 148.2
 38.02, 3191.2,  -32.75, 148.2
 38.04, 3193.0,  -32.63, 148.2
 38.06, 3194.7,  -32.63, 148.2
 38.08, 3196.3,  -32.88, 148.2
 38.10, 3198.1,  -33.00, 148.2
 38.12, 3199.9,  -32.88, 148.2
 38.14, 3201.5,  -32.75, 148.2
 38.16, 3203.3,  -32.75, 148.2
 38.18, 3205.1,  -32.88, 148.2
 38.20, 3206.8,  -32.88, 148.2
 38.22, 3208.6,  -33.00, 148.2
 38.24, 3210.2,  -32.88, 148.2
 38.26, 3212.0,  -32.75, 148.2
 38.28, 3213.8,  -32.88, 148.2
 38.30, 3215.4,  -33.00, 148.2
 38.32, 3217.2,  -32.88, 148.2
 38.34, 3219.0,  -32.88, 148.2
 38.36, 3220.7,  -32.88, 148.2
 38.38, 3222.4,  -32.75, 148.2
 38.40, 3224.2,  -32.63, 148.2
 38.42, 3225.8,  -32.75, 148.2
 38.44, 3227.5,  -32.88, 148.2
 38.46, 3229.2,  -32.88, 148.2
 38.48, 3230.9,  -32.88, 148.2
 38.50, 3232.7,  -32.75, 148.2
 38.52, 3234.4,  -32.63, 148.2
 38.54, 3236.1,  -32.63, 148.2
 38.56, 3237.8,  -32.63, 148.2
 38.58, 3239.5,  -32.75, 148.2
 38.60,    0.0,  -32.75, 148.2
 38.62,    1.7,  -32.88, 148.2
 38.64,    3.5,  -32.75, 148.2
 38.66,    5.1,  -32.50, 148.2
 38.68,    6.9,  -32.50, 148.2
 38.70,    8.5,  -32.63, 148.2
 38.72,   10.3,  -32.50, 148.2
 38.74,   12.0,  -32.50, 148.2
 38.76,   13.7,  -32.75, 148.2
 38.78,   15.4,  -32.75, 148.2
 38.80,   17.1,  -32.63, 148.2
 38.82,   18.7,  -32.63, 148.2
 38.84,   20.5,  -32.63, 148.2
 38.86,   22.1,  -32.50, 148.2
 38.88,   23.9,  -32.50, 148.2
 38.90,   25.5,  -32.63, 148.2
 38.92,   27.2,  -32.63, 148.2
 38.94,   28.9,  -32.63, 148.2
 38.96,   30.6,  -32.88, 148.2
 38.98,   32.3,  -32.88, 148.2
 39.00,   33.9,  -32.75, 148.2
 39.02,   35.6,  -32.63, 148.2
 39.04,   37.3,  -32.75, 148.2
 39.06,   39.1,  -32.75, 148.2
 39.08,   40.7,  -32.88, 148.2
 39.10,   42.4,  -33.00, 148.2
 39.12,   44.1,  -33.00, 148.2
 39.14,   45.9,  -32.88, 148.2
 39.16,   47.5,  -32.88, 148.2
 39.18,   49.3,  -33.00, 148.2
 39.20,   51.0,  -32.88, 148.2
 39.22,   52.6,  -33.00, 148.2
 39.24,   54.2,  -33.13, 141.3
 39.26,   56.0,  -33.25, 141.3
 39.28,   57.8,  -33.13, 141.3
 39.30,   59.4,  -33.13, 141.3
 39.32,   61.2,  -33.25, 141.3
 39.34,   62.9,  -33.13, 141.3
 39.36,   64.6,  -33.38, 141.3
 39.38,   66.2,  -33.50, 141.3
 39.40,   68.0,  -33.50, 141.3
 39.42,   69.8,  -33.38, 141.3
 39.44,   71.4,  -33.50, 141.3
 39.46,   73.2,  -33.63, 141.3
 39.48,   75.0,  -33.50, 141.3
 39.50,   76.6,  -33.63, 141.3
 39.52,   78.6,  -33.63, 141.3
 39.54,   80.2,  -33.50, 141.3
 39.56,   81.9,  -33.50, 141.3
 39.58,   83.8,  -33.75, 141.3
 39.60,   85.4,  -33.75, 141.3
 39.62,   87.1,  -33.63, 141.3
 39.64,   89.0,  -33.63, 141.3
 39.66,   90.6,  -33.63, 141.3
 39.68,   92.4,  -33.50, 141.3
 39.70,   94.2,  -33.63, 141.3
 39.72,   95.8,  -33.75, 141.3
 39.74,   97.5,  -33.75, 141.3
 39.76,   99.4,  -33.75, 141.3
 39.78,  101.0,  -33.75, 141.3
 39.80,  102.6,  -33.75, 141.3
 39.82,  104.4,  -33.63, 141.3
 39.84,  106.2,  -33.75, 141.3
 39.86,  107.8,  -33.88, 141.3
 39.88,  109.6,  -33.75, 141.3
 39.90,  111.4,  -33.75, 141.3
 39.92,  113.0,  -33.75, 141.3
 39.94,  114.8,  -33.63, 141.3
 39.96,  116.6,  -33.50, 141.3
 39.98,  118.2,  -33.50, 141.3
 40.00,  119.8,  -33.63, 141.3
 40.02,  121.6,  -33.63, 141.3
 40.04,  123.4,  -33.63, 141.3
 40.06,  125.0,  -33.75, 141.3
 40.08,  126.6,  -33.63, 141.3
 40.10,  128.4,  -33.63, 141.3
 40.12,  129.9,  -33.50, 141.3
 40.14,  131.7,  -33.50, 141.3
 40.16,  133.3,  -33.38, 141.3
 40.18,  134.9,  -33.38, 141.3
 40.20,  136.5,  -33.50, 141.3
 40.22,  138.3,  -33.50, 141.3
 40.24,  140.0,  -33.50, 141.3
 40.26,  141.7,  -33.63, 141.3
 40.28,  143.3,  -33.75, 141.3
 40.30,  144.9,  -33.63, 141.3
 40.32,  146.7,  -33.63, 141.3
 40.34,  148.3,  -33.63, 141.3
 40.36,  150.1,  -33.50, 141.3
 40.38,  151.7,  -33.50, 141.3
 40.40,  153.3,  -33.63, 141.3
 40.42,  154.9,  -33.63, 141.3
 40.44,  156.7,  -33.50, 141.3
 40.46,  158.4,  -33.63, 141.3
 40.48,  160.1,  -33.75, 141.3
 40.50,  161.7,  -33.75, 141.3
 40.52,  163.3,  -33.75, 141.3
 40.54,  164.9,  -33.88, 141.3
 40.56,  166.7,  -33.88, 141.3
 40.58,  168.3,  -33.75, 141.3
 40.60,  170.0,  -33.88, 141.3
 40.62,  171.7,  -33.88, 141.3
 40.64,  173.2,  -33.88, 141.3
 40.66,  174.8,  -33.88, 141.3
 40.68,  176.6,  -34.13, 141.3
 40.70,  178.2,  -34.25, 141.3
 40.72,  180.0,  -34.13, 141.3
 40.74,  181.6,  -34.25, 141.3
 40.76,  183.4,  -34.13, 141.3
 40.78,  185.0,  -34.00, 141.3
 40.80,  186.8,  -34.13, 141.3
 40.82,  188.4,  -34.25, 141.3
 40.84,  190.1,  -34.38, 141.3
 40.86,  191.8,  -34.38, 141.3
 40.88,  193.6,  -34.50, 141.3
 40.90,  195.2,  -34.50, 141.3
 40.92,  196.9,  -34.38, 141.3
 40.94,  198.6,  -34.25, 141.3
 40.96,  200.3,  -34.50, 141.3
 40.98,  202.0,  -34.50, 141.3
 41.00,  203.7,  -34.63, 141.3
 41.02,  205.4,  -34.75, 141.3
 41.04,  207.2,  -34.75, 141.3
 41.06,  208.9,  -34.50, 141.3
 41.08,  210.6,  -34.50, 141.3
 41.10,  212.2,  -34.63, 141.3
 41.12,  214.0,  -34.63, 141.3
 41.14,  215.7,  -34.75, 141.3
 41.16,  217.4,  -34.88, 141.3
 41.18,  219.2,  -34.75, 141.3
 41.20,  220.9,  -34.63, 141.3
 41.22,  222.6,  -34.63, 141.3
 41.24,  224.2,  -34.63, 141.3
 41.26,  226.0,  -34.63, 141.3
 41.28,  227.8,  -34.75, 141.3
 41.30,  229.4,  -34.88, 141.3
 41.32,  231.1,  -34.88, 141.3
 41.34,  232.9,  -34.63, 141.3
 41.36,  234.6,  -34.63, 141.3
 41.38,  236.2,  -34.63, 141.3
 41.40,  237.8,  -34.50, 141.3
 41.42,  239.6,  -34.50, 141.3
 41.44,  241.4,  -34.75, 141.3
 41.46,  243.0,  -34.88, 141.3
 41.48,  244.6,  -34.75, 141.3
 41.50,  246.4,  -34.88, 141.3
 41.52,  248.1,  -34.75, 141.3
 41.54,  249.8,  -34.50, 141.3
 41.56,  251.4,  -34.50, 141.3
 41.58,  253.2,  -34.50, 141.3
 41.60,  254.9,  -34.50, 141.3
 41.62,  256.6,  -34.50, 141.3
 41.64,  258.2,  -34.63, 141.3
 41.66,  259.8,  -34.75, 141.3
 41.68,  261.7,  -34.63, 141.3
 41.70,  263.3,  -34.63, 141.3
 41.72,  265.0,  -34.75, 141.3
 41.74,  266.6,  -34.50, 141.3
 41.76,  268.2,  -34.50, 141.3
 41.78,  269.8,  -34.50, 141.3
 41.80,  271.6,  -34.50, 141.3
 41.82,  273.3,  -34.38, 141.3
 41.84,  275.0,  -34.50, 141.3
 41.86,  276.6,  -34.63, 141.3
 41.88,  278.2,  -34.63, 141.3
 41.90,  279.9,  -34.75, 141.3
 41.92,  281.7,  -34.75, 141.3
 41.94,  283.4,  -34.75, 141.3
 41.96,  285.0,  -34.63, 141.3
 41.98,  286.6,  -34.63, 141.3
 42.00,  288.3,  -34.63, 141.3
 42.02,  290.0,  -34.63, 141.3
 42.04,  291.8,  -34.75, 150.2
 42.06,  293.4,  -35.00, 150.2
 42.08,  295.0,  -35.00, 150.2
 42.10,  296.8,  -35.00, 150.2
 42.12,  298.6,  -35.00, 150.2
 42.14,  300.2,  -34.88, 150.2
 42.16,  301.8,  -34.75, 150.2
 42.18,  303.5,  -34.88, 150.2
 42.20,  305.2,  -35.13, 150.2
 42.22,  307.0,  -35.13, 150.2
 42.24,  308.6,  -35.13, 150.2
 42.26,  310.3,  -35.13, 150.2
 42.28,  312.1,  -35.13, 150.2
 42.30,  313.8,  -35.00, 150.2
 42.32,  315.4,  -35.25, 150.2
 42.34,  317.2,  -35.50, 150.2
 42.36,  319.0,  -35.50, 150.2
 42.38,  320.6,  -35.25, 150.2
 42.40,  322.4,  -35.25, 150.2
 42.42,  324.2,  -35.38, 150.2
 42.44,  325.8,  -35.50, 150.2
 42.46,  327.6,  -35.50, 150.2
 42.48,  329.4,  -35.50, 150.2
 42.50,  331.1,  -35.38, 150.2
 42.52,  332.9,  -35.38, 150.2
 42.54,  334.6,  -35.63, 150.2
 42.56,  336.4,  -35.75, 150.2
 42.58,  338.1,  -35.63, 150.2
 42.60,  339.8,  -35.50, 150.2
 42.62,  341.6,  -35.50, 150.2
 42.64,  343.4,  -35.50, 150.2
 42.66,  345.0,  -35.63, 150.2
 42.68,  346.8,  -35.75, 150.2
 42.70,  348.5,  -35.63, 150.2
 42.72,  350.3,  -35.50, 150.2
 42.74,  352.0,  -35.50, 150.2
 42.76,  353.8,  -35.75, 150.2
 42.78,  355.6,  -35.75, 150.2
 42.80,  357.3,  -35.63, 150.2
 42.82,  359.0,  -35.63, 150.2
 42.84,  360.8,  -35.63, 150.2
 42.86,  362.6,  -35.50, 150.2
 42.88,  364.3,  -35.63, 150.2
 42.90,  366.0,  -35.75, 150.2
 42.92,  367.7,  -35.63, 150.2
 42.94,  369.4,  -35.50, 150.2
 42.96,  371.1,  -35.50, 150.2
 42.98,  372.9,  -35.50, 150.2
 43.00,  374.5,  -35.38, 150.2
 43.02,  376.3,  -35.50, 150.2
 43.04,  378.0,  -35.63, 150.2
 43.06,  379.7,  -35.50, 150.2
 43.08,  381.4,  -35.50, 150.2
 43.10,  383.0,  -35.50, 150.2
 43.12,  384.8,  -35.38, 150.2
 43.14,  386.4,  -35.38, 150.2
 43.16,  388.2,  -35.38, 150.2
 43.18,  389.8,  -35.50, 150.2
 43.20,  391.5,  -35.50, 150.2
 43.22,  393.3,  -35.50, 150.2
 43.24,  395.0,  -35.50, 150.2
 43.26,  396.6,  -35.50, 150.2
 43.28,  398.4,  -35.38, 150.2
 43.30,  400.2,  -35.38, 150.2
 43.32,  401.8,  -35.38, 150.2
 43.34,  403.4,  -35.38, 150.2
 43.36,  405.1,  -35.50, 150.2
 43.38,  406.9,  -35.63, 150.2
 43.40,  408.6,  -35.63, 150.2
 43.42,  410.2,  -35.50, 150.2
 43.44,  412.0,  -35.50, 150.2
 43.46,  413.6,  -35.50, 150.2
 43.48,  415.4,  -35.50, 150.2
 43.50,  417.0,  -35.50, 150.2
 43.52,  418.6,  -35.75, 150.2
 43.54,  420.3,  -35.75, 150.2
 43.56,  422.2,  -35.75, 150.2
 43.58,  423.8,  -35.75, 150.2
 43.60,  425.4,  -35.75, 150.2
 43.62,  427.2,  -35.63, 150.2
 43.64,  429.0,  -35.75, 150.2
 43.66,  430.6,  -36.00, 150.2
 43.68,  432.3,  -36.00, 150.2
 43.70,  434.2,  -36.00, 150.2
 43.72,  435.8,  -35.88, 150.2
 43.74,  437.5,  -36.00, 150.2
 43.76,  439.2,  -35.88, 150.2
 43.78,  441.0,  -36.00, 150.2
 43.80,  442.6,  -36.13, 150.2
 43.82,  444.4,  -36.13, 150.2
 43.84,  446.2,  -36.00, 150.2
 43.86,  447.8,  -36.13, 150.2
 43.88,  449.6,  -36.13, 150.2
 43.90,  451.4,  -36.13, 150.2
 43.92,  453.0,  -36.25, 150.2
 43.94,  454.6,  -36.38, 150.2
 43.96,  456.5,  -36.38, 150.2
 43.98,  458.2,  -36.25, 150.2
 44.00,  459.8,  -36.38, 150.2
 44.02,  461.7,  -36.50, 150.2
 44.04,  463.3,  -36.50, 150.2
 44.06,  464.9,  -36.50, 150.2
 44.08,  466.8,  -36.50, 150.2
 44.10,  468.4,  -36.50, 150.2
 44.12,  470.2,  -36.38, 150.2
 44.14,  472.0,  -36.50, 150.2
 44.16,  473.6,  -36.50, 150.2
 44.18,  475.3,  -36.50, 150.2
 44.20,  477.2,  -36.50, 150.2
 44.22,  478.8,  -36.50, 150.2
 44.24,  480.5,  -36.38, 150.2
 44.26,  482.3,  -36.38, 150.2
 44.28,  484.0,  -36.50, 150.2
 44.30,  485.6,  -36.50, 150.2
 44.32,  487.4,  -36.50, 150.2
 44.34,  489.2,  -36.50, 150.2
 44.36,  490.8,  -36.50, 150.2
 44.38,  492.4,  -36.38, 150.2
 44.40,  494.2,  -36.38, 150.2
 44.42,  495.9,  -36.38, 150.2
 44.44,  497.6,  -36.38, 141.3
 44.46,  499.2,  -36.50, 141.3
 44.48,  501.0,  -36.50, 141.3
 44.50,  502.8,  -36.50, 141.3
 44.52,  504.4,  -36.50, 141.3
 44.54,  506.0,  -36.50, 141.3
 44.56,  507.8,  -36.50, 141.3
 44.58,  509.5,  -36.38, 141.3
 44.60,  511.2,  -36.25, 141.3
 44.62,  512.8,  -36.25, 141.3
 44.64,  514.4,  -36.38, 141.3
 44.66,  516.2,  -36.38, 141.3
 44.68,  517.8,  -36.25, 141.3
 44.70,  519.6,  -36.38, 141.3
 44.72,  521.2,  -36.50, 141.3
 44.74,  522.8,  -36.38, 141.3
 44.76,  524.4,  -36.50, 141.3
 44.78,  526.0,  -36.50, 141.3
 44.80,  527.7,  -36.50, 141.3
 44.82,  529.3,  -36.38, 141.3
 44.84,  531.0,  -36.38, 141.3
 44.86,  532.7,  -36.50, 141.3
 44.88,  534.3,  -36.38, 141.3
 44.90,  536.0,  -36.38, 141.3
 44.92,  537.7,  -36.63, 141.3
 44.94,  539.4,  -36.63, 141.3
 44.96,  541.0,  -36.63, 141.3
 44.98,  542.6,  -36.75, 141.3
 45.00,  544.3,  -36.75, 141.3
 45.02,  546.0,  -36.63, 141.3
 45.04,  547.6,  -36.63, 141.3
 45.06,  549.3,  -36.75, 141.3
 45.08,  551.0,  -36.75, 141.3
 45.10,  552.6,  -36.63, 141.3
 45.12,  554.3,  -36.75, 141.3
 45.14,  556.0,  -37.00, 141.3
 45.16,  557.6,  -37.00, 141.3
 45.18,  559.4,  -37.00, 141.3
 45.20,  561.0,  -37.13, 141.3
 45.22,  562.7,  -37.00, 141.3
 45.24,  564.4,  -36.88, 141.3
 45.26,  566.0,  -37.00, 141.3
 45.28,  567.8,  -37.13, 141.3
 45.30,  569.5,  -37.25, 141.3
 45.32,  571.1,  -37.25, 141.3
 45.34,  572.8,  -37.38, 141.3
 45.36,  574.6,  -37.25, 141.3
 45.38,  576.3,  -37.13, 141.3
 45.40,  577.9,  -37.13, 141.3
 45.42,  579.7,  -37.38, 141.3
 45.44,  581.4,  -37.38, 141.3
 45.46,  583.1,  -37.50, 141.3
 45.48,  584.7,  -37.50, 141.3
 45.50,  586.5,  -37.50, 141.3
 45.52,  588.2,  -37.25, 141.3
 45.54,  589.9,  -37.25, 141.3
 45.56,  591.5,  -37.38, 141.3
 45.58,  593.3,  -37.50, 141.3
 45.60,  595.1,  -37.50, 141.3
 45.62,  596.7,  -37.63, 141.3
 45.64,  598.4,  -37.63, 141.3
 45.66,  600.2,  -37.38, 141.3
 45.68,  601.9,  -37.38, 141.3
 45.70,  603.5,  -37.50, 141.3
 45.72,  605.3,  -37.63, 141.3
 45.74,  607.1,  -37.63, 141.3
 45.76,  608.7,  -37.63, 141.3
 45.78,  610.4,  -37.63, 141.3
 45.80,  612.2,  -37.38, 141.3
 45.82,  613.9,  -37.25, 141.3
 45.84,  615.5,  -37.38, 141.3
 45.86,  617.3,  -37.38, 141.3
 45.88,  619.0,  -37.38, 141.3
 45.90,  620.7,  -37.50, 141.3
 45.92,  622.3,  -37.63, 141.3
 45.94,  624.1,  -37.50, 141.3
 45.96,  625.8,  -37.50, 141.3
 45.98,  627.5,  -37.50, 141.3
 46.00,  629.1,  -37.38, 141.3
 46.02,  630.7,  -37.25, 141.3
 46.04,  632.5,  -37.25, 141.3
 46.06,  634.2,  -37.38, 141.3
 46.08,  635.9,  -37.50, 141.3
 46.10,  637.5,  -37.50, 141.3
 46.12,  639.2,  -37.63, 141.3
 46.14,  641.0,  -37.50, 141.3
 46.16,  642.7,  -37.38, 141.3
 46.18,  644.3,  -37.25, 141.3
 46.20,  645.9,  -37.38, 141.3
 46.22,  647.7,  -37.38, 141.3
 46.24,  649.4,  -37.38, 141.3
 46.26,  651.1,  -37.50, 141.3
 46.28,  652.7,  -37.63, 141.3
 46.30,  654.4,  -37.50, 141.3
 46.32,  656.2,  -37.50, 141.3
 46.34,  657.9,  -37.63, 141.3
 46.36,  659.5,  -37.50, 141.3
 46.38,  661.1,  -37.38, 141.3
 46.40,  662.8,  -37.50, 141.3
 46.42,  664.5,  -37.50, 141.3
 46.44,  666.3,  -37.63, 141.3
 46.46,  667.9,  -37.63, 141.3
 46.48,  669.5,  -37.75, 141.3
 46.50,  671.3,  -37.75, 141.3
 46.52,  673.1,  -37.50, 141.3
 46.54,  674.7,  -37.63, 141.3
 46.56,  676.3,  -37.75, 141.3
 46.58,  678.1,  -37.88, 141.3
 46.60,  679.9,  -38.00, 141.3
 46.62,  681.5,  -38.00, 141.3
 46.64,  683.3,  -37.88, 141.3
 46.66,  685.1,  -37.75, 141.3
 46.68,  686.7,  -37.88, 141.3
 46.70,  688.4,  -38.13, 141.3
 46.72,  690.2,  -38.00, 141.3
 46.74,  691.9,  -38.13, 141.3
 46.76,  693.6,  -38.00, 141.3
 46.78,  695.3,  -38.00, 141.3
 46.80,  697.0,  -38.00, 141.3
 46.82,  698.7,  -38.13, 141.3
 46.84,  700.5,  -38.38, 141.3
 46.86,  702.2,  -38.13, 141.3
 46.88,  703.9,  -38.13, 141.3
 46.90,  705.6,  -38.25, 141.3
 46.92,  707.4,  -38.38, 141.3
 46.94,  709.1,  -38.38, 141.3
 46.96,  710.8,  -38.25, 141.3
 46.98,  712.5,  -38.25, 141.3
 47.00,  714.3,  -38.25, 141.3
 47.02,  716.1,  -38.38, 141.3
 47.04,  717.8,  -38.50, 141.3
 47.06,  719.6,  -38.50, 141.3
 47.08,  721.3,  -38.25, 141.3
 47.10,  723.1,  -38.25, 141.3
 47.12,  724.9,  -38.38, 141.3
 47.14,  726.6,  -38.50, 141.3
 47.16,  728.3,  -38.38, 141.3
 47.18,  730.1,  -38.38, 141.3
 47.20,  731.9,  -38.38, 141.3
 47.22,  733.6,  -38.25, 141.3
 47.24,  735.3,  -38.25, 141.3
 47.26,  737.1,  -38.50, 141.3
 47.28,  738.8,  -38.50, 141.3
 47.30,  740.5,  -38.38, 141.3
 47.32,  742.3,  -38.25, 141.3
 47.34,  744.0,  -38.38, 141.3
 47.36,  745.7,  -38.25, 141.3
 47.38,  747.5,  -38.38, 141.3
 47.40,  749.1,  -38.50, 141.3
 47.42,  750.9,  -38.50, 141.3
 47.44,  752.7,  -38.25, 141.3
 47.46,  754.3,  -38.25, 141.3
 47.48,  756.1,  -38.25, 141.3
 47.50,  757.9,  -38.25, 141.3
 47.52,  759.5,  -38.25, 141.3
 47.54,  761.2,  -38.38, 141.3
 47.56,  763.1,  -38.38, 141.3
 47.58,  764.7,  -38.25, 141.3
 47.60,  766.4,  -38.13, 141.3
 47.62,  768.1,  -38.25, 141.3
 47.64,  769.9,  -38.25, 141.3
 47.66,  771.5,  -38.13, 141.3
 47.68,  773.1,  -38.38, 141.3
 47.70,  774.9,  -38.38, 141.3
 47.72,  776.7,  -38.38, 141.3
 47.74,  778.3,  -38.38, 141.3
 47.76,  779.9,  -38.38, 141.3
 47.78,  781.7,  -38.38, 141.3
 47.80,  783.5,  -38.25, 141.3
 47.82,  785.1,  -38.38, 141.3
 47.84,  786.7,  -38.50, 141.3
 47.86,  788.4,  -38.50, 141.3
 47.88,  790.3,  -38.50, 141.3
 47.90,  791.9,  -38.50, 141.3
 47.92,  793.5,  -38.50, 141.3
 47.94,  795.3,  -38.38, 141.3
 47.96,  797.1,  -38.38, 141.3
 47.98,  798.7,  -38.63, 141.3
 48.00,  800.4,  -38.63, 141.3
 48.02,  802.3,  -38.63, 141.3
 48.04,  803.9,  -38.75, 141.3
 48.06,  805.5,  -38.63, 141.3
 48.08,  807.3,  -38.50, 141.3
 48.10,  809.1,  -38.63, 141.3
 48.12,  810.7,  -38.88, 141.3
 48.14,  812.3,  -38.88, 141.3
 48.16,  814.1,  -38.88, 141.3
 48.18,  815.9,  -38.88, 141.3
 48.20,  817.5,  -38.88, 141.3
 48.22,  819.2,  -38.88, 141.3
 48.24,  821.1,  -39.00, 141.3
 48.26,  822.7,  -39.13, 141.3
 48.28,  824.3,  -39.13, 141.3
 48.30,  826.2,  -39.00, 141.3
 48.32,  827.9,  -39.00, 141.3
 48.34,  829.5,  -39.13, 141.3
 48.36,  831.3,  -39.00, 141.3
 48.38,  833.1,  -39.13, 141.3
 48.40,  834.7,  -39.25, 141.3
 48.42,  836.6,  -39.25, 141.3
 48.44,  838.3,  -39.00, 141.3
 48.46,  839.9,  -39.13, 141.3
 48.48,  841.7,  -39.13, 141.3
 48.50,  843.5,  -39.13, 141.3
 48.52,  845.1,  -39.25, 141.3
 48.54,  846.8,  -39.38, 141.3
 48.56,  848.7,  -39.38, 141.3
 48.58,  850.3,  -39.13, 141.3
 48.60,  851.9,  -39.13, 141.3
 48.62,  853.7,  -39.25, 141.3
 48.64,  855.5,  -39.25, 141.3
 48.66,  857.1,  -39.25, 141.3
 48.68,  858.8,  -39.38, 141.3
 48.70,  860.6,  -39.38, 141.3
 48.72,  862.3,  -39.25, 141.3
 48.74,  863.9,  -39.13, 141.3
 48.76,  865.7,  -39.25, 141.3
 48.78,  867.5,  -39.25, 141.3
 48.80,  869.1,  -39.13, 141.3
 48.82,  870.7,  -39.25, 141.3
 48.84,  872.5,  -39.38, 141.3
 48.86,  874.3,  -39.38, 141.3
 48.88,  875.9,  -39.25, 141.3
 48.90,  877.6,  -39.38, 141.3
 48.92,  879.3,  -39.25, 141.3
 48.94,  881.0,  -39.13, 141.3
 48.96,  882.6,  -39.13, 141.3
 48.98,  884.2,  -39.13, 141.3
 49.00,  885.7,  -39.13, 141.3
 49.02,  887.5,  -39.13, 141.3
 49.04,  889.1,  -39.25, 141.3
 49.06,  890.9,  -39.38, 141.3
 49.08,  892.5,  -39.25, 141.3
 49.10,  894.1,  -39.38, 141.3
 49.12,  895.8,  -39.38, 141.3
 49.14,  897.5,  -39.38, 141.3
 49.16,  899.1,  -39.13, 141.3
 49.18,  900.9,  -39.13, 141.3
 49.20,  902.5,  -39.25, 141.3
 49.22,  904.1,  -39.25, 141.3
 49.24,  905.9,  -39.25, 141.3
 49.26,  907.5,  -39.38, 141.3
 49.28,  909.2,  -39.50, 141.3
 49.30,  910.9,  -39.50, 141.3
 49.32,  912.5,  -39.50, 141.3
 49.34,  914.2,  -39.63, 141.3
 49.36,  915.9,  -39.63, 141.3
 49.38,  917.5,  -39.50, 141.3
 49.40,  919.1,  -39.38, 141.3
 49.42,  920.9,  -39.50, 141.3
 49.44,  922.5,  -39.38, 141.3
 49.46,  924.2,  -39.50, 141.3
 49.48,  925.9,  -39.63, 141.3
 49.50,  927.5,  -39.88, 141.3
 49.52,  929.2,  -39.75, 141.3
 49.54,  930.9,  -39.75, 141.3
 49.56,  932.6,  -39.75, 141.3
 49.58,  934.3,  -39.75, 141.3
 49.60,  935.9,  -39.63, 141.3
 49.62,  937.7,  -39.75, 141.3
 49.64,  939.4,  -39.88, 141.3
 49.66,  941.1,  -40.00, 141.3
 49.68,  942.7,  -40.00, 141.3
 49.70,  944.5,  -40.13, 141.3
 49.72,  946.2,  -40.00, 141.3
 49.74,  947.9,  -39.88, 141.3
 49.76,  949.5,  -39.88, 141.3
 49.78,  951.3,  -40.00, 141.3
 49.80,  953.0,  -40.00, 141.3
 49.82,  954.7,  -40.13, 141.3
 49.84,  956.3,  -40.25, 141.3
 49.86,  958.1,  -40.25, 141.3
 49.88,  959.8,  -40.00, 141.3
 49.90,  961.5,  -40.00, 141.3
 49.92,  963.1,  -40.13, 141.3
 49.94,  964.9,  -40.25, 141.3
 49.96,  966.7,  -40.38, 141.3
 49.98,  968.3,  -40.38, 141.3
 50.00,  970.0,  -40.25, 141.3
 50.02,  971.8,  -40.13, 141.3
 50.04,  973.5,  -40.13, 141.3
 50.06,  975.1,  -40.25, 141.3
 50.08,  976.9,  -40.38, 141.3
 50.10,  978.7,  -40.38, 141.3
 50.12,  980.3,  -40.38, 141.3
 50.14,  982.1,  -40.38, 141.3
 50.16,  983.8,  -40.25, 141.3
 50.18,  985.5,  -40.13, 141.3
 50.20,  987.1,  -40.25, 141.3
 50.22,  988.9,  -40.25, 141.3
 50.24,  990.7,  -40.25, 141.3
 50.26,  992.3,  -40.38, 141.3
 50.28,  993.9,  -40.38, 141.3
 50.30,  995.7,  -40.38, 141.3
 50.32,  997.5,  -40.25, 141.3
 50.34,  999.1,  -40.13, 141.3
 50.36, 1000.7,  -40.13, 141.3
 50.38, 1002.5,  -40.25, 141.3
 50.40, 1004.3,  -40.25, 141.3
 50.42, 1005.9,  -40.38, 141.3
 50.44, 1007.5,  -40.50, 141.3
 50.46, 1009.3,  -40.38, 141.3
 50.48, 1011.1,  -40.25, 141.3
 50.50, 1012.7,  -40.25, 141.3
 50.52, 1014.3,  -40.25, 141.3
 50.54, 1016.1,  -40.25, 141.3
 50.56, 1017.9,  -40.38, 141.3
 50.58, 1019.5,  -40.50, 141.3
 50.60, 1021.1,  -40.38, 141.3
 50.62, 1022.9,  -40.38, 141.3
 50.64, 1024.7,  -40.38, 141.3
 50.66, 1026.3,  -40.25, 141.3
 50.68, 1027.9,  -40.13, 141.3
 50.70, 1029.7,  -40.25, 141.3
 50.72, 1031.4,  -40.38, 141.3
 50.74, 1033.1,  -40.50, 141.3
 50.76, 1034.7,  -40.50, 141.3
 50.78, 1036.4,  -40.50, 141.3
 50.80, 1038.1,  -40.50, 141.3
 50.82, 1039.9,  -40.38, 141.3
 50.84, 1041.5,  -40.38, 141.3
 50.86, 1043.3,  -40.63, 141.3
 50.88, 1045.0,  -40.75, 141.3
 50.90, 1046.7,  -40.63, 141.3
 50.92, 1048.4,  -40.63, 141.3
 50.94, 1050.1,  -40.63, 141.3
 50.96, 1051.9,  -40.50, 141.3
 50.98, 1053.5,  -40.63, 141.3
 51.00, 1055.3,  -40.88, 141.3
 51.02, 1057.1,  -40.88, 141.3
 51.04, 1058.7,  -40.88, 141.3
 51.06, 1060.5,  -40.75, 141.3
 51.08, 1062.2,  -40.75, 141.3
 51.10, 1063.9,  -40.63, 141.3
 51.12, 1065.5,  -40.38, 141.3
 51.14, 1067.2,  -40.25, 141.3
 51.16, 1068.8,  -40.25, 141.3
 51.18, 1070.5,  -40.25, 141.3
 51.20, 1072.1,  -40.13, 141.3
 51.22, 1073.8,  -40.25, 141.3
 51.24, 1075.4,  -40.25, 141.3
 51.26, 1077.1,  -40.25, 141.3
 51.28, 1078.8,  -40.38, 141.3
 51.30, 1080.4,  -40.50, 141.3
 51.32, 1082.1,  -40.50, 141.3
 51.34, 1083.8,  -40.38, 141.3
 51.36, 1085.4,  -40.38, 141.3
 51.38, 1087.0,  -40.38, 141.3
 51.40, 1088.7,  -40.38, 141.3
 51.42, 1090.4,  -40.25, 141.3
 51.44, 1092.0,  -40.50, 141.3
 51.46, 1093.7,  -40.50, 141.3
 51.48, 1095.3,  -40.38, 141.3
 51.50, 1097.0,  -40.38, 141.3
 51.52, 1098.7,  -40.38, 141.3
 51.54, 1100.3,  -40.38, 141.3
 51.56, 1102.0,  -40.25, 141.3
 51.58, 1103.6,  -40.25, 141.3
 51.60, 1105.2,  -40.38, 141.3
 51.62, 1106.8,  -40.50, 141.3
 51.64, 1108.4,  -40.50, 145.8
 51.66, 1110.1,  -40.50, 145.8
 51.68, 1111.7,  -40.63, 145.8
 51.70, 1113.4,  -40.50, 145.8
 51.72, 1115.0,  -40.63, 145.8
 51.74, 1116.6,  -40.88, 145.8
 51.76, 1118.4,  -40.88, 145.8
 51.78, 1120.0,  -40.75, 145.8
 51.80, 1121.6,  -40.75, 145.8
 51.82, 1123.2,  -40.75, 145.8
 51.84, 1124.8,  -40.63, 145.8
 51.86, 1126.5,  -40.50, 145.8
 51.88, 1128.1,  -40.50, 145.8
 51.90, 1129.7,  -40.63, 145.8
 51.92, 1131.3,  -40.50, 145.8
 51.94, 1133.0,  -40.50, 145.8
 51.96, 1134.6,  -40.63, 145.8
 51.98, 1136.3,  -40.75, 145.8
 52.00, 1137.9,  -40.63, 145.8
 52.02, 1139.5,  -40.63, 145.8
===============================
Changed Angle: -3.38
Elapsed Time : 4.36
Disk R.P.M   : 106.0
===============================
2018-04-13.  12:23:28.

