Device: Gyroscope
===============================
  Time  Rotation   Tilt   D-RPM
------- -------- ------- ------
  0.00,    1.2,   -7.63, 300.3
  0.02,    2.4,   -7.75, 300.3
  0.04,    3.6,   -7.75, 300.3
  0.06,    4.8,   -7.38, 300.3
  0.08,    5.9,   -7.50, 300.3
  0.10,    7.0,   -7.25, 300.3
  0.12,    8.0,   -7.25, 300.3
  0.14,    9.2,   -7.38, 300.3
  0.16,   10.3,   -7.38, 300.3
  0.18,   11.4,   -7.00, 300.3
  0.20,   12.4,   -7.13, 300.3
  0.22,   13.6,   -7.25, 300.3
  0.24,   14.7,   -7.13, 300.3
  0.26,   15.6,   -6.75, 300.3
  0.28,   16.8,   -6.63, 300.3
  0.30,   17.8,   -6.50, 300.3
  0.32,   18.8,   -6.50, 300.3
  0.34,   19.6,   -6.38, 300.3
  0.36,   20.8,   -6.38, 300.3
  0.38,   21.6,   -6.38, 300.3
  0.40,   22.7,   -6.50, 300.3
  0.42,   23.6,   -6.63, 300.3
  0.44,   24.7,   -6.38, 300.3
  0.46,   25.6,   -6.13, 300.3
  0.48,   26.7,   -6.00, 300.3
  0.50,   27.6,   -6.13, 300.3
  0.52,   28.4,   -6.13, 300.3
  0.54,   29.4,   -6.00, 300.3
  0.56,   30.4,   -6.13, 300.3
  0.58,   31.2,   -6.25, 300.3
  0.60,   32.3,   -6.50, 300.3
  0.62,   33.2,   -6.50, 300.3
  0.64,   34.2,   -6.38, 300.3
  0.66,   35.2,   -6.50, 300.3
  0.68,   36.1,   -6.38, 300.3
  0.70,   37.2,   -6.50, 300.3
  0.72,   38.0,   -6.38, 300.3
  0.74,   39.1,   -6.75, 300.3
  0.76,   40.0,   -6.88, 300.3
  0.78,   41.1,   -6.88, 300.3
  0.80,   42.0,   -7.25, 300.3
  0.82,   43.2,   -7.25, 300.3
  0.84,   44.3,   -7.25, 300.3
  0.86,   45.2,   -7.50, 300.3
  0.88,   46.4,   -7.25, 300.3
  0.90,   47.5,   -7.50, 300.3
  0.92,   48.4,   -7.38, 300.3
  0.94,   49.6,   -7.63, 300.3
  0.96,   50.7,   -7.75, 300.3
  0.98,   51.8,   -7.75, 300.3
  1.00,   52.8,   -8.13, 300.3
  1.02,   54.0,   -7.88, 300.3
  1.04,   55.2,   -8.25, 300.3
  1.06,   56.4,   -8.00, 300.3
  1.08,   57.6,   -8.13, 300.3
  1.10,   58.8,   -8.13, 300.3
  1.12,   59.9,   -8.00, 300.3
  1.14,   61.0,   -8.13, 300.3
  1.16,   62.0,   -8.00, 300.3
  1.18,   63.2,   -8.13, 300.3
  1.20,   64.4,   -8.00, 300.3
  1.22,   65.6,   -8.00, 300.3
  1.24,   66.8,   -8.13, 300.3
  1.26,   68.0,   -7.75, 300.3
  1.28,   69.1,   -7.88, 300.3
  1.30,   70.2,   -7.88, 300.3
  1.32,   71.2,   -7.63, 300.3
  1.34,   72.4,   -7.75, 300.3
  1.36,   73.5,   -7.63, 300.3
  1.38,   74.4,   -7.50, 300.3
  1.40,   75.6,   -7.25, 300.3
  1.42,   76.7,   -7.38, 300.3
  1.44,   77.7,   -7.38, 300.3
  1.46,   78.8,   -7.13, 300.3
  1.48,   79.8,   -7.00, 300.3
  1.50,   80.8,   -7.00, 300.3
  1.52,   81.9,   -7.00, 300.3
  1.54,   82.8,   -7.00, 300.3
  1.56,   83.8,   -6.75, 300.3
  1.58,   84.8,   -6.63, 300.3
  1.60,   85.7,   -6.63, 300.3
  1.62,   86.8,   -6.75, 300.3
  1.64,   87.6,   -6.75, 300.3
  1.66,   88.8,   -6.63, 300.3
  1.68,   89.6,   -6.50, 300.3
  1.70,   90.6,   -6.50, 300.3
  1.72,   91.6,   -6.75, 300.3
  1.74,   92.4,   -6.75, 300.3
  1.76,   93.4,   -6.63, 300.3
  1.78,   94.4,   -6.63, 300.3
  1.80,   95.2,   -6.75, 300.3
  1.82,   96.4,   -6.88, 300.3
  1.84,   97.2,   -6.75, 300.3
  1.86,   98.3,   -7.00, 300.3
  1.88,   99.2,   -7.13, 300.3
  1.90,  100.3,   -7.25, 300.3
  1.92,  101.2,   -7.25, 300.3
  1.94,  102.2,   -7.50, 300.3
  1.96,  103.2,   -7.38, 300.3
  1.98,  104.4,   -7.50, 300.3
  2.00,  105.2,   -7.63, 300.3
  2.02,  106.4,   -7.50, 300.3
  2.04,  107.5,   -7.75, 300.3
  2.06,  108.6,   -7.88, 300.3
  2.08,  109.6,   -8.00, 300.3
  2.10,  110.8,   -8.25, 300.3
  2.12,  111.9,   -8.13, 300.3
  2.14,  113.0,   -8.50, 300.3
  2.16,  114.0,   -8.38, 300.3
  2.18,  115.2,   -8.50, 300.3
  2.20,  116.4,   -8.38, 300.3
  2.22,  117.6,   -8.38, 300.3
  2.24,  118.8,   -8.38, 300.3
  2.26,  119.9,   -8.50, 300.3
  2.28,  121.0,   -8.50, 300.3
  2.30,  122.2,   -8.63, 300.3
  2.32,  123.4,   -8.75, 300.3
  2.34,  124.6,   -8.63, 300.3
  2.36,  125.6,   -8.75, 300.3
  2.38,  126.8,   -8.50, 300.3
  2.40,  128.0,   -8.50, 300.3
  2.42,  129.2,   -8.38, 300.3
  2.44,  130.3,   -8.13, 300.3
  2.46,  131.4,   -8.25, 300.3
  2.48,  132.6,   -8.25, 300.3
  2.50,  133.7,   -8.00, 300.3
  2.52,  134.8,   -8.25, 300.3
  2.54,  136.0,   -8.25, 300.3
  2.56,  137.0,   -7.88, 300.3
  2.58,  138.0,   -7.88, 300.3
  2.60,  139.1,   -7.88, 300.3
  2.62,  140.2,   -7.75, 300.3
  2.64,  141.2,   -7.50, 300.3
  2.66,  142.2,   -7.25, 300.3
  2.68,  143.2,   -7.38, 300.3
  2.70,  144.4,   -7.38, 300.3
  2.72,  145.3,   -7.50, 300.3
  2.74,  146.3,   -7.25, 300.3
  2.76,  147.2,   -7.13, 300.3
  2.78,  148.2,   -7.25, 300.3
  2.80,  149.2,   -7.13, 295.9
  2.82,  150.1,   -7.25, 295.9
  2.84,  151.1,   -7.00, 295.9
  2.86,  152.0,   -7.00, 295.9
  2.88,  153.0,   -7.00, 295.9
  2.90,  154.0,   -7.13, 295.9
  2.92,  155.0,   -7.13, 295.9
  2.94,  155.9,   -7.00, 295.9
  2.96,  156.8,   -7.13, 295.9
  2.98,  157.8,   -7.25, 295.9
  3.00,  158.8,   -7.25, 295.9
  3.02,  159.7,   -7.38, 295.9
  3.04,  160.7,   -7.63, 295.9
  3.06,  161.7,   -7.63, 295.9
  3.08,  162.8,   -7.38, 295.9
  3.10,  163.8,   -7.75, 295.9
  3.12,  164.8,   -7.88, 295.9
  3.14,  165.9,   -7.88, 295.9
  3.16,  166.9,   -8.00, 295.9
  3.18,  167.9,   -7.88, 295.9
  3.20,  169.0,   -8.25, 295.9
  3.22,  170.0,   -8.25, 295.9
  3.24,  171.1,   -8.50, 295.9
  3.26,  172.2,   -8.75, 295.9
  3.28,  173.4,   -8.50, 295.9
  3.30,  174.5,   -8.75, 295.9
  3.32,  175.6,   -8.63, 295.9
  3.34,  176.8,   -8.88, 295.9
  3.36,  178.0,   -8.75, 295.9
  3.38,  179.1,   -8.88, 295.9
  3.40,  180.3,   -8.88, 295.9
  3.42,  181.4,   -9.00, 295.9
  3.44,  182.6,   -9.13, 295.9
  3.46,  183.8,   -9.25, 295.9
  3.48,  185.0,   -9.25, 295.9
  3.50,  186.2,   -9.13, 295.9
  3.52,  187.3,   -9.13, 295.9
  3.54,  188.5,   -8.88, 295.9
  3.56,  189.7,   -8.88, 295.9
  3.58,  190.8,   -8.75, 295.9
  3.60,  191.9,   -8.63, 295.9
  3.62,  193.1,   -8.75, 295.9
  3.64,  194.2,   -8.75, 295.9
  3.66,  195.4,   -8.75, 295.9
  3.68,  196.4,   -8.88, 295.9
  3.70,  197.5,   -8.75, 295.9
  3.72,  198.6,   -8.38, 295.9
  3.74,  199.8,   -8.38, 295.9
  3.76,  200.9,   -8.25, 295.9
  3.78,  201.9,   -8.00, 295.9
  3.80,  203.0,   -7.75, 295.9
  3.82,  203.9,   -7.88, 295.9
  3.84,  205.0,   -7.88, 295.9
  3.86,  206.0,   -8.00, 295.9
  3.88,  207.0,   -7.88, 295.9
  3.90,  208.0,   -7.88, 295.9
  3.92,  209.0,   -7.88, 295.9
  3.94,  210.0,   -7.75, 295.9
  3.96,  211.0,   -7.50, 295.9
  3.98,  211.9,   -7.38, 295.9
  4.00,  213.0,   -7.25, 295.9
  4.02,  213.8,   -7.50, 295.9
  4.04,  214.8,   -7.50, 295.9
  4.06,  215.8,   -7.50, 295.9
  4.08,  216.7,   -7.63, 295.9
  4.10,  217.8,   -7.75, 295.9
  4.12,  218.6,   -7.88, 295.9
  4.14,  219.7,   -7.75, 295.9
  4.16,  220.6,   -7.63, 295.9
  4.18,  221.6,   -7.63, 295.9
  4.20,  222.6,   -7.75, 295.9
  4.22,  223.6,   -7.75, 295.9
  4.24,  224.6,   -8.00, 295.9
  4.26,  225.5,   -8.13, 295.9
  4.28,  226.6,   -8.25, 295.9
  4.30,  227.6,   -8.50, 295.9
  4.32,  228.6,   -8.50, 295.9
  4.34,  229.8,   -8.50, 295.9
  4.36,  230.8,   -8.63, 295.9
  4.38,  231.8,   -8.63, 295.9
  4.40,  233.0,   -8.88, 295.9
  4.42,  234.1,   -8.75, 295.9
  4.44,  235.1,   -9.13, 295.9
  4.46,  236.2,   -9.00, 295.9
  4.48,  237.4,   -9.38, 295.9
  4.50,  238.6,   -9.25, 295.9
  4.52,  239.8,   -9.25, 295.9
  4.54,  241.0,   -9.50, 295.9
  4.56,  242.1,   -9.38, 295.9
  4.58,  243.2,   -9.50, 295.9
  4.60,  244.4,   -9.38, 295.9
  4.62,  245.5,   -9.63, 295.9
  4.64,  246.7,   -9.50, 295.9
  4.66,  247.8,   -9.63, 295.9
  4.68,  249.0,   -9.50, 295.9
  4.70,  250.2,   -9.50, 295.9
  4.72,  251.4,   -9.50, 295.9
  4.74,  252.6,   -9.38, 295.9
  4.76,  253.8,   -9.50, 295.9
  4.78,  255.0,   -9.38, 295.9
  4.80,  256.2,   -9.13, 295.9
  4.82,  257.2,   -9.38, 295.9
  4.84,  258.3,   -9.00, 295.9
  4.86,  259.4,   -9.00, 295.9
  4.88,  260.6,   -9.00, 295.9
  4.90,  261.6,   -8.88, 295.9
  4.92,  262.6,   -8.88, 295.9
  4.94,  263.8,   -8.75, 295.9
  4.96,  265.0,   -8.75, 295.9
  4.98,  266.0,   -8.50, 295.9
  5.00,  267.0,   -8.50, 295.9
  5.02,  268.0,   -8.38, 295.9
  5.04,  269.0,   -8.38, 295.9
  5.06,  270.0,   -8.38, 295.9
  5.08,  271.0,   -8.13, 295.9
  5.10,  271.9,   -8.13, 295.9
  5.12,  273.0,   -8.13, 295.9
  5.14,  274.0,   -8.13, 295.9
  5.16,  275.0,   -7.88, 295.9
  5.18,  275.9,   -7.88, 295.9
  5.20,  277.0,   -8.00, 291.5
  5.22,  277.8,   -8.00, 291.5
  5.24,  278.8,   -8.13, 291.5
  5.26,  279.8,   -8.00, 291.5
  5.28,  280.6,   -8.13, 291.5
  5.30,  281.7,   -8.13, 291.5
  5.32,  282.6,   -8.13, 291.5
  5.34,  283.6,   -8.13, 291.5
  5.36,  284.6,   -8.00, 291.5
  5.38,  285.6,   -8.38, 291.5
  5.40,  286.6,   -8.38, 291.5
  5.42,  287.6,   -8.50, 291.5
  5.44,  288.6,   -8.88, 291.5
  5.46,  289.6,   -8.75, 291.5
  5.48,  290.6,   -8.88, 291.5
  5.50,  291.8,   -9.00, 291.5
  5.52,  292.7,   -8.88, 291.5
  5.54,  293.8,   -9.00, 291.5
  5.56,  295.0,   -9.00, 291.5
  5.58,  296.0,   -9.25, 291.5
  5.60,  297.2,   -9.38, 291.5
  5.62,  298.2,   -9.50, 291.5
  5.64,  299.4,   -9.75, 291.5
  5.66,  300.6,   -9.88, 291.5
  5.68,  301.6,  -10.00, 291.5
  5.70,  302.8,   -9.88, 291.5
  5.72,  303.9,   -9.88, 291.5
  5.74,  305.0,   -9.75, 291.5
  5.76,  306.2,  -10.00, 291.5
  5.78,  307.4,   -9.88, 291.5
  5.80,  308.6,  -10.13, 291.5
  5.82,  309.8,   -9.88, 291.5
  5.84,  311.0,  -10.13, 291.5
  5.86,  312.2,  -10.13, 291.5
  5.88,  313.4,  -10.13, 291.5
  5.90,  314.6,  -10.25, 291.5
  5.92,  315.7,   -9.88, 291.5
  5.94,  316.9,   -9.88, 291.5
  5.96,  318.0,   -9.63, 291.5
  5.98,  319.2,   -9.63, 291.5
  6.00,  320.4,   -9.88, 291.5
  6.02,  321.4,   -9.50, 291.5
  6.04,  322.6,   -9.50, 291.5
  6.06,  323.8,   -9.63, 291.5
  6.08,  324.8,   -9.50, 291.5
  6.10,  326.0,   -9.38, 291.5
  6.12,  327.0,   -9.38, 291.5
  6.14,  328.0,   -9.13, 291.5
  6.16,  329.1,   -8.88, 291.5
  6.18,  330.2,   -8.88, 291.5
  6.20,  331.2,   -8.88, 291.5
  6.22,  332.2,   -8.88, 291.5
  6.24,  333.2,   -8.75, 291.5
  6.26,  334.2,   -8.63, 291.5
  6.28,  335.2,   -8.63, 291.5
  6.30,  336.2,   -8.75, 291.5
  6.32,  337.2,   -8.75, 291.5
  6.34,  338.2,   -8.50, 291.5
  6.36,  339.1,   -8.38, 291.5
  6.38,  340.1,   -8.38, 291.5
  6.40,  341.1,   -8.50, 291.5
  6.42,  342.0,   -8.63, 291.5
  6.44,  343.0,   -8.38, 291.5
  6.46,  344.0,   -8.50, 291.5
  6.48,  345.0,   -8.50, 291.5
  6.50,  346.0,   -8.75, 291.5
  6.52,  346.8,   -8.63, 291.5
  6.54,  347.8,   -8.88, 291.5
  6.56,  348.8,   -9.00, 291.5
  6.58,  349.9,   -8.75, 291.5
  6.60,  350.8,   -9.00, 291.5
  6.62,  351.9,   -9.13, 291.5
  6.64,  353.0,   -9.25, 291.5
  6.66,  354.0,   -9.25, 291.5
  6.68,  355.0,   -9.38, 291.5
  6.70,  356.0,   -9.25, 291.5
  6.72,  357.2,   -9.50, 291.5
  6.74,  358.2,   -9.63, 291.5
  6.76,  359.2,   -9.88, 291.5
  6.78,  360.4,   -9.88, 291.5
  6.80,  361.6,  -10.00, 291.5
  6.82,  362.7,  -10.13, 291.5
  6.84,  363.8,  -10.38, 291.5
  6.86,  365.0,  -10.38, 291.5
  6.88,  366.1,  -10.38, 291.5
  6.90,  367.2,  -10.25, 291.5
  6.92,  368.4,  -10.25, 291.5
  6.94,  369.6,  -10.38, 291.5
  6.96,  370.8,  -10.50, 291.5
  6.98,  372.0,  -10.63, 291.5
  7.00,  373.2,  -10.50, 291.5
  7.02,  374.4,  -10.75, 291.5
  7.04,  375.6,  -10.50, 291.5
  7.06,  376.8,  -10.75, 291.5
  7.08,  378.0,  -10.38, 291.5
  7.10,  379.2,  -10.38, 291.5
  7.12,  380.4,  -10.25, 291.5
  7.14,  381.5,  -10.00, 291.5
  7.16,  382.7,  -10.25, 291.5
  7.18,  383.6,  -10.00, 291.5
  7.20,  384.8,  -10.13, 291.5
  7.22,  386.0,  -10.25, 291.5
  7.24,  387.2,  -10.13, 291.5
  7.26,  388.3,  -10.00, 291.5
  7.28,  389.4,  -10.00, 291.5
  7.30,  390.4,   -9.88, 291.5
  7.32,  391.6,   -9.38, 291.5
  7.34,  392.6,   -9.38, 291.5
  7.36,  393.6,   -9.25, 291.5
  7.38,  394.7,   -9.25, 291.5
  7.40,  395.6,   -9.00, 291.5
  7.42,  396.7,   -9.25, 291.5
  7.44,  397.6,   -9.38, 291.5
  7.46,  398.8,   -9.38, 291.5
  7.48,  399.6,   -9.25, 291.5
  7.50,  400.8,   -8.88, 291.5
  7.52,  401.6,   -8.88, 291.5
  7.54,  402.8,   -8.88, 291.5
  7.56,  403.6,   -8.88, 291.5
  7.58,  404.6,   -8.75, 291.5
  7.60,  405.6,   -8.75, 287.1
  7.62,  406.4,   -9.00, 287.1
  7.64,  407.6,   -9.13, 287.1
  7.66,  408.4,   -9.13, 287.1
  7.68,  409.5,   -9.00, 287.1
  7.70,  410.4,   -9.25, 287.1
  7.72,  411.5,   -9.25, 287.1
  7.74,  412.4,   -9.00, 287.1
  7.76,  413.5,   -9.38, 287.1
  7.78,  414.4,   -9.38, 287.1
  7.80,  415.5,   -9.38, 287.1
  7.82,  416.4,   -9.75, 287.1
  7.84,  417.5,   -9.75, 287.1
  7.86,  418.5,   -9.88, 287.1
  7.88,  419.5,  -10.00, 287.1
  7.90,  420.7,   -9.88, 287.1
  7.92,  421.8,  -10.13, 287.1
  7.94,  422.7,  -10.13, 287.1
  7.96,  423.9,  -10.38, 287.1
  7.98,  425.1,  -10.38, 287.1
  8.00,  426.2,  -10.63, 287.1
  8.02,  427.3,  -10.50, 287.1
  8.04,  428.3,  -10.88, 287.1
  8.06,  429.5,  -10.75, 287.1
  8.08,  430.7,  -11.00, 287.1
  8.10,  431.9,  -10.88, 287.1
  8.12,  433.1,  -11.00, 287.1
  8.14,  434.3,  -10.88, 287.1
  8.16,  435.5,  -11.00, 287.1
  8.18,  436.7,  -11.00, 287.1
  8.20,  437.9,  -11.00, 287.1
  8.22,  439.1,  -11.00, 287.1
  8.24,  440.3,  -10.88, 287.1
  8.26,  441.5,  -11.00, 287.1
  8.28,  442.7,  -10.75, 287.1
  8.30,  443.9,  -11.00, 287.1
  8.32,  445.1,  -10.75, 287.1
  8.34,  446.3,  -10.63, 287.1
  8.36,  447.5,  -10.75, 287.1
  8.38,  448.7,  -10.50, 287.1
  8.40,  449.7,  -10.63, 287.1
  8.42,  450.7,  -10.50, 287.1
  8.44,  451.9,  -10.25, 287.1
  8.46,  453.1,  -10.25, 287.1
  8.48,  454.1,  -10.13, 287.1
  8.50,  455.1,  -10.00, 287.1
  8.52,  456.3,   -9.75, 287.1
  8.54,  457.5,   -9.88, 287.1
  8.56,  458.5,   -9.88, 287.1
  8.58,  459.5,   -9.75, 287.1
  8.60,  460.5,   -9.63, 287.1
  8.62,  461.5,   -9.75, 287.1
  8.64,  462.5,   -9.75, 287.1
  8.66,  463.5,   -9.50, 287.1
  8.68,  464.5,   -9.25, 287.1
  8.70,  465.5,   -9.13, 287.1
  8.72,  466.5,   -9.25, 287.1
  8.74,  467.5,   -9.25, 287.1
  8.76,  468.4,   -9.25, 287.1
  8.78,  469.5,   -9.25, 287.1
  8.80,  470.3,   -9.50, 287.1
  8.82,  471.5,   -9.63, 287.1
  8.84,  472.3,   -9.50, 287.1
  8.86,  473.3,   -9.50, 287.1
  8.88,  474.3,   -9.50, 287.1
  8.90,  475.3,   -9.63, 287.1
  8.92,  476.3,   -9.38, 287.1
  8.94,  477.3,   -9.63, 287.1
  8.96,  478.3,   -9.88, 287.1
  8.98,  479.3,   -9.75, 287.1
  9.00,  480.3,  -10.13, 287.1
  9.02,  481.5,  -10.13, 287.1
  9.04,  482.5,  -10.25, 287.1
  9.06,  483.5,  -10.38, 287.1
  9.08,  484.6,  -10.38, 287.1
  9.10,  485.7,  -10.63, 287.1
  9.12,  486.7,  -10.38, 287.1
  9.14,  487.9,  -10.63, 287.1
  9.16,  489.1,  -10.50, 287.1
  9.18,  490.2,  -10.88, 287.1
  9.20,  491.3,  -11.00, 287.1
  9.22,  492.5,  -11.25, 287.1
  9.24,  493.7,  -11.13, 287.1
  9.26,  494.8,  -11.25, 287.1
  9.28,  495.9,  -11.25, 287.1
  9.30,  497.1,  -11.38, 287.1
  9.32,  498.3,  -11.25, 287.1
  9.34,  499.5,  -11.38, 287.1
  9.36,  500.7,  -11.25, 287.1
  9.38,  501.9,  -11.38, 287.1
  9.40,  503.3,  -11.25, 287.1
  9.42,  504.5,  -11.50, 287.1
  9.44,  505.7,  -11.38, 287.1
  9.46,  506.8,  -11.38, 287.1
  9.48,  507.9,  -11.25, 287.1
  9.50,  509.1,  -11.13, 287.1
  9.52,  510.3,  -11.25, 287.1
  9.54,  511.5,  -11.13, 287.1
  9.56,  512.7,  -11.00, 287.1
  9.58,  513.9,  -11.00, 287.1
  9.60,  515.0,  -10.75, 287.1
  9.62,  516.1,  -10.63, 287.1
  9.64,  517.3,  -10.75, 287.1
  9.66,  518.3,  -10.50, 287.1
  9.68,  519.5,  -10.38, 287.1
  9.70,  520.5,  -10.50, 287.1
  9.72,  521.5,  -10.38, 287.1
  9.74,  522.7,  -10.25, 287.1
  9.76,  523.7,  -10.13, 287.1
  9.78,  524.7,  -10.25, 287.1
  9.80,  525.7,  -10.00, 287.1
  9.82,  526.8,   -9.88, 287.1
  9.84,  527.8,   -9.75, 287.1
  9.86,  528.8,   -9.88, 287.1
  9.88,  529.8,   -9.88, 287.1
  9.90,  530.7,   -9.63, 287.1
  9.92,  531.7,   -9.63, 287.1
  9.94,  532.7,   -9.88, 287.1
  9.96,  533.7,  -10.00, 287.1
  9.98,  534.7,   -9.88, 287.1
 10.00,  535.7,   -9.75, 282.7
 10.02,  536.6,   -9.75, 282.7
 10.04,  537.7,   -9.88, 282.7
 10.06,  538.7,   -9.88, 282.7
 10.08,  539.7,   -9.75, 282.7
 10.10,  540.6,  -10.00, 282.7
 10.12,  541.7,   -9.88, 282.7
 10.14,  542.7,  -10.13, 282.7
 10.16,  543.7,  -10.38, 282.7
 10.18,  544.7,  -10.50, 282.7
 10.20,  545.7,  -10.63, 282.7
 10.22,  546.9,  -10.75, 282.7
 10.24,  547.9,  -10.63, 282.7
 10.26,  549.0,  -10.75, 282.7
 10.28,  550.1,  -10.75, 282.7
 10.30,  551.2,  -10.88, 282.7
 10.32,  552.3,  -10.88, 282.7
 10.34,  553.4,  -11.13, 282.7
 10.36,  554.5,  -11.25, 282.7
 10.38,  555.7,  -11.63, 282.7
 10.40,  556.9,  -11.63, 282.7
 10.42,  558.1,  -11.88, 282.7
 10.44,  559.3,  -11.63, 282.7
 10.46,  560.5,  -11.75, 282.7
 10.48,  561.7,  -11.50, 282.7
 10.50,  562.9,  -11.75, 282.7
 10.52,  564.1,  -11.50, 282.7
 10.54,  565.3,  -11.63, 282.7
 10.56,  566.4,  -11.75, 282.7
 10.58,  567.6,  -12.00, 282.7
 10.60,  568.8,  -12.00, 282.7
 10.62,  570.1,  -12.00, 282.7
 10.64,  571.3,  -12.00, 282.7
 10.66,  572.5,  -11.75, 282.7
 10.68,  573.7,  -11.75, 282.7
 10.70,  574.9,  -11.50, 282.7
 10.72,  576.1,  -11.38, 282.7
 10.74,  577.2,  -11.25, 282.7
 10.76,  578.3,  -11.13, 282.7
 10.78,  579.4,  -11.50, 282.7
 10.80,  580.5,  -11.25, 282.7
 10.82,  581.7,  -11.38, 282.7
 10.84,  582.9,  -11.25, 282.7
 10.86,  583.9,  -11.13, 282.7
 10.88,  585.0,  -10.88, 282.7
 10.90,  586.1,  -10.75, 282.7
 10.92,  587.3,  -10.75, 282.7
 10.94,  588.2,  -10.38, 282.7
 10.96,  589.3,  -10.38, 282.7
 10.98,  590.3,  -10.38, 282.7
 11.00,  591.3,  -10.50, 282.7
 11.02,  592.3,  -10.38, 282.7
 11.04,  593.3,  -10.38, 282.7
 11.06,  594.3,  -10.38, 282.7
 11.08,  595.3,  -10.38, 282.7
 11.10,  596.3,  -10.38, 282.7
 11.12,  597.3,  -10.13, 282.7
 11.14,  598.3,  -10.13, 282.7
 11.16,  599.3,  -10.13, 282.7
 11.18,  600.3,  -10.13, 282.7
 11.20,  601.3,  -10.00, 282.7
 11.22,  602.1,  -10.25, 282.7
 11.24,  603.2,  -10.50, 282.7
 11.26,  604.0,  -10.38, 282.7
 11.28,  605.2,  -10.50, 282.7
 11.30,  606.0,  -10.63, 282.7
 11.32,  607.2,  -10.63, 282.7
 11.34,  608.2,  -10.63, 282.7
 11.36,  609.2,  -10.88, 282.7
 11.38,  610.3,  -10.75, 282.7
 11.40,  611.2,  -11.00, 282.7
 11.42,  612.4,  -11.13, 282.7
 11.44,  613.4,  -11.13, 282.7
 11.46,  614.4,  -11.38, 282.7
 11.48,  615.6,  -11.38, 282.7
 11.50,  616.8,  -11.63, 282.7
 11.52,  618.0,  -11.50, 282.7
 11.54,  619.0,  -11.88, 282.7
 11.56,  620.2,  -11.75, 282.7
 11.58,  621.3,  -12.00, 282.7
 11.60,  622.4,  -12.00, 282.7
 11.62,  623.6,  -12.13, 282.7
 11.64,  624.8,  -12.13, 282.7
 11.66,  626.0,  -12.25, 282.7
 11.68,  627.2,  -12.25, 282.7
 11.70,  628.4,  -12.25, 282.7
 11.72,  629.6,  -12.25, 282.7
 11.74,  630.8,  -12.38, 282.7
 11.76,  632.0,  -12.25, 282.7
 11.78,  633.2,  -12.38, 282.7
 11.80,  634.4,  -12.13, 282.7
 11.82,  635.6,  -12.38, 282.7
 11.84,  636.8,  -12.13, 282.7
 11.86,  638.0,  -12.25, 282.7
 11.88,  639.2,  -12.00, 282.7
 11.90,  640.4,  -12.00, 282.7
 11.92,  641.6,  -12.13, 282.7
 11.94,  642.8,  -11.88, 282.7
 11.96,  644.0,  -12.00, 282.7
 11.98,  645.2,  -11.88, 282.7
 12.00,  646.3,  -11.75, 282.7
 12.02,  647.4,  -11.63, 282.7
 12.04,  648.4,  -11.63, 282.7
 12.06,  649.6,  -11.38, 282.7
 12.08,  650.6,  -11.38, 282.7
 12.10,  651.6,  -11.38, 282.7
 12.12,  652.8,  -11.13, 282.7
 12.14,  653.8,  -11.00, 282.7
 12.16,  654.8,  -10.88, 282.7
 12.18,  656.0,  -11.00, 282.7
 12.20,  657.0,  -10.88, 282.7
 12.22,  658.0,  -10.88, 282.7
 12.24,  658.9,  -10.75, 282.7
 12.26,  660.0,  -10.88, 282.7
 12.28,  660.9,  -10.75, 282.7
 12.30,  661.9,  -10.63, 282.7
 12.32,  662.8,  -10.63, 282.7
 12.34,  663.8,  -10.63, 282.7
 12.36,  664.8,  -10.75, 282.7
 12.38,  665.8,  -10.63, 282.7
 12.40,  666.8,  -10.63, 282.7
 12.42,  667.8,  -10.88, 282.7
 12.44,  668.8,  -11.00, 282.7
 12.46,  669.8,  -10.88, 282.7
 12.48,  670.8,  -11.00, 282.7
 12.50,  671.8,  -11.13, 282.7
 12.52,  672.8,  -11.00, 282.7
 12.54,  673.8,  -11.25, 282.7
 12.56,  674.8,  -11.13, 282.7
 12.58,  676.0,  -11.38, 282.7
 12.60,  677.0,  -11.50, 282.7
 12.62,  678.1,  -11.50, 282.7
 12.64,  679.2,  -11.75, 282.7
 12.66,  680.4,  -11.88, 282.7
 12.68,  681.4,  -12.13, 282.7
 12.70,  682.6,  -12.00, 282.7
 12.72,  683.6,  -12.25, 282.7
 12.74,  684.8,  -12.13, 282.7
 12.76,  686.0,  -12.38, 282.7
 12.78,  687.2,  -12.25, 282.7
 12.80,  688.4,  -12.25, 282.7
 12.82,  689.6,  -12.50, 285.0
 12.84,  690.8,  -12.63, 285.0
 12.86,  692.0,  -12.63, 285.0
 12.88,  693.1,  -12.75, 285.0
 12.90,  694.4,  -12.75, 285.0
 12.92,  695.5,  -12.88, 285.0
 12.94,  696.7,  -12.88, 285.0
 12.96,  697.9,  -12.88, 285.0
 12.98,  699.2,  -12.75, 285.0
 13.00,  700.4,  -12.88, 285.0
 13.02,  701.7,  -12.75, 285.0
 13.04,  702.9,  -12.75, 285.0
 13.06,  704.1,  -12.63, 285.0
 13.08,  705.3,  -12.50, 285.0
 13.10,  706.5,  -12.50, 285.0
 13.12,  707.5,  -12.50, 285.0
 13.14,  708.7,  -12.50, 285.0
 13.16,  709.9,  -12.50, 285.0
 13.18,  711.1,  -12.13, 285.0
 13.20,  712.3,  -12.13, 285.0
 13.22,  713.4,  -12.13, 285.0
 13.24,  714.6,  -11.88, 285.0
 13.26,  715.6,  -12.00, 285.0
 13.28,  716.8,  -11.88, 285.0
 13.30,  717.9,  -11.63, 285.0
 13.32,  718.8,  -11.38, 285.0
 13.34,  720.0,  -11.50, 285.0
 13.36,  721.0,  -11.50, 285.0
 13.38,  722.0,  -11.38, 285.0
 13.40,  723.0,  -11.25, 285.0
 13.42,  724.0,  -11.38, 285.0
 13.44,  725.1,  -11.50, 285.0
 13.46,  726.0,  -11.25, 285.0
 13.48,  727.0,  -11.13, 285.0
 13.50,  728.0,  -11.13, 285.0
 13.52,  729.1,  -11.13, 285.0
 13.54,  730.0,  -10.88, 285.0
 13.56,  731.0,  -11.00, 285.0
 13.58,  732.0,  -11.13, 285.0
 13.60,  733.0,  -11.13, 285.0
 13.62,  734.0,  -11.25, 285.0
 13.64,  734.9,  -11.38, 285.0
 13.66,  736.0,  -11.75, 285.0
 13.68,  737.1,  -11.50, 285.0
 13.70,  738.0,  -11.63, 285.0
 13.72,  739.1,  -11.75, 285.0
 13.74,  740.0,  -11.50, 285.0
 13.76,  741.2,  -11.63, 285.0
 13.78,  742.2,  -11.75, 285.0
 13.80,  743.2,  -11.75, 285.0
 13.82,  744.3,  -12.13, 285.0
 13.84,  745.4,  -12.13, 285.0
 13.86,  746.4,  -12.50, 285.0
 13.88,  747.6,  -12.50, 285.0
 13.90,  748.8,  -12.88, 285.0
 13.92,  749.9,  -12.75, 285.0
 13.94,  751.1,  -12.88, 285.0
 13.96,  752.3,  -12.63, 285.0
 13.98,  753.4,  -12.75, 285.0
 14.00,  754.5,  -12.75, 285.0
 14.02,  755.6,  -13.00, 285.0
 14.04,  756.8,  -13.00, 285.0
 14.06,  758.0,  -13.38, 285.0
 14.08,  759.2,  -13.25, 285.0
 14.10,  760.4,  -13.50, 285.0
 14.12,  761.8,  -13.25, 285.0
 14.14,  763.0,  -13.50, 285.0
 14.16,  764.3,  -13.13, 285.0
 14.18,  765.5,  -13.38, 285.0
 14.20,  766.7,  -13.00, 285.0
 14.22,  767.9,  -13.13, 285.0
 14.24,  769.1,  -12.88, 285.0
 14.26,  770.3,  -13.00, 285.0
 14.28,  771.5,  -13.00, 285.0
 14.30,  772.7,  -13.13, 285.0
 14.32,  773.9,  -13.13, 285.0
 14.34,  775.1,  -12.88, 285.0
 14.36,  776.3,  -13.00, 285.0
 14.38,  777.3,  -12.75, 285.0
 14.40,  778.3,  -12.75, 285.0
 14.42,  779.5,  -12.50, 285.0
 14.44,  780.7,  -12.38, 285.0
 14.46,  781.8,  -12.13, 285.0
 14.48,  782.7,  -12.13, 285.0
 14.50,  783.9,  -12.13, 285.0
 14.52,  785.0,  -11.88, 285.0
 14.54,  785.9,  -12.00, 285.0
 14.56,  787.1,  -12.00, 285.0
 14.58,  788.2,  -12.00, 285.0
 14.60,  789.1,  -11.75, 285.0
 14.62,  790.3,  -11.75, 285.0
 14.64,  791.1,  -11.88, 285.0
 14.66,  792.3,  -11.75, 285.0
 14.68,  793.1,  -11.50, 285.0
 14.70,  794.3,  -11.50, 285.0
 14.72,  795.1,  -11.63, 285.0
 14.74,  796.3,  -11.50, 285.0
 14.76,  797.1,  -11.50, 285.0
 14.78,  798.3,  -11.50, 285.0
 14.80,  799.5,  -11.50, 285.0
 14.82,  800.7,  -11.63, 285.0
 14.84,  801.5,  -11.75, 285.0
 14.86,  802.7,  -12.00, 285.0
 14.88,  803.5,  -11.88, 285.0
 14.90,  804.7,  -12.00, 285.0
 14.92,  805.6,  -12.13, 285.0
 14.94,  806.6,  -12.00, 285.0
 14.96,  807.7,  -12.25, 285.0
 14.98,  808.6,  -12.38, 285.0
 15.00,  809.8,  -12.25, 285.0
 15.02,  811.0,  -12.75, 285.0
 15.04,  812.0,  -12.63, 285.0
 15.06,  813.1,  -12.88, 285.0
 15.08,  814.2,  -12.88, 285.0
 15.10,  815.4,  -13.13, 285.0
 15.12,  816.6,  -13.00, 285.0
 15.14,  817.7,  -13.25, 285.0
 15.16,  818.8,  -13.13, 285.0
 15.18,  820.0,  -13.38, 285.0
 15.20,  821.2,  -13.25, 285.0
 15.22,  822.4,  -13.50, 276.5
 15.24,  823.6,  -13.50, 276.5
 15.26,  824.8,  -13.75, 276.5
 15.28,  826.2,  -13.75, 276.5
 15.30,  827.3,  -13.75, 276.5
 15.32,  828.6,  -13.75, 276.5
 15.34,  829.8,  -13.63, 276.5
 15.36,  831.0,  -13.75, 276.5
 15.38,  832.2,  -13.63, 276.5
 15.40,  833.4,  -13.63, 276.5
 15.42,  834.6,  -13.63, 276.5
 15.44,  835.8,  -13.63, 276.5
 15.46,  837.0,  -13.75, 276.5
 15.48,  838.2,  -13.50, 276.5
 15.50,  839.4,  -13.63, 276.5
 15.52,  840.6,  -13.38, 276.5
 15.54,  841.8,  -13.38, 276.5
 15.56,  843.0,  -13.25, 276.5
 15.58,  844.2,  -13.00, 276.5
 15.60,  845.3,  -13.13, 276.5
 15.62,  846.4,  -12.75, 276.5
 15.64,  847.6,  -12.75, 276.5
 15.66,  848.6,  -12.75, 276.5
 15.68,  849.8,  -12.75, 276.5
 15.70,  851.0,  -12.50, 276.5
 15.72,  852.0,  -12.63, 276.5
 15.74,  853.0,  -12.63, 276.5
 15.76,  854.2,  -12.25, 276.5
 15.78,  855.0,  -12.25, 276.5
 15.80,  856.2,  -12.25, 276.5
 15.82,  857.2,  -12.25, 276.5
 15.84,  858.2,  -12.00, 276.5
 15.86,  859.2,  -12.00, 276.5
 15.88,  860.2,  -12.00, 276.5
 15.90,  861.3,  -12.13, 276.5
 15.92,  862.2,  -12.00, 276.5
 15.94,  863.3,  -12.00, 276.5
 15.96,  864.2,  -12.13, 276.5
 15.98,  865.3,  -12.00, 276.5
 16.00,  866.2,  -12.00, 276.5
 16.02,  867.2,  -12.25, 276.5
 16.04,  868.2,  -12.25, 276.5
 16.06,  869.3,  -12.13, 276.5
 16.08,  870.3,  -12.38, 276.5
 16.10,  871.4,  -12.38, 276.5
 16.12,  872.4,  -12.38, 276.5
 16.14,  873.4,  -12.75, 276.5
 16.16,  874.5,  -12.63, 276.5
 16.18,  875.6,  -12.88, 276.5
 16.20,  876.6,  -12.88, 276.5
 16.22,  877.7,  -13.00, 276.5
 16.24,  878.8,  -13.13, 276.5
 16.26,  880.0,  -13.25, 276.5
 16.28,  881.1,  -13.38, 276.5
 16.30,  882.2,  -13.38, 276.5
 16.32,  883.4,  -13.50, 276.5
 16.34,  884.6,  -13.63, 276.5
 16.36,  885.8,  -13.63, 276.5
 16.38,  887.0,  -13.75, 276.5
 16.40,  888.2,  -13.88, 276.5
 16.42,  889.4,  -14.00, 276.5
 16.44,  890.5,  -14.00, 276.5
 16.46,  891.8,  -14.13, 276.5
 16.48,  893.0,  -14.13, 276.5
 16.50,  894.2,  -14.25, 276.5
 16.52,  895.5,  -14.13, 276.5
 16.54,  896.7,  -14.25, 276.5
 16.56,  898.0,  -14.13, 276.5
 16.58,  899.2,  -14.13, 276.5
 16.60,  900.5,  -14.00, 276.5
 16.62,  901.7,  -14.00, 276.5
 16.64,  902.9,  -13.88, 276.5
 16.66,  904.1,  -14.13, 276.5
 16.68,  905.3,  -14.00, 276.5
 16.70,  906.5,  -14.13, 276.5
 16.72,  907.7,  -13.88, 276.5
 16.74,  908.9,  -13.88, 276.5
 16.76,  910.1,  -13.75, 276.5
 16.78,  911.2,  -13.50, 276.5
 16.80,  912.4,  -13.38, 276.5
 16.82,  913.6,  -13.25, 276.5
 16.84,  914.7,  -13.00, 276.5
 16.86,  915.8,  -13.13, 276.5
 16.88,  916.9,  -13.25, 276.5
 16.90,  918.0,  -13.00, 276.5
 16.92,  919.0,  -13.13, 276.5
 16.94,  920.1,  -13.00, 276.5
 16.96,  921.2,  -12.88, 276.5
 16.98,  922.3,  -12.63, 276.5
 17.00,  923.3,  -12.63, 276.5
 17.02,  924.4,  -12.50, 276.5
 17.04,  925.4,  -12.38, 276.5
 17.06,  926.4,  -12.25, 276.5
 17.08,  927.4,  -12.38, 276.5
 17.10,  928.4,  -12.50, 276.5
 17.12,  929.4,  -12.50, 276.5
 17.14,  930.4,  -12.50, 276.5
 17.16,  931.3,  -12.63, 276.5
 17.18,  932.4,  -12.63, 276.5
 17.20,  933.4,  -12.50, 276.5
 17.22,  934.4,  -12.63, 276.5
 17.24,  935.5,  -12.63, 276.5
 17.26,  936.4,  -12.50, 276.5
 17.28,  937.5,  -12.63, 276.5
 17.30,  938.4,  -12.75, 276.5
 17.32,  939.5,  -12.88, 276.5
 17.34,  940.5,  -13.13, 276.5
 17.36,  941.5,  -13.25, 276.5
 17.38,  942.7,  -13.38, 276.5
 17.40,  943.7,  -13.38, 276.5
 17.42,  944.8,  -13.50, 276.5
 17.44,  945.9,  -13.63, 276.5
 17.46,  947.1,  -13.50, 276.5
 17.48,  948.3,  -13.75, 276.5
 17.50,  949.4,  -13.75, 276.5
 17.52,  950.5,  -14.00, 276.5
 17.54,  951.7,  -14.13, 276.5
 17.56,  952.8,  -14.13, 276.5
 17.58,  954.0,  -14.38, 276.5
 17.60,  955.1,  -14.38, 276.5
 17.62,  956.4,  -14.50, 269.4
 17.64,  957.6,  -14.38, 269.4
 17.66,  958.9,  -14.63, 269.4
 17.68,  960.2,  -14.50, 269.4
 17.70,  961.5,  -14.75, 269.4
 17.72,  962.7,  -14.50, 269.4
 17.74,  963.9,  -14.75, 269.4
 17.76,  965.1,  -14.63, 269.4
 17.78,  966.3,  -14.75, 269.4
 17.80,  967.5,  -14.63, 269.4
 17.82,  968.7,  -14.63, 269.4
 17.84,  969.9,  -14.50, 269.4
 17.86,  971.2,  -14.50, 269.4
 17.88,  972.5,  -14.38, 269.4
 17.90,  973.7,  -14.38, 269.4
 17.92,  974.9,  -14.38, 269.4
 17.94,  976.0,  -14.25, 269.4
 17.96,  977.2,  -14.25, 269.4
 17.98,  978.3,  -14.00, 269.4
 18.00,  979.5,  -14.13, 269.4
 18.02,  980.7,  -13.88, 269.4
 18.04,  981.9,  -13.88, 269.4
 18.06,  982.9,  -13.88, 269.4
 18.08,  984.0,  -13.63, 269.4
 18.10,  985.1,  -13.50, 269.4
 18.12,  986.3,  -13.50, 269.4
 18.14,  987.3,  -13.50, 269.4
 18.16,  988.3,  -13.13, 269.4
 18.18,  989.5,  -13.13, 269.4
 18.20,  990.4,  -13.13, 269.4
 18.22,  991.5,  -13.13, 269.4
 18.24,  992.5,  -13.00, 269.4
 18.26,  993.5,  -13.00, 269.4
 18.28,  994.5,  -13.00, 269.4
 18.30,  995.5,  -13.00, 269.4
 18.32,  996.6,  -12.88, 269.4
 18.34,  997.5,  -12.88, 269.4
 18.36,  998.7,  -13.00, 269.4
 18.38,  999.5,  -12.88, 269.4
 18.40, 1000.7,  -13.00, 269.4
 18.42, 1001.5,  -13.13, 269.4
 18.44, 1002.7,  -13.00, 269.4
 18.46, 1003.5,  -13.00, 269.4
 18.48, 1004.7,  -13.38, 269.4
 18.50, 1005.7,  -13.25, 269.4
 18.52, 1006.7,  -13.38, 269.4
 18.54, 1007.9,  -13.50, 269.4
 18.56, 1008.9,  -13.50, 269.4
 18.58, 1009.9,  -13.75, 269.4
 18.60, 1011.1,  -13.75, 269.4
 18.62, 1012.1,  -14.00, 269.4
 18.64, 1013.1,  -14.00, 269.4
 18.66, 1014.3,  -14.13, 269.4
 18.68, 1015.5,  -14.13, 269.4
 18.70, 1016.6,  -14.38, 269.4
 18.72, 1017.7,  -14.38, 269.4
 18.74, 1018.9,  -14.63, 269.4
 18.76, 1020.1,  -14.50, 269.4
 18.78, 1021.3,  -14.88, 269.4
 18.80, 1022.5,  -14.75, 269.4
 18.82, 1023.7,  -15.13, 269.4
 18.84, 1024.9,  -15.00, 269.4
 18.86, 1026.1,  -15.25, 269.4
 18.88, 1027.3,  -15.00, 269.4
 18.90, 1028.5,  -15.13, 269.4
 18.92, 1029.8,  -15.13, 269.4
 18.94, 1031.1,  -15.00, 269.4
 18.96, 1032.3,  -15.25, 269.4
 18.98, 1033.5,  -15.13, 269.4
 19.00, 1034.7,  -15.25, 269.4
 19.02, 1036.0,  -15.13, 269.4
 19.04, 1037.2,  -15.13, 269.4
 19.06, 1038.4,  -15.13, 269.4
 19.08, 1039.6,  -15.00, 269.4
 19.10, 1040.8,  -15.00, 269.4
 19.12, 1042.0,  -14.75, 269.4
 19.14, 1043.2,  -14.88, 269.4
 19.16, 1044.4,  -14.63, 269.4
 19.18, 1045.6,  -14.63, 269.4
 19.20, 1046.7,  -14.63, 269.4
 19.22, 1047.8,  -14.38, 269.4
 19.24, 1049.0,  -14.38, 269.4
 19.26, 1050.2,  -14.38, 269.4
 19.28, 1051.2,  -14.13, 269.4
 19.30, 1052.4,  -14.13, 269.4
 19.32, 1053.4,  -14.00, 269.4
 19.34, 1054.6,  -13.88, 269.4
 19.36, 1055.6,  -13.63, 269.4
 19.38, 1056.6,  -13.88, 269.4
 19.40, 1057.7,  -13.75, 269.4
 19.42, 1058.8,  -13.63, 269.4
 19.44, 1059.8,  -13.50, 269.4
 19.46, 1060.8,  -13.50, 269.4
 19.48, 1061.9,  -13.50, 269.4
 19.50, 1062.8,  -13.38, 269.4
 19.52, 1063.8,  -13.50, 269.4
 19.54, 1064.8,  -13.50, 269.4
 19.56, 1065.9,  -13.50, 269.4
 19.58, 1066.8,  -13.38, 269.4
 19.60, 1067.8,  -13.63, 269.4
 19.62, 1068.9,  -13.63, 269.4
 19.64, 1070.0,  -13.50, 269.4
 19.66, 1071.0,  -13.63, 269.4
 19.68, 1072.0,  -13.75, 269.4
 19.70, 1073.1,  -13.50, 269.4
 19.72, 1074.0,  -13.88, 269.4
 19.74, 1075.2,  -13.88, 269.4
 19.76, 1076.2,  -14.00, 269.4
 19.78, 1077.2,  -14.25, 269.4
 19.80, 1078.3,  -14.13, 269.4
 19.82, 1079.4,  -14.50, 269.4
 19.84, 1080.4,  -14.38, 269.4
 19.86, 1081.6,  -14.88, 269.4
 19.88, 1082.8,  -14.63, 269.4
 19.90, 1083.9,  -15.00, 269.4
 19.92, 1085.1,  -14.63, 269.4
 19.94, 1086.2,  -15.00, 269.4
 19.96, 1087.4,  -14.88, 269.4
 19.98, 1088.6,  -15.25, 269.4
 20.00, 1089.8,  -15.25, 269.4
 20.02, 1090.8,  -15.50, 269.4
 20.04, 1092.2,  -15.63, 269.4
 20.06, 1093.4,  -15.63, 269.4
 20.08, 1094.7,  -15.88, 269.4
 20.10, 1095.9,  -15.63, 269.4
 20.12, 1097.1,  -15.88, 269.4
 20.14, 1098.4,  -15.50, 269.4
 20.16, 1099.6,  -15.63, 269.4
 20.18, 1100.8,  -15.38, 269.4
 20.20, 1102.0,  -15.63, 269.4
 20.22, 1103.2,  -15.50, 269.4
 20.24, 1104.4,  -15.75, 269.4
 20.26, 1105.8,  -15.63, 269.4
 20.28, 1107.0,  -15.88, 269.4
 20.30, 1108.3,  -15.50, 269.4
 20.32, 1109.5,  -15.75, 269.4
 20.34, 1110.7,  -15.38, 269.4
 20.36, 1111.9,  -15.25, 269.4
 20.38, 1113.1,  -15.13, 269.4
 20.40, 1114.3,  -14.75, 269.4
 20.42, 1115.5,  -14.88, 269.4
 20.44, 1116.4,  -14.63, 269.4
 20.46, 1117.6,  -14.75, 269.4
 20.48, 1118.8,  -14.88, 269.4
 20.50, 1120.0,  -14.75, 269.4
 20.52, 1121.1,  -14.63, 269.4
 20.54, 1122.0,  -14.75, 269.4
 20.56, 1123.2,  -14.50, 269.4
 20.58, 1124.4,  -14.13, 269.4
 20.60, 1125.4,  -14.00, 269.4
 20.62, 1126.4,  -14.13, 269.4
 20.64, 1127.5,  -13.88, 269.4
 20.66, 1128.4,  -13.75, 269.4
 20.68, 1129.6,  -14.00, 269.4
 20.70, 1130.4,  -14.00, 269.4
 20.72, 1131.6,  -14.00, 269.4
 20.74, 1132.4,  -14.00, 269.4
 20.76, 1133.6,  -14.25, 269.4
 20.78, 1134.7,  -14.13, 269.4
 20.80, 1135.6,  -14.00, 269.4
 20.82, 1136.7,  -14.00, 269.4
 20.84, 1137.6,  -14.13, 269.4
 20.86, 1138.8,  -13.75, 269.4
 20.88, 1139.6,  -14.13, 269.4
 20.90, 1140.8,  -14.13, 269.4
 20.92, 1141.7,  -14.25, 269.4
 20.94, 1142.8,  -14.50, 269.4
 20.96, 1143.9,  -14.50, 269.4
 20.98, 1144.8,  -14.75, 269.4
 21.00, 1146.0,  -14.88, 269.4
 21.02, 1147.2,  -14.75, 269.4
 21.04, 1148.3,  -15.00, 269.4
 21.06, 1149.4,  -15.00, 269.4
 21.08, 1150.4,  -15.13, 269.4
 21.10, 1151.6,  -15.13, 269.4
 21.12, 1152.8,  -15.38, 269.4
 21.14, 1154.0,  -15.50, 269.4
 21.16, 1155.1,  -15.50, 269.4
 21.18, 1156.3,  -15.75, 269.4
 21.20, 1157.6,  -15.63, 269.4
 21.22, 1158.8,  -16.00, 269.4
 21.24, 1160.0,  -15.75, 269.4
 21.26, 1161.2,  -16.13, 269.4
 21.28, 1162.4,  -16.00, 269.4
 21.30, 1163.6,  -16.25, 269.4
 21.32, 1164.8,  -16.13, 269.4
 21.34, 1166.0,  -16.13, 269.4
 21.36, 1167.4,  -16.38, 269.4
 21.38, 1168.6,  -16.00, 269.4
 21.40, 1169.9,  -16.38, 269.4
 21.42, 1171.2,  -16.00, 269.4
 21.44, 1172.4,  -16.25, 269.4
 21.46, 1173.6,  -15.88, 269.4
 21.48, 1174.8,  -16.25, 269.4
 21.50, 1176.2,  -15.88, 269.4
 21.52, 1177.4,  -16.13, 269.4
 21.54, 1178.6,  -15.75, 269.4
 21.56, 1179.8,  -15.88, 269.4
 21.58, 1181.0,  -15.75, 269.4
 21.60, 1182.2,  -15.63, 269.4
 21.62, 1183.4,  -15.63, 269.4
 21.64, 1184.4,  -15.25, 269.4
 21.66, 1185.6,  -15.38, 269.4
 21.68, 1186.8,  -15.38, 269.4
 21.70, 1188.0,  -15.00, 269.4
 21.72, 1189.2,  -15.13, 269.4
 21.74, 1190.3,  -15.13, 269.4
 21.76, 1191.4,  -14.88, 269.4
 21.78, 1192.4,  -14.88, 269.4
 21.80, 1193.5,  -14.88, 269.4
 21.82, 1194.6,  -14.63, 269.4
 21.84, 1195.6,  -14.50, 269.4
 21.86, 1196.6,  -14.63, 269.4
 21.88, 1197.6,  -14.50, 269.4
 21.90, 1198.8,  -14.25, 269.4
 21.92, 1199.8,  -14.25, 269.4
 21.94, 1200.8,  -14.50, 269.4
 21.96, 1201.9,  -14.38, 269.4
 21.98, 1202.8,  -14.38, 269.4
 22.00, 1203.9,  -14.50, 269.4
 22.02, 1204.8,  -14.50, 269.4
 22.04, 1206.0,  -14.38, 269.4
 22.06, 1206.8,  -14.50, 269.4
 22.08, 1208.0,  -14.50, 269.4
 22.10, 1209.0,  -14.50, 269.4
 22.12, 1210.0,  -14.75, 269.4
 22.14, 1211.1,  -14.63, 269.4
 22.16, 1212.2,  -14.88, 269.4
 22.18, 1213.2,  -15.13, 269.4
 22.20, 1214.4,  -15.13, 269.4
 22.22, 1215.4,  -15.25, 269.4
 22.24, 1216.5,  -15.25, 269.4
 22.26, 1217.6,  -15.50, 269.4
 22.28, 1218.8,  -15.50, 269.4
 22.30, 1219.9,  -15.63, 269.4
 22.32, 1221.0,  -15.63, 269.4
 22.34, 1222.2,  -15.88, 269.4
 22.36, 1223.4,  -15.88, 269.4
 22.38, 1224.6,  -16.00, 269.4
 22.40, 1225.8,  -16.13, 269.4
 22.42, 1227.0,  -16.25, 269.4
 22.44, 1228.3,  -16.38, 269.4
 22.46, 1229.5,  -16.38, 269.4
 22.48, 1230.8,  -16.50, 269.4
 22.50, 1231.9,  -16.50, 269.4
 22.52, 1233.2,  -16.50, 269.4
 22.54, 1234.4,  -16.75, 269.4
 22.56, 1235.7,  -16.50, 269.4
 22.58, 1237.0,  -16.75, 269.4
 22.60, 1238.3,  -16.50, 269.4
 22.62, 1239.6,  -16.75, 269.4
 22.64, 1240.8,  -16.50, 269.4
 22.66, 1242.0,  -16.75, 269.4
 22.68, 1243.3,  -16.38, 269.4
 22.70, 1244.6,  -16.63, 269.4
 22.72, 1245.8,  -16.38, 269.4
 22.74, 1247.0,  -16.50, 269.4
 22.76, 1248.2,  -16.38, 269.4
 22.78, 1249.5,  -16.38, 269.4
 22.80, 1250.7,  -16.13, 269.4
 22.82, 1251.9,  -16.13, 265.0
 22.84, 1253.1,  -16.00, 265.0
 22.86, 1254.3,  -15.75, 265.0
 22.88, 1255.4,  -15.88, 265.0
 22.90, 1256.6,  -15.63, 265.0
 22.92, 1257.7,  -15.50, 265.0
 22.94, 1258.8,  -15.50, 265.0
 22.96, 1259.9,  -15.50, 265.0
 22.98, 1261.0,  -15.38, 265.0
 23.00, 1262.1,  -15.50, 265.0
 23.02, 1263.2,  -15.25, 265.0
 23.04, 1264.3,  -15.13, 265.0
 23.06, 1265.4,  -15.00, 265.0
 23.08, 1266.4,  -15.00, 265.0
 23.10, 1267.4,  -14.88, 265.0
 23.12, 1268.5,  -14.75, 265.0
 23.14, 1269.5,  -14.88, 265.0
 23.16, 1270.6,  -14.75, 265.0
 23.18, 1271.6,  -14.88, 265.0
 23.20, 1272.6,  -15.00, 265.0
 23.22, 1273.6,  -15.13, 265.0
 23.24, 1274.6,  -15.00, 265.0
 23.26, 1275.7,  -15.13, 265.0
 23.28, 1276.7,  -15.13, 265.0
 23.30, 1277.8,  -15.00, 265.0
 23.32, 1278.8,  -15.00, 265.0
 23.34, 1279.8,  -15.13, 265.0
 23.36, 1281.0,  -15.00, 265.0
 23.38, 1282.0,  -15.38, 265.0
 23.40, 1283.0,  -15.25, 265.0
 23.42, 1284.2,  -15.75, 265.0
 23.44, 1285.2,  -15.75, 265.0
 23.46, 1286.3,  -16.13, 265.0
 23.48, 1287.4,  -16.00, 265.0
 23.50, 1288.6,  -16.25, 265.0
 23.52, 1289.8,  -16.00, 265.0
 23.54, 1291.0,  -16.25, 265.0
 23.56, 1292.2,  -16.13, 265.0
 23.58, 1293.4,  -16.25, 265.0
 23.60, 1294.6,  -16.38, 265.0
 23.62, 1295.8,  -16.50, 265.0
 23.64, 1297.0,  -16.75, 265.0
 23.66, 1298.2,  -16.75, 265.0
 23.68, 1299.4,  -17.13, 265.0
 23.70, 1300.6,  -17.00, 265.0
 23.72, 1301.8,  -17.25, 265.0
 23.74, 1303.1,  -17.00, 265.0
 23.76, 1304.4,  -17.13, 265.0
 23.78, 1305.8,  -17.00, 265.0
 23.80, 1307.0,  -17.00, 265.0
 23.82, 1308.2,  -17.00, 265.0
 23.84, 1309.4,  -17.00, 265.0
 23.86, 1310.7,  -17.13, 265.0
 23.88, 1312.0,  -17.00, 265.0
 23.90, 1313.2,  -17.13, 265.0
 23.92, 1314.6,  -17.00, 265.0
 23.94, 1315.8,  -17.00, 265.0
 23.96, 1317.0,  -16.88, 265.0
 23.98, 1318.2,  -16.88, 265.0
 24.00, 1319.4,  -16.63, 265.0
 24.02, 1320.6,  -16.63, 265.0
 24.04, 1321.8,  -16.50, 265.0
 24.06, 1323.0,  -16.38, 265.0
 24.08, 1324.2,  -16.38, 265.0
 24.10, 1325.4,  -16.25, 265.0
 24.12, 1326.6,  -16.13, 265.0
 24.14, 1327.6,  -16.13, 265.0
 24.16, 1328.7,  -15.88, 265.0
 24.18, 1329.8,  -15.88, 265.0
 24.20, 1331.0,  -15.88, 265.0
 24.22, 1332.1,  -15.75, 265.0
 24.24, 1333.1,  -15.50, 265.0
 24.26, 1334.1,  -15.63, 265.0
 24.28, 1335.3,  -15.50, 265.0
 24.30, 1336.1,  -15.38, 265.0
 24.32, 1337.3,  -15.38, 265.0
 24.34, 1338.2,  -15.50, 265.0
 24.36, 1339.3,  -15.25, 265.0
 24.38, 1340.3,  -15.25, 265.0
 24.40, 1341.3,  -15.38, 265.0
 24.42, 1342.5,  -15.38, 265.0
 24.44, 1343.4,  -15.25, 265.0
 24.46, 1344.5,  -15.38, 265.0
 24.48, 1345.5,  -15.50, 265.0
 24.50, 1346.5,  -15.38, 265.0
 24.52, 1347.6,  -15.63, 265.0
 24.54, 1348.5,  -15.63, 265.0
 24.56, 1349.7,  -15.63, 265.0
 24.58, 1350.7,  -15.88, 265.0
 24.60, 1351.7,  -15.75, 265.0
 24.62, 1352.9,  -15.88, 265.0
 24.64, 1353.9,  -15.88, 265.0
 24.66, 1355.0,  -16.13, 265.0
 24.68, 1356.1,  -16.25, 265.0
 24.70, 1357.3,  -16.38, 265.0
 24.72, 1358.5,  -16.63, 265.0
 24.74, 1359.7,  -16.63, 265.0
 24.76, 1360.7,  -16.88, 265.0
 24.78, 1361.9,  -16.88, 265.0
 24.80, 1363.0,  -16.88, 265.0
 24.82, 1364.3,  -17.00, 265.0
 24.84, 1365.4,  -17.00, 265.0
 24.86, 1366.7,  -17.13, 265.0
 24.88, 1367.9,  -17.25, 265.0
 24.90, 1369.2,  -17.38, 265.0
 24.92, 1370.5,  -17.50, 265.0
 24.94, 1371.7,  -17.50, 265.0
 24.96, 1372.9,  -17.75, 265.0
 24.98, 1374.1,  -17.63, 265.0
 25.00, 1375.5,  -17.75, 265.0
 25.02, 1376.7,  -17.75, 265.0
 25.04, 1378.0,  -17.50, 265.0
 25.06, 1379.3,  -17.63, 265.0
 25.08, 1380.5,  -17.38, 265.0
 25.10, 1381.7,  -17.63, 265.0
 25.12, 1383.0,  -17.50, 265.0
 25.14, 1384.3,  -17.63, 265.0
 25.16, 1385.6,  -17.38, 265.0
 25.18, 1386.8,  -17.50, 265.0
 25.20, 1388.1,  -17.38, 265.0
 25.22, 1389.2,  -17.38, 260.6
 25.24, 1390.5,  -17.13, 260.6
 25.26, 1391.6,  -17.00, 260.6
 25.28, 1392.8,  -17.00, 260.6
 25.30, 1393.9,  -16.75, 260.6
 25.32, 1395.1,  -16.63, 260.6
 25.34, 1396.3,  -16.75, 260.6
 25.36, 1397.3,  -16.50, 260.6
 25.38, 1398.5,  -16.50, 260.6
 25.40, 1399.7,  -16.50, 260.6
 25.42, 1400.8,  -16.38, 260.6
 25.44, 1401.9,  -16.25, 260.6
 25.46, 1402.9,  -16.38, 260.6
 25.48, 1404.0,  -16.13, 260.6
 25.50, 1405.0,  -15.88, 260.6
 25.52, 1406.1,  -16.00, 260.6
 25.54, 1407.1,  -15.88, 260.6
 25.56, 1408.1,  -15.88, 260.6
 25.58, 1409.3,  -15.75, 260.6
 25.60, 1410.3,  -16.00, 260.6
 25.62, 1411.3,  -15.88, 260.6
 25.64, 1412.3,  -15.88, 260.6
 25.66, 1413.3,  -15.88, 260.6
 25.68, 1414.4,  -16.00, 260.6
 25.70, 1415.4,  -15.88, 260.6
 25.72, 1416.4,  -16.13, 260.6
 25.74, 1417.5,  -15.88, 260.6
 25.76, 1418.5,  -16.00, 260.6
 25.78, 1419.5,  -16.25, 260.6
 25.80, 1420.7,  -16.25, 260.6
 25.82, 1421.7,  -16.38, 260.6
 25.84, 1422.8,  -16.50, 260.6
 25.86, 1423.9,  -16.50, 260.6
 25.88, 1425.0,  -16.75, 260.6
 25.90, 1426.1,  -16.75, 260.6
 25.92, 1427.2,  -17.00, 260.6
 25.94, 1428.3,  -17.00, 260.6
 25.96, 1429.5,  -17.25, 260.6
 25.98, 1430.7,  -17.25, 260.6
 26.00, 1431.8,  -17.38, 260.6
 26.02, 1433.0,  -17.63, 260.6
 26.04, 1434.2,  -17.50, 260.6
 26.06, 1435.5,  -17.88, 260.6
 26.08, 1436.7,  -17.63, 260.6
 26.10, 1437.9,  -17.88, 260.6
 26.12, 1439.1,  -17.75, 260.6
 26.14, 1440.3,  -18.00, 260.6
 26.16, 1441.5,  -18.13, 260.6
 26.18, 1442.9,  -18.13, 260.6
 26.20, 1444.1,  -18.25, 260.6
 26.22, 1445.4,  -18.25, 260.6
 26.24, 1446.7,  -18.25, 260.6
 26.26, 1447.9,  -18.38, 260.6
 26.28, 1449.1,  -18.13, 260.6
 26.30, 1450.6,  -18.25, 260.6
 26.32, 1451.8,  -17.88, 260.6
 26.34, 1453.1,  -18.13, 260.6
 26.36, 1454.3,  -17.75, 260.6
 26.38, 1455.5,  -18.00, 260.6
 26.40, 1456.7,  -17.75, 260.6
 26.42, 1457.9,  -18.00, 260.6
 26.44, 1459.1,  -17.75, 260.6
 26.46, 1460.3,  -17.88, 260.6
 26.48, 1461.6,  -17.88, 260.6
 26.50, 1462.7,  -17.63, 260.6
 26.52, 1464.0,  -17.50, 260.6
 26.54, 1465.1,  -17.25, 260.6
 26.56, 1466.3,  -17.00, 260.6
 26.58, 1467.5,  -17.13, 260.6
 26.60, 1468.7,  -16.88, 260.6
 26.62, 1469.8,  -16.88, 260.6
 26.64, 1470.7,  -17.00, 260.6
 26.66, 1471.9,  -16.75, 260.6
 26.68, 1473.1,  -16.88, 260.6
 26.70, 1474.1,  -16.88, 260.6
 26.72, 1475.1,  -16.75, 260.6
 26.74, 1476.3,  -16.50, 260.6
 26.76, 1477.4,  -16.63, 260.6
 26.78, 1478.3,  -16.38, 260.6
 26.80, 1479.5,  -16.13, 260.6
 26.82, 1480.5,  -16.13, 260.6
 26.84, 1481.5,  -16.38, 260.6
 26.86, 1482.6,  -16.25, 260.6
 26.88, 1483.5,  -16.38, 260.6
 26.90, 1484.6,  -16.50, 260.6
 26.92, 1485.5,  -16.50, 260.6
 26.94, 1486.7,  -16.63, 260.6
 26.96, 1487.7,  -16.75, 260.6
 26.98, 1488.7,  -16.50, 260.6
 27.00, 1489.9,  -16.75, 260.6
 27.02, 1490.9,  -16.75, 260.6
 27.04, 1491.9,  -16.75, 260.6
 27.06, 1493.1,  -17.00, 260.6
 27.08, 1494.1,  -17.00, 260.6
 27.10, 1495.0,  -17.25, 260.6
 27.12, 1496.2,  -17.25, 260.6
 27.14, 1497.4,  -17.50, 260.6
 27.16, 1498.5,  -17.50, 260.6
 27.18, 1499.7,  -17.75, 260.6
 27.20, 1500.9,  -17.75, 260.6
 27.22, 1502.0,  -18.00, 260.6
 27.24, 1503.3,  -18.00, 260.6
 27.26, 1504.4,  -18.13, 260.6
 27.28, 1505.7,  -18.25, 260.6
 27.30, 1506.9,  -18.13, 260.6
 27.32, 1508.1,  -18.50, 260.6
 27.34, 1509.4,  -18.38, 260.6
 27.36, 1510.6,  -18.50, 260.6
 27.38, 1511.8,  -18.75, 260.6
 27.40, 1513.0,  -18.50, 260.6
 27.42, 1514.4,  -18.88, 260.6
 27.44, 1515.7,  -18.63, 260.6
 27.46, 1517.0,  -18.88, 260.6
 27.48, 1518.2,  -18.75, 260.6
 27.50, 1519.4,  -18.63, 260.6
 27.52, 1520.9,  -18.75, 260.6
 27.54, 1522.1,  -18.63, 260.6
 27.56, 1523.4,  -18.75, 260.6
 27.58, 1524.6,  -18.50, 260.6
 27.60, 1525.8,  -18.63, 260.6
 27.62, 1527.0,  -18.50, 260.6
 27.64, 1528.4,  -18.50, 260.6
 27.66, 1529.6,  -18.25, 260.6
 27.68, 1530.9,  -18.38, 260.6
 27.70, 1532.2,  -18.13, 260.6
 27.72, 1533.4,  -18.13, 260.6
 27.74, 1534.6,  -18.13, 260.6
 27.76, 1535.8,  -17.88, 260.6
 27.78, 1536.9,  -18.00, 260.6
 27.80, 1538.0,  -17.50, 260.6
 27.82, 1539.0,  -17.63, 260.6
 27.84, 1540.2,  -17.50, 260.6
 27.86, 1541.4,  -17.13, 260.6
 27.88, 1542.6,  -17.25, 260.6
 27.90, 1543.6,  -17.25, 260.6
 27.92, 1544.7,  -17.00, 260.6
 27.94, 1545.8,  -17.00, 260.6
 27.96, 1547.0,  -17.13, 260.6
 27.98, 1548.0,  -17.13, 260.6
 28.00, 1549.0,  -16.88, 260.6
 28.02, 1550.0,  -17.13, 260.6
 28.04, 1551.0,  -16.88, 260.6
 28.06, 1552.2,  -16.75, 260.6
 28.08, 1553.2,  -16.88, 260.6
 28.10, 1554.2,  -16.88, 260.6
 28.12, 1555.3,  -16.63, 260.6
 28.14, 1556.2,  -16.88, 260.6
 28.16, 1557.4,  -17.00, 260.6
 28.18, 1558.4,  -17.00, 260.6
 28.20, 1559.4,  -17.38, 260.6
 28.22, 1560.6,  -17.13, 260.6
 28.24, 1561.6,  -17.38, 260.6
 28.26, 1562.6,  -17.38, 260.6
 28.28, 1563.8,  -17.50, 260.6
 28.30, 1564.8,  -17.50, 260.6
 28.32, 1566.0,  -17.50, 260.6
 28.34, 1567.0,  -17.75, 260.6
 28.36, 1568.2,  -17.75, 260.6
 28.38, 1569.4,  -18.00, 260.6
 28.40, 1570.6,  -18.13, 260.6
 28.42, 1571.8,  -18.25, 260.6
 28.44, 1573.0,  -18.50, 260.6
 28.46, 1574.1,  -18.38, 260.6
 28.48, 1575.4,  -18.75, 260.6
 28.50, 1576.5,  -18.50, 260.6
 28.52, 1577.8,  -18.88, 260.6
 28.54, 1579.0,  -18.88, 260.6
 28.56, 1580.2,  -18.88, 260.6
 28.58, 1581.5,  -19.00, 260.6
 28.60, 1582.8,  -19.00, 260.6
 28.62, 1584.1,  -19.00, 260.6
 28.64, 1585.4,  -19.25, 260.6
 28.66, 1586.6,  -19.00, 260.6
 28.68, 1588.0,  -19.38, 260.6
 28.70, 1589.2,  -19.13, 260.6
 28.72, 1590.6,  -19.25, 260.6
 28.74, 1591.8,  -19.25, 260.6
 28.76, 1593.0,  -19.13, 260.6
 28.78, 1594.4,  -19.25, 260.6
 28.80, 1595.7,  -19.13, 260.6
 28.82, 1597.0,  -19.13, 260.6
 28.84, 1598.2,  -18.88, 260.6
 28.86, 1599.5,  -19.00, 260.6
 28.88, 1600.8,  -18.75, 260.6
 28.90, 1602.0,  -18.88, 260.6
 28.92, 1603.2,  -18.63, 260.6
 28.94, 1604.4,  -18.63, 260.6
 28.96, 1605.6,  -18.38, 260.6
 28.98, 1606.7,  -18.38, 260.6
 29.00, 1607.9,  -18.38, 260.6
 29.02, 1609.1,  -18.13, 260.6
 29.04, 1610.3,  -18.25, 260.6
 29.06, 1611.4,  -18.00, 260.6
 29.08, 1612.5,  -17.75, 260.6
 29.10, 1613.7,  -17.88, 260.6
 29.12, 1614.8,  -17.75, 260.6
 29.14, 1615.9,  -17.50, 260.6
 29.16, 1617.0,  -17.50, 260.6
 29.18, 1618.0,  -17.50, 260.6
 29.20, 1619.1,  -17.25, 260.6
 29.22, 1620.1,  -17.50, 260.6
 29.24, 1621.2,  -17.50, 260.6
 29.26, 1622.3,  -17.50, 260.6
 29.28, 1623.3,  -17.50, 260.6
 29.30, 1624.4,  -17.50, 260.6
 29.32, 1625.5,  -17.25, 260.6
 29.34, 1626.5,  -17.38, 260.6
 29.36, 1627.5,  -17.38, 260.6
 29.38, 1628.7,  -17.25, 260.6
 29.40, 1629.7,  -17.38, 260.6
 29.42, 1630.7,  -17.50, 260.6
 29.44, 1631.8,  -17.50, 260.6
 29.46, 1632.8,  -17.88, 260.6
 29.48, 1633.9,  -17.75, 260.6
 29.50, 1635.0,  -18.13, 260.6
 29.52, 1636.1,  -18.00, 260.6
 29.54, 1637.2,  -18.25, 260.6
 29.56, 1638.3,  -18.13, 260.6
 29.58, 1639.5,  -18.38, 260.6
 29.60, 1640.7,  -18.25, 260.6
 29.62, 1641.9,  -18.50, 260.6
 29.64, 1643.1,  -18.38, 260.6
 29.66, 1644.2,  -18.75, 260.6
 29.68, 1645.4,  -18.75, 260.6
 29.70, 1646.6,  -19.00, 260.6
 29.72, 1647.8,  -19.13, 260.6
 29.74, 1649.1,  -19.38, 260.6
 29.76, 1650.3,  -19.50, 260.6
 29.78, 1651.5,  -19.50, 260.6
 29.80, 1652.7,  -19.50, 260.6
 29.82, 1654.1,  -19.63, 260.6
 29.84, 1655.4,  -19.38, 260.6
 29.86, 1656.7,  -19.63, 260.6
 29.88, 1657.9,  -19.38, 260.6
 29.90, 1659.2,  -19.50, 260.6
 29.92, 1660.5,  -19.63, 260.6
 29.94, 1661.8,  -19.75, 260.6
 29.96, 1663.1,  -19.88, 260.6
 29.98, 1664.3,  -19.88, 260.6
 30.00, 1665.7,  -19.75, 260.6
 30.02, 1667.0,  -19.88, 260.6
 30.04, 1668.3,  -19.63, 260.6
 30.06, 1669.5,  -19.63, 260.6
 30.08, 1670.8,  -19.25, 260.6
 30.10, 1672.1,  -19.25, 260.6
 30.12, 1673.3,  -19.13, 260.6
 30.14, 1674.5,  -19.13, 260.6
 30.16, 1675.7,  -19.00, 260.6
 30.18, 1676.9,  -19.00, 260.6
 30.20, 1678.1,  -19.13, 260.6
 30.22, 1679.2,  -19.00, 260.6
 30.24, 1680.4,  -18.88, 260.6
 30.26, 1681.6,  -18.75, 260.6
 30.28, 1682.7,  -18.50, 260.6
 30.30, 1683.8,  -18.50, 260.6
 30.32, 1685.0,  -18.25, 260.6
 30.34, 1686.2,  -18.13, 260.6
 30.36, 1687.2,  -18.13, 260.6
 30.38, 1688.3,  -18.13, 260.6
 30.40, 1689.4,  -18.00, 260.6
 30.42, 1690.4,  -18.00, 260.6
 30.44, 1691.4,  -18.00, 260.6
 30.46, 1692.6,  -17.88, 260.6
 30.48, 1693.6,  -17.88, 260.6
 30.50, 1694.6,  -17.88, 260.6
 30.52, 1695.8,  -17.88, 260.6
 30.54, 1696.8,  -17.75, 260.6
 30.56, 1697.8,  -18.00, 260.6
 30.58, 1699.0,  -17.75, 260.6
 30.60, 1700.0,  -17.88, 260.6
 30.62, 1701.0,  -18.00, 260.6
 30.64, 1702.1,  -18.00, 260.6
 30.66, 1703.0,  -18.13, 260.6
 30.68, 1704.2,  -18.13, 260.6
 30.70, 1705.3,  -18.13, 260.6
 30.72, 1706.4,  -18.38, 260.6
 30.74, 1707.4,  -18.38, 260.6
 30.76, 1708.6,  -18.63, 260.6
 30.78, 1709.8,  -18.50, 260.6
 30.80, 1710.8,  -18.88, 260.6
 30.82, 1712.0,  -18.75, 260.6
 30.84, 1713.0,  -19.13, 260.6
 30.86, 1714.2,  -19.00, 260.6
 30.88, 1715.4,  -19.25, 260.6
 30.90, 1716.6,  -19.38, 260.6
 30.92, 1717.8,  -19.38, 260.6
 30.94, 1719.0,  -19.63, 260.6
 30.96, 1720.2,  -19.63, 260.6
 30.98, 1721.4,  -19.75, 260.6
 31.00, 1722.7,  -19.88, 260.6
 31.02, 1724.0,  -19.88, 260.6
 31.04, 1725.4,  -20.13, 260.6
 31.06, 1726.6,  -20.00, 260.6
 31.08, 1727.8,  -20.25, 260.6
 31.10, 1729.0,  -20.13, 260.6
 31.12, 1730.4,  -20.13, 260.6
 31.14, 1731.7,  -20.25, 260.6
 31.16, 1733.0,  -20.25, 260.6
 31.18, 1734.2,  -20.25, 260.6
 31.20, 1735.5,  -20.38, 260.6
 31.22, 1736.8,  -20.13, 260.6
 31.24, 1738.2,  -20.25, 260.6
 31.26, 1739.4,  -20.00, 260.6
 31.28, 1740.6,  -20.25, 260.6
 31.30, 1742.0,  -19.88, 260.6
 31.32, 1743.2,  -20.13, 260.6
 31.34, 1744.4,  -19.75, 260.6
 31.36, 1745.7,  -19.88, 260.6
 31.38, 1747.0,  -19.63, 260.6
 31.40, 1748.2,  -19.75, 260.6
 31.42, 1749.4,  -19.50, 260.6
 31.44, 1750.6,  -19.38, 260.6
 31.46, 1751.8,  -19.38, 260.6
 31.48, 1753.0,  -19.25, 260.6
 31.50, 1754.1,  -19.13, 260.6
 31.52, 1755.2,  -19.13, 260.6
 31.54, 1756.4,  -18.88, 260.6
 31.56, 1757.4,  -19.00, 260.6
 31.58, 1758.6,  -18.88, 260.6
 31.60, 1759.6,  -18.63, 260.6
 31.62, 1760.8,  -18.63, 260.6
 31.64, 1761.8,  -18.75, 260.6
 31.66, 1762.9,  -18.38, 260.6
 31.68, 1764.0,  -18.38, 260.6
 31.70, 1765.0,  -18.50, 260.6
 31.72, 1766.2,  -18.38, 260.6
 31.74, 1767.2,  -18.25, 260.6
 31.76, 1768.2,  -18.50, 260.6
 31.78, 1769.2,  -18.50, 260.6
 31.80, 1770.3,  -18.38, 260.6
 31.82, 1771.4,  -18.50, 260.6
 31.84, 1772.4,  -18.50, 260.6
 31.86, 1773.4,  -18.50, 260.6
 31.88, 1774.4,  -18.75, 260.6
 31.90, 1775.6,  -18.50, 260.6
 31.92, 1776.6,  -18.88, 260.6
 31.94, 1777.8,  -18.75, 260.6
 31.96, 1778.8,  -19.00, 260.6
 31.98, 1780.0,  -19.00, 260.6
 32.00, 1781.0,  -19.13, 260.6
 32.02, 1782.2,  -19.25, 260.6
 32.04, 1783.2,  -19.38, 260.6
 32.06, 1784.4,  -19.50, 260.6
 32.08, 1785.6,  -19.63, 260.6
 32.10, 1786.8,  -19.63, 260.6
 32.12, 1787.9,  -20.00, 260.6
 32.14, 1789.0,  -19.88, 260.6
 32.16, 1790.2,  -20.25, 260.6
 32.18, 1791.4,  -20.00, 260.6
 32.20, 1792.6,  -20.38, 260.6
 32.22, 1793.8,  -20.25, 260.6
 32.24, 1795.0,  -20.38, 260.6
 32.26, 1796.4,  -20.50, 260.6
 32.28, 1797.6,  -20.50, 260.6
 32.30, 1798.9,  -20.63, 260.6
 32.32, 1800.2,  -20.88, 260.6
 32.34, 1801.4,  -20.63, 260.6
 32.36, 1802.7,  -21.00, 260.6
 32.38, 1804.0,  -20.88, 260.6
 32.40, 1805.4,  -20.88, 260.6
 32.42, 1806.6,  -20.88, 260.6
 32.44, 1808.0,  -20.63, 260.6
 32.46, 1809.3,  -20.75, 260.6
 32.48, 1810.5,  -20.63, 260.6
 32.50, 1811.7,  -20.75, 260.6
 32.52, 1812.9,  -20.63, 260.6
 32.54, 1814.1,  -20.50, 260.6
 32.56, 1815.5,  -20.50, 260.6
 32.58, 1816.7,  -20.50, 260.6
 32.60, 1818.0,  -20.50, 260.6
 32.62, 1819.3,  -20.38, 260.6
 32.64, 1820.5,  -20.13, 260.6
 32.66, 1821.7,  -20.13, 260.6
 32.68, 1822.9,  -19.88, 260.6
 32.70, 1824.1,  -19.75, 260.6
 32.72, 1825.3,  -19.75, 260.6
 32.74, 1826.5,  -19.38, 260.6
 32.76, 1827.6,  -19.63, 260.6
 32.78, 1828.5,  -19.50, 260.6
 32.80, 1829.7,  -19.38, 260.6
 32.82, 1830.9,  -19.50, 238.5
 32.84, 1832.0,  -19.38, 238.5
 32.86, 1833.1,  -19.13, 238.5
 32.88, 1834.1,  -19.38, 238.5
 32.90, 1835.3,  -19.13, 238.5
 32.92, 1836.4,  -18.88, 238.5
 32.94, 1837.3,  -18.88, 238.5
 32.96, 1838.5,  -19.00, 238.5
 32.98, 1839.6,  -18.63, 238.5
 33.00, 1840.5,  -19.00, 238.5
 33.02, 1841.7,  -19.00, 238.5
 33.04, 1842.6,  -18.88, 238.5
 33.06, 1843.7,  -19.13, 238.5
 33.08, 1844.8,  -19.13, 238.5
 33.10, 1845.7,  -19.13, 238.5
 33.12, 1846.9,  -19.38, 238.5
 33.14, 1848.1,  -19.13, 238.5
 33.16, 1849.1,  -19.38, 238.5
 33.18, 1850.1,  -19.38, 238.5
 33.20, 1851.3,  -19.50, 238.5
 33.22, 1852.5,  -19.63, 238.5
 33.24, 1853.5,  -19.63, 238.5
 33.26, 1854.5,  -19.88, 238.5
 33.28, 1855.7,  -20.00, 238.5
 33.30, 1856.9,  -20.00, 238.5
 33.32, 1858.1,  -20.38, 238.5
 33.34, 1859.3,  -20.13, 238.5
 33.36, 1860.5,  -20.63, 238.5
 33.38, 1861.7,  -20.38, 238.5
 33.40, 1862.9,  -20.75, 238.5
 33.42, 1864.1,  -20.75, 238.5
 33.44, 1865.3,  -20.88, 238.5
 33.46, 1866.5,  -21.00, 238.5
 33.48, 1867.8,  -21.00, 238.5
 33.50, 1869.2,  -21.00, 238.5
 33.52, 1870.5,  -21.38, 238.5
 33.54, 1871.7,  -21.00, 238.5
 33.56, 1872.9,  -21.38, 238.5
 33.58, 1874.3,  -21.38, 238.5
 33.60, 1875.7,  -21.25, 238.5
 33.62, 1876.9,  -21.50, 238.5
 33.64, 1878.2,  -21.38, 238.5
 33.66, 1879.7,  -21.38, 238.5
 33.68, 1880.9,  -21.50, 238.5
 33.70, 1882.1,  -21.13, 238.5
 33.72, 1883.4,  -21.50, 238.5
 33.74, 1884.7,  -21.00, 238.5
 33.76, 1886.1,  -21.25, 238.5
 33.78, 1887.3,  -21.00, 238.5
 33.80, 1888.5,  -21.13, 238.5
 33.82, 1889.7,  -20.88, 238.5
 33.84, 1891.1,  -21.00, 238.5
 33.86, 1892.5,  -20.63, 238.5
 33.88, 1893.7,  -20.88, 238.5
 33.90, 1894.9,  -20.38, 238.5
 33.92, 1896.1,  -20.63, 238.5
 33.94, 1897.3,  -20.38, 238.5
 33.96, 1898.5,  -20.25, 238.5
 33.98, 1899.7,  -20.25, 238.5
 34.00, 1900.7,  -19.88, 238.5
 34.02, 1901.8,  -20.00, 238.5
 34.04, 1902.9,  -20.00, 238.5
 34.06, 1904.1,  -19.63, 238.5
 34.08, 1905.3,  -19.88, 238.5
 34.10, 1906.3,  -19.75, 238.5
 34.12, 1907.4,  -19.50, 238.5
 34.14, 1908.5,  -19.63, 238.5
 34.16, 1909.7,  -19.63, 238.5
 34.18, 1910.7,  -19.25, 238.5
 34.20, 1911.7,  -19.50, 238.5
 34.22, 1912.8,  -19.50, 238.5
 34.24, 1913.8,  -19.38, 238.5
 34.26, 1914.9,  -19.50, 238.5
 34.28, 1916.0,  -19.50, 238.5
 34.30, 1917.1,  -19.38, 238.5
 34.32, 1918.1,  -19.75, 238.5
 34.34, 1919.2,  -19.50, 238.5
 34.36, 1920.3,  -19.75, 238.5
 34.38, 1921.3,  -19.75, 238.5
 34.40, 1922.5,  -19.88, 238.5
 34.42, 1923.7,  -20.00, 238.5
 34.44, 1924.7,  -20.00, 238.5
 34.46, 1925.7,  -20.13, 238.5
 34.48, 1926.9,  -20.13, 238.5
 34.50, 1928.1,  -20.38, 238.5
 34.52, 1929.3,  -20.38, 238.5
 34.54, 1930.4,  -20.50, 238.5
 34.56, 1931.6,  -20.75, 238.5
 34.58, 1932.8,  -20.63, 238.5
 34.60, 1934.1,  -21.00, 238.5
 34.62, 1935.3,  -21.00, 238.5
 34.64, 1936.5,  -21.25, 238.5
 34.66, 1937.7,  -21.38, 238.5
 34.68, 1938.9,  -21.25, 238.5
 34.70, 1940.2,  -21.50, 238.5
 34.72, 1941.5,  -21.63, 238.5
 34.74, 1942.8,  -21.63, 238.5
 34.76, 1944.1,  -21.75, 238.5
 34.78, 1945.3,  -21.75, 238.5
 34.80, 1946.7,  -21.75, 238.5
 34.82, 1948.0,  -22.00, 238.5
 34.84, 1949.3,  -21.75, 238.5
 34.86, 1950.7,  -21.88, 238.5
 34.88, 1952.0,  -22.00, 238.5
 34.90, 1953.3,  -21.75, 238.5
 34.92, 1954.6,  -21.88, 238.5
 34.94, 1955.9,  -21.88, 238.5
 34.96, 1957.3,  -21.75, 238.5
 34.98, 1958.5,  -21.88, 238.5
 35.00, 1959.8,  -21.63, 238.5
 35.02, 1961.1,  -21.75, 238.5
 35.04, 1962.4,  -21.38, 238.5
 35.06, 1963.7,  -21.50, 238.5
 35.08, 1964.9,  -21.25, 238.5
 35.10, 1966.2,  -21.38, 238.5
 35.12, 1967.5,  -21.00, 238.5
 35.14, 1968.7,  -21.13, 238.5
 35.16, 1969.9,  -20.88, 238.5
 35.18, 1971.1,  -20.88, 238.5
 35.20, 1972.3,  -20.88, 238.5
 35.22, 1973.4,  -20.63, 238.5
 35.24, 1974.6,  -20.63, 238.5
 35.26, 1975.7,  -20.63, 238.5
 35.28, 1976.8,  -20.25, 238.5
 35.30, 1978.0,  -20.38, 238.5
 35.32, 1979.1,  -20.13, 238.5
 35.34, 1980.3,  -20.00, 238.5
 35.36, 1981.3,  -20.00, 238.5
 35.38, 1982.4,  -20.00, 238.5
 35.40, 1983.5,  -19.88, 238.5
 35.42, 1984.6,  -20.00, 238.5
 35.44, 1985.6,  -19.88, 238.5
 35.46, 1986.7,  -20.00, 238.5
 35.48, 1987.8,  -20.13, 238.5
 35.50, 1988.8,  -20.00, 238.5
 35.52, 1989.9,  -20.00, 238.5
 35.54, 1991.1,  -20.13, 238.5
 35.56, 1992.1,  -19.88, 238.5
 35.58, 1993.2,  -20.25, 238.5
 35.60, 1994.3,  -20.00, 238.5
 35.62, 1995.4,  -20.00, 238.5
 35.64, 1996.5,  -20.25, 238.5
 35.66, 1997.5,  -20.38, 238.5
 35.68, 1998.6,  -20.50, 238.5
 35.70, 1999.7,  -20.75, 238.5
 35.72, 2000.8,  -20.88, 238.5
 35.74, 2002.0,  -21.00, 238.5
 35.76, 2003.1,  -21.00, 238.5
 35.78, 2004.4,  -21.25, 238.5
 35.80, 2005.5,  -21.13, 238.5
 35.82, 2006.8,  -21.50, 238.5
 35.84, 2008.0,  -21.25, 238.5
 35.86, 2009.2,  -21.50, 238.5
 35.88, 2010.4,  -21.50, 238.5
 35.90, 2011.7,  -21.63, 238.5
 35.92, 2013.0,  -21.88, 238.5
 35.94, 2014.2,  -22.13, 238.5
 35.96, 2015.4,  -22.00, 238.5
 35.98, 2016.7,  -22.38, 238.5
 36.00, 2018.1,  -22.25, 238.5
 36.02, 2019.5,  -22.25, 238.5
 36.04, 2020.7,  -22.38, 238.5
 36.06, 2022.1,  -22.38, 238.5
 36.08, 2023.5,  -22.38, 238.5
 36.10, 2024.7,  -22.38, 238.5
 36.12, 2026.1,  -22.25, 238.5
 36.14, 2027.5,  -22.38, 238.5
 36.16, 2028.7,  -22.38, 238.5
 36.18, 2029.9,  -22.25, 238.5
 36.20, 2031.3,  -22.50, 238.5
 36.22, 2032.7,  -22.13, 238.5
 36.24, 2033.9,  -22.38, 238.5
 36.26, 2035.1,  -22.00, 238.5
 36.28, 2036.5,  -22.13, 238.5
 36.30, 2037.9,  -21.88, 238.5
 36.32, 2039.1,  -22.00, 238.5
 36.34, 2040.3,  -21.63, 238.5
 36.36, 2041.5,  -21.75, 238.5
 36.38, 2042.7,  -21.50, 238.5
 36.40, 2043.9,  -21.50, 238.5
 36.42, 2045.1,  -21.50, 238.5
 36.44, 2046.3,  -21.25, 238.5
 36.46, 2047.5,  -21.25, 238.5
 36.48, 2048.7,  -21.13, 238.5
 36.50, 2049.8,  -21.00, 238.5
 36.52, 2050.8,  -21.00, 238.5
 36.54, 2051.9,  -20.75, 238.5
 36.56, 2053.0,  -20.75, 238.5
 36.58, 2054.2,  -20.75, 238.5
 36.60, 2055.4,  -20.63, 238.5
 36.62, 2056.4,  -20.50, 238.5
 36.64, 2057.4,  -20.63, 238.5
 36.66, 2058.6,  -20.38, 238.5
 36.68, 2059.6,  -20.63, 238.5
 36.70, 2060.6,  -20.50, 238.5
 36.72, 2061.8,  -20.50, 238.5
 36.74, 2062.8,  -20.50, 238.5
 36.76, 2063.8,  -20.63, 238.5
 36.78, 2065.0,  -20.50, 238.5
 36.80, 2066.0,  -20.75, 238.5
 36.82, 2067.0,  -20.75, 238.5
 36.84, 2068.2,  -20.88, 238.5
 36.86, 2069.4,  -20.75, 238.5
 36.88, 2070.3,  -20.88, 238.5
 36.90, 2071.4,  -21.00, 238.5
 36.92, 2072.6,  -21.00, 238.5
 36.94, 2073.8,  -21.25, 238.5
 36.96, 2074.8,  -21.38, 238.5
 36.98, 2076.0,  -21.50, 238.5
 37.00, 2077.2,  -21.63, 238.5
 37.02, 2078.3,  -21.63, 238.5
 37.04, 2079.6,  -21.88, 238.5
 37.06, 2080.7,  -21.88, 238.5
 37.08, 2082.0,  -22.13, 238.5
 37.10, 2083.2,  -22.00, 238.5
 37.12, 2084.4,  -22.25, 238.5
 37.14, 2085.6,  -22.38, 238.5
 37.16, 2086.8,  -22.38, 238.5
 37.18, 2088.2,  -22.63, 238.5
 37.20, 2089.4,  -22.63, 238.5
 37.22, 2090.6,  -22.63, 238.5
 37.24, 2092.0,  -22.88, 238.5
 37.26, 2093.4,  -22.88, 238.5
 37.28, 2094.6,  -22.75, 238.5
 37.30, 2095.9,  -23.00, 238.5
 37.32, 2097.2,  -22.88, 238.5
 37.34, 2098.6,  -23.13, 238.5
 37.36, 2099.8,  -23.13, 238.5
 37.38, 2101.1,  -23.00, 238.5
 37.40, 2102.4,  -23.00, 238.5
 37.42, 2103.7,  -22.88, 238.5
 37.44, 2104.9,  -22.75, 238.5
 37.46, 2106.3,  -22.88, 238.5
 37.48, 2107.6,  -22.63, 238.5
 37.50, 2108.9,  -22.88, 238.5
 37.52, 2110.1,  -22.50, 238.5
 37.54, 2111.5,  -22.75, 238.5
 37.56, 2112.7,  -22.38, 238.5
 37.58, 2113.9,  -22.50, 238.5
 37.60, 2115.2,  -22.38, 238.5
 37.62, 2116.5,  -22.38, 238.5
 37.64, 2117.8,  -22.13, 248.9
 37.66, 2118.9,  -21.88, 248.9
 37.68, 2120.1,  -21.88, 248.9
 37.70, 2121.3,  -21.75, 248.9
 37.72, 2122.5,  -21.63, 248.9
 37.74, 2123.7,  -21.75, 248.9
 37.76, 2124.7,  -21.38, 248.9
 37.78, 2125.9,  -21.50, 248.9
 37.80, 2127.1,  -21.50, 248.9
 37.82, 2128.1,  -21.25, 248.9
 37.84, 2129.3,  -21.25, 248.9
 37.86, 2130.3,  -21.25, 248.9
 37.88, 2131.4,  -21.13, 248.9
 37.90, 2132.5,  -21.13, 248.9
 37.92, 2133.5,  -21.13, 248.9
 37.94, 2134.6,  -20.88, 248.9
 37.96, 2135.7,  -21.13, 248.9
 37.98, 2136.7,  -21.13, 248.9
 38.00, 2137.9,  -21.13, 248.9
 38.02, 2139.1,  -21.13, 248.9
 38.04, 2140.3,  -21.13, 248.9
 38.06, 2141.3,  -21.13, 248.9
 38.08, 2142.3,  -21.50, 248.9
 38.10, 2143.5,  -21.25, 248.9
 38.12, 2144.5,  -21.63, 248.9
 38.14, 2145.6,  -21.50, 248.9
 38.16, 2146.7,  -21.88, 248.9
 38.18, 2147.9,  -21.63, 248.9
 38.20, 2149.0,  -22.00, 248.9
 38.22, 2150.2,  -21.88, 248.9
 38.24, 2151.3,  -22.38, 248.9
 38.26, 2152.5,  -22.13, 248.9
 38.28, 2153.7,  -22.50, 248.9
 38.30, 2154.9,  -22.38, 248.9
 38.32, 2156.1,  -22.50, 248.9
 38.34, 2157.3,  -22.75, 248.9
 38.36, 2158.5,  -22.75, 248.9
 38.38, 2159.8,  -23.00, 248.9
 38.40, 2161.1,  -23.13, 248.9
 38.42, 2162.3,  -23.00, 248.9
 38.44, 2163.5,  -23.38, 248.9
 38.46, 2164.7,  -23.38, 248.9
 38.48, 2166.2,  -23.38, 248.9
 38.50, 2167.5,  -23.50, 248.9
 38.52, 2168.7,  -23.38, 248.9
 38.54, 2170.1,  -23.38, 248.9
 38.56, 2171.4,  -23.50, 248.9
 38.58, 2172.7,  -23.25, 248.9
 38.60, 2173.9,  -23.50, 248.9
 38.62, 2175.3,  -23.50, 248.9
 38.64, 2176.7,  -23.38, 248.9
 38.66, 2177.9,  -23.63, 248.9
 38.68, 2179.1,  -23.38, 248.9
 38.70, 2180.6,  -23.50, 248.9
 38.72, 2181.9,  -23.50, 248.9
 38.74, 2183.1,  -23.38, 248.9
 38.76, 2184.5,  -23.25, 248.9
 38.78, 2185.8,  -23.13, 248.9
 38.80, 2187.1,  -23.00, 248.9
 38.82, 2188.3,  -22.88, 248.9
 38.84, 2189.5,  -22.75, 248.9
 38.86, 2190.7,  -22.75, 248.9
 38.88, 2191.9,  -22.50, 248.9
 38.90, 2193.1,  -22.75, 248.9
 38.92, 2194.3,  -22.50, 248.9
 38.94, 2195.5,  -22.63, 248.9
 38.96, 2196.7,  -22.38, 248.9
 38.98, 2197.9,  -22.38, 248.9
 39.00, 2199.1,  -22.25, 248.9
 39.02, 2200.2,  -22.00, 248.9
 39.04, 2201.4,  -21.88, 248.9
 39.06, 2202.3,  -22.00, 248.9
 39.08, 2203.5,  -21.63, 248.9
 39.10, 2204.7,  -21.75, 248.9
 39.12, 2205.7,  -21.75, 248.9
 39.14, 2206.7,  -21.50, 248.9
 39.16, 2207.9,  -21.88, 248.9
 39.18, 2209.0,  -21.75, 248.9
 39.20, 2209.9,  -21.75, 248.9
 39.22, 2211.1,  -21.88, 248.9
 39.24, 2212.3,  -21.88, 248.9
 39.26, 2213.4,  -21.75, 248.9
 39.28, 2214.3,  -22.00, 248.9
 39.30, 2215.5,  -21.50, 248.9
 39.32, 2216.6,  -22.00, 248.9
 39.34, 2217.5,  -21.75, 248.9
 39.36, 2218.7,  -22.13, 248.9
 39.38, 2219.9,  -22.00, 248.9
 39.40, 2221.0,  -22.38, 248.9
 39.42, 2222.0,  -22.25, 248.9
 39.44, 2223.1,  -22.63, 248.9
 39.46, 2224.3,  -22.50, 248.9
 39.48, 2225.5,  -22.88, 248.9
 39.50, 2226.7,  -22.63, 248.9
 39.52, 2227.9,  -23.00, 248.9
 39.54, 2229.1,  -22.88, 248.9
 39.56, 2230.3,  -23.25, 248.9
 39.58, 2231.5,  -23.25, 248.9
 39.60, 2232.7,  -23.25, 248.9
 39.62, 2233.9,  -23.50, 248.9
 39.64, 2235.2,  -23.63, 248.9
 39.66, 2236.6,  -23.50, 248.9
 39.68, 2237.9,  -23.88, 248.9
 39.70, 2239.1,  -23.88, 248.9
 39.72, 2240.4,  -23.75, 248.9
 39.74, 2241.9,  -24.13, 248.9
 39.76, 2243.1,  -24.00, 248.9
 39.78, 2244.3,  -24.00, 248.9
 39.80, 2245.9,  -24.13, 248.9
 39.82, 2247.1,  -24.00, 248.9
 39.84, 2248.3,  -24.00, 248.9
 39.86, 2249.7,  -24.25, 248.9
 39.88, 2251.1,  -23.88, 248.9
 39.90, 2252.3,  -24.13, 248.9
 39.92, 2253.7,  -24.00, 248.9
 39.94, 2255.1,  -23.88, 248.9
 39.96, 2256.3,  -24.00, 248.9
 39.98, 2257.7,  -23.75, 248.9
 40.00, 2259.1,  -23.88, 248.9
 40.02, 2260.3,  -23.63, 248.9
 40.04, 2261.5,  -23.75, 245.0
 40.06, 2262.9,  -23.50, 245.0
 40.08, 2264.1,  -23.50, 245.0
 40.10, 2265.5,  -23.25, 245.0
 40.12, 2266.6,  -23.38, 245.0
 40.14, 2267.8,  -23.13, 245.0
 40.16, 2269.0,  -23.13, 245.0
 40.18, 2270.2,  -22.88, 245.0
 40.20, 2271.4,  -22.88, 245.0
 40.22, 2272.6,  -22.75, 245.0
 40.24, 2273.7,  -22.50, 245.0
 40.26, 2274.8,  -22.75, 245.0
 40.28, 2276.0,  -22.50, 245.0
 40.30, 2277.0,  -22.38, 245.0
 40.32, 2278.2,  -22.63, 245.0
 40.34, 2279.4,  -22.25, 245.0
 40.36, 2280.4,  -22.38, 245.0
 40.38, 2281.4,  -22.38, 245.0
 40.40, 2282.6,  -22.13, 245.0
 40.42, 2283.8,  -22.25, 245.0
 40.44, 2284.8,  -22.13, 245.0
 40.46, 2285.8,  -22.00, 245.0
 40.48, 2287.0,  -22.38, 245.0
 40.50, 2288.1,  -22.13, 245.0
 40.52, 2289.2,  -22.50, 245.0
 40.54, 2290.2,  -22.38, 245.0
 40.56, 2291.4,  -22.50, 245.0
 40.58, 2292.6,  -22.63, 245.0
 40.60, 2293.6,  -22.50, 245.0
 40.62, 2294.7,  -22.75, 245.0
 40.64, 2295.8,  -22.63, 245.0
 40.66, 2297.0,  -22.88, 245.0
 40.68, 2298.2,  -22.88, 245.0
 40.70, 2299.3,  -23.00, 245.0
 40.72, 2300.5,  -23.13, 245.0
 40.74, 2301.7,  -23.13, 245.0
 40.76, 2302.9,  -23.50, 245.0
 40.78, 2304.1,  -23.38, 245.0
 40.80, 2305.4,  -23.75, 245.0
 40.82, 2306.6,  -23.75, 245.0
 40.84, 2307.8,  -23.75, 245.0
 40.86, 2309.0,  -24.00, 245.0
 40.88, 2310.3,  -24.00, 245.0
 40.90, 2311.6,  -24.13, 245.0
 40.92, 2312.9,  -24.25, 245.0
 40.94, 2314.2,  -24.38, 245.0
 40.96, 2315.5,  -24.25, 245.0
 40.98, 2316.9,  -24.50, 245.0
 41.00, 2318.2,  -24.50, 245.0
 41.02, 2319.6,  -24.50, 245.0
 41.04, 2320.9,  -24.63, 245.0
 41.06, 2322.2,  -24.63, 245.0
 41.08, 2323.6,  -24.50, 245.0
 41.10, 2324.9,  -24.75, 245.0
 41.12, 2326.2,  -24.63, 245.0
 41.14, 2327.6,  -24.63, 245.0
 41.16, 2328.9,  -24.75, 245.0
 41.18, 2330.2,  -24.50, 245.0
 41.20, 2331.6,  -24.50, 245.0
 41.22, 2332.9,  -24.50, 245.0
 41.24, 2334.2,  -24.25, 245.0
 41.26, 2335.6,  -24.25, 245.0
 41.28, 2336.8,  -24.00, 245.0
 41.30, 2338.2,  -24.00, 245.0
 41.32, 2339.4,  -23.88, 245.0
 41.34, 2340.6,  -23.88, 245.0
 41.36, 2341.9,  -23.75, 245.0
 41.38, 2343.1,  -23.75, 245.0
 41.40, 2344.3,  -23.63, 245.0
 41.42, 2345.5,  -23.50, 245.0
 41.44, 2346.6,  -23.63, 245.0
 41.46, 2347.8,  -23.25, 245.0
 41.48, 2349.0,  -23.38, 245.0
 41.50, 2350.2,  -23.00, 245.0
 41.52, 2351.3,  -23.00, 245.0
 41.54, 2352.5,  -23.00, 245.0
 41.56, 2353.6,  -22.88, 245.0
 41.58, 2354.7,  -22.88, 245.0
 41.60, 2355.8,  -22.88, 245.0
 41.62, 2356.9,  -22.63, 245.0
 41.64, 2358.0,  -22.88, 245.0
 41.66, 2359.1,  -22.75, 245.0
 41.68, 2360.2,  -22.75, 245.0
 41.70, 2361.3,  -22.88, 245.0
 41.72, 2362.4,  -22.63, 245.0
 41.74, 2363.5,  -22.88, 245.0
 41.76, 2364.7,  -22.75, 245.0
 41.78, 2365.7,  -22.75, 245.0
 41.80, 2366.8,  -22.88, 245.0
 41.82, 2367.9,  -22.88, 245.0
 41.84, 2369.1,  -23.00, 245.0
 41.86, 2370.1,  -23.13, 245.0
 41.88, 2371.2,  -23.25, 245.0
 41.90, 2372.3,  -23.25, 245.0
 41.92, 2373.5,  -23.50, 245.0
 41.94, 2374.7,  -23.50, 245.0
 41.96, 2375.9,  -23.63, 245.0
 41.98, 2377.1,  -23.75, 245.0
 42.00, 2378.3,  -23.75, 245.0
 42.02, 2379.5,  -24.00, 245.0
 42.04, 2380.7,  -23.88, 245.0
 42.06, 2381.9,  -24.25, 245.0
 42.08, 2383.2,  -24.25, 245.0
 42.10, 2384.5,  -24.25, 245.0
 42.12, 2385.7,  -24.63, 245.0
 42.14, 2387.1,  -24.63, 245.0
 42.16, 2388.3,  -24.75, 245.0
 42.18, 2389.5,  -24.88, 245.0
 42.20, 2390.9,  -25.00, 245.0
 42.22, 2392.3,  -24.88, 245.0
 42.24, 2393.5,  -25.13, 245.0
 42.26, 2394.9,  -25.00, 245.0
 42.28, 2396.3,  -25.00, 245.0
 42.30, 2397.6,  -25.13, 245.0
 42.32, 2398.9,  -25.13, 245.0
 42.34, 2400.3,  -25.00, 245.0
 42.36, 2401.6,  -25.25, 245.0
 42.38, 2402.9,  -25.00, 245.0
 42.40, 2404.3,  -25.00, 245.0
 42.42, 2405.5,  -25.13, 245.0
 42.44, 2406.9,  -25.00, 245.0
 42.46, 2408.3,  -25.00, 245.0
 42.48, 2409.5,  -24.88, 245.0
 42.50, 2410.9,  -24.88, 245.0
 42.52, 2412.3,  -24.75, 245.0
 42.54, 2413.5,  -24.75, 245.0
 42.56, 2414.7,  -24.50, 245.0
 42.58, 2415.9,  -24.50, 245.0
 42.60, 2417.3,  -24.25, 245.0
 42.62, 2418.4,  -24.38, 245.0
 42.64, 2419.7,  -24.00, 245.0
 42.66, 2420.8,  -24.13, 245.0
 42.68, 2422.1,  -23.88, 245.0
 42.70, 2423.2,  -23.88, 245.0
 42.72, 2424.4,  -23.75, 245.0
 42.74, 2425.5,  -23.75, 245.0
 42.76, 2426.7,  -23.75, 245.0
 42.78, 2427.9,  -23.63, 245.0
 42.80, 2429.1,  -23.50, 245.0
 42.82, 2430.1,  -23.63, 245.0
 42.84, 2431.2,  -23.25, 238.5
 42.86, 2432.3,  -23.38, 238.5
 42.88, 2433.5,  -23.25, 238.5
 42.90, 2434.5,  -23.13, 238.5
 42.92, 2435.5,  -23.38, 238.5
 42.94, 2436.7,  -23.13, 238.5
 42.96, 2437.9,  -23.13, 238.5
 42.98, 2438.9,  -23.38, 238.5
 43.00, 2439.9,  -23.25, 238.5
 43.02, 2441.1,  -23.50, 238.5
 43.04, 2442.3,  -23.50, 238.5
 43.06, 2443.3,  -23.50, 238.5
 43.08, 2444.5,  -23.63, 238.5
 43.10, 2445.5,  -23.50, 238.5
 43.12, 2446.7,  -23.75, 238.5
 43.14, 2447.7,  -23.63, 238.5
 43.16, 2448.9,  -24.00, 238.5
 43.18, 2450.1,  -23.88, 238.5
 43.20, 2451.1,  -24.13, 238.5
 43.22, 2452.3,  -24.25, 238.5
 43.24, 2453.5,  -24.38, 238.5
 43.26, 2454.7,  -24.63, 238.5
 43.28, 2455.9,  -24.50, 238.5
 43.30, 2457.3,  -24.88, 238.5
 43.32, 2458.5,  -24.75, 238.5
 43.34, 2459.7,  -24.88, 238.5
 43.36, 2460.9,  -25.13, 238.5
 43.38, 2462.3,  -25.13, 238.5
 43.40, 2463.5,  -25.13, 238.5
 43.42, 2464.7,  -25.50, 238.5
 43.44, 2466.1,  -25.38, 238.5
 43.46, 2467.4,  -25.50, 238.5
 43.48, 2468.7,  -25.63, 238.5
 43.50, 2470.1,  -25.63, 238.5
 43.52, 2471.4,  -25.63, 238.5
 43.54, 2472.7,  -25.88, 238.5
 43.56, 2474.1,  -25.63, 238.5
 43.58, 2475.4,  -25.75, 238.5
 43.60, 2476.7,  -25.88, 238.5
 43.62, 2478.1,  -25.63, 238.5
 43.64, 2479.3,  -25.75, 238.5
 43.66, 2480.7,  -25.75, 238.5
 43.68, 2482.0,  -25.63, 238.5
 43.70, 2483.3,  -25.63, 238.5
 43.72, 2484.7,  -25.50, 238.5
 43.74, 2485.9,  -25.50, 238.5
 43.76, 2487.3,  -25.38, 238.5
 43.78, 2488.5,  -25.38, 238.5
 43.80, 2489.9,  -25.13, 238.5
 43.82, 2491.1,  -25.13, 238.5
 43.84, 2492.4,  -25.00, 238.5
 43.86, 2493.6,  -25.00, 238.5
 43.88, 2494.9,  -24.75, 238.5
 43.90, 2496.1,  -24.88, 238.5
 43.92, 2497.3,  -24.50, 238.5
 43.94, 2498.4,  -24.63, 238.5
 43.96, 2499.6,  -24.50, 238.5
 43.98, 2500.7,  -24.38, 238.5
 44.00, 2501.9,  -24.38, 238.5
 44.02, 2503.1,  -24.13, 238.5
 44.04, 2504.2,  -24.13, 238.5
 44.06, 2505.2,  -24.13, 238.5
 44.08, 2506.4,  -23.88, 238.5
 44.10, 2507.5,  -24.00, 238.5
 44.12, 2508.6,  -24.00, 238.5
 44.14, 2509.6,  -23.88, 238.5
 44.16, 2510.8,  -24.00, 238.5
 44.18, 2511.8,  -23.88, 238.5
 44.20, 2512.9,  -23.88, 238.5
 44.22, 2514.0,  -24.00, 238.5
 44.24, 2515.2,  -23.75, 238.5
 44.26, 2516.3,  -24.13, 238.5
 44.28, 2517.3,  -24.00, 238.5
 44.30, 2518.4,  -24.00, 238.5
 44.32, 2519.6,  -24.25, 238.5
 44.34, 2520.7,  -24.00, 238.5
 44.36, 2521.8,  -24.38, 238.5
 44.38, 2522.8,  -24.13, 238.5
 44.40, 2524.0,  -24.50, 238.5
 44.42, 2525.2,  -24.50, 238.5
 44.44, 2526.4,  -24.88, 238.5
 44.46, 2527.5,  -24.75, 238.5
 44.48, 2528.6,  -25.00, 238.5
 44.50, 2529.9,  -25.13, 238.5
 44.52, 2531.1,  -25.13, 238.5
 44.54, 2532.3,  -25.38, 238.5
 44.56, 2533.6,  -25.25, 238.5
 44.58, 2534.8,  -25.38, 238.5
 44.60, 2536.0,  -25.63, 238.5
 44.62, 2537.2,  -25.50, 238.5
 44.64, 2538.6,  -25.75, 238.5
 44.66, 2539.8,  -26.00, 238.5
 44.68, 2541.2,  -25.88, 238.5
 44.70, 2542.4,  -26.13, 238.5
 44.72, 2543.6,  -26.38, 238.5
 44.74, 2545.1,  -26.38, 238.5
 44.76, 2546.4,  -26.25, 238.5
 44.78, 2547.6,  -26.50, 238.5
 44.80, 2549.2,  -26.25, 238.5
 44.82, 2550.4,  -26.38, 238.5
 44.84, 2551.8,  -26.38, 238.5
 44.86, 2553.2,  -26.13, 238.5
 44.88, 2554.4,  -26.25, 238.5
 44.90, 2555.8,  -26.38, 238.5
 44.92, 2557.2,  -26.13, 238.5
 44.94, 2558.4,  -26.38, 238.5
 44.96, 2559.7,  -26.25, 238.5
 44.98, 2561.2,  -26.13, 238.5
 45.00, 2562.4,  -26.25, 238.5
 45.02, 2563.6,  -25.88, 238.5
 45.04, 2565.1,  -26.00, 238.5
 45.06, 2566.4,  -25.63, 238.5
 45.08, 2567.6,  -25.88, 238.5
 45.10, 2568.8,  -25.38, 238.5
 45.12, 2570.0,  -25.63, 238.5
 45.14, 2571.2,  -25.25, 238.5
 45.16, 2572.4,  -25.38, 238.5
 45.18, 2573.6,  -25.25, 238.5
 45.20, 2574.8,  -25.13, 238.5
 45.22, 2576.0,  -25.13, 238.5
 45.24, 2577.2,  -24.88, 234.1
 45.26, 2578.4,  -25.00, 234.1
 45.28, 2579.6,  -24.75, 234.1
 45.30, 2580.8,  -24.63, 234.1
 45.32, 2582.0,  -24.75, 234.1
 45.34, 2583.1,  -24.50, 234.1
 45.36, 2584.2,  -24.50, 234.1
 45.38, 2585.2,  -24.63, 234.1
 45.40, 2586.4,  -24.25, 234.1
 45.42, 2587.6,  -24.63, 234.1
 45.44, 2588.5,  -24.38, 234.1
 45.46, 2589.6,  -24.50, 234.1
 45.48, 2590.8,  -24.50, 234.1
 45.50, 2591.9,  -24.38, 234.1
 45.52, 2592.8,  -24.63, 234.1
 45.54, 2593.9,  -24.50, 234.1
 45.56, 2595.1,  -24.75, 234.1
 45.58, 2596.3,  -24.75, 234.1
 45.60, 2597.5,  -24.88, 234.1
 45.62, 2598.6,  -24.88, 234.1
 45.64, 2599.6,  -25.00, 234.1
 45.66, 2600.7,  -25.00, 234.1
 45.68, 2601.9,  -25.38, 234.1
 45.70, 2603.1,  -25.13, 234.1
 45.72, 2604.3,  -25.63, 234.1
 45.74, 2605.5,  -25.38, 234.1
 45.76, 2606.7,  -25.75, 234.1
 45.78, 2607.9,  -25.75, 234.1
 45.80, 2609.1,  -25.75, 234.1
 45.82, 2610.3,  -26.00, 234.1
 45.84, 2611.7,  -26.13, 234.1
 45.86, 2613.1,  -26.25, 234.1
 45.88, 2614.3,  -26.50, 234.1
 45.90, 2615.5,  -26.50, 234.1
 45.92, 2616.8,  -26.38, 234.1
 45.94, 2618.2,  -26.75, 234.1
 45.96, 2619.5,  -26.75, 234.1
 45.98, 2620.7,  -26.63, 234.1
 46.00, 2622.1,  -26.63, 234.1
 46.02, 2623.5,  -27.00, 234.1
 46.04, 2624.9,  -26.75, 234.1
 46.06, 2626.3,  -26.88, 234.1
 46.08, 2627.5,  -27.00, 234.1
 46.10, 2629.1,  -27.00, 234.1
 46.12, 2630.3,  -26.88, 234.1
 46.14, 2631.7,  -27.13, 234.1
 46.16, 2633.1,  -26.88, 234.1
 46.18, 2634.3,  -26.88, 234.1
 46.20, 2635.7,  -26.88, 234.1
 46.22, 2637.1,  -26.50, 234.1
 46.24, 2638.3,  -26.75, 234.1
 46.26, 2639.7,  -26.50, 234.1
 46.28, 2641.1,  -26.50, 234.1
 46.30, 2642.3,  -26.38, 234.1
 46.32, 2643.6,  -26.25, 234.1
 46.34, 2645.0,  -26.25, 234.1
 46.36, 2646.2,  -26.13, 234.1
 46.38, 2647.5,  -26.00, 234.1
 46.40, 2648.7,  -26.00, 234.1
 46.42, 2649.9,  -25.75, 234.1
 46.44, 2651.1,  -25.88, 234.1
 46.46, 2652.3,  -25.50, 234.1
 46.48, 2653.5,  -25.63, 234.1
 46.50, 2654.7,  -25.38, 234.1
 46.52, 2655.9,  -25.38, 234.1
 46.54, 2657.1,  -25.38, 234.1
 46.56, 2658.2,  -25.13, 234.1
 46.58, 2659.4,  -25.38, 234.1
 46.60, 2660.5,  -25.00, 234.1
 46.62, 2661.6,  -25.13, 234.1
 46.64, 2662.7,  -25.13, 234.1
 46.66, 2663.9,  -24.88, 234.1
 46.68, 2665.0,  -25.00, 234.1
 46.70, 2666.1,  -25.00, 234.1
 46.72, 2667.1,  -25.00, 234.1
 46.74, 2668.3,  -25.00, 234.1
 46.76, 2669.4,  -25.00, 234.1
 46.78, 2670.5,  -25.13, 234.1
 46.80, 2671.6,  -25.13, 234.1
 46.82, 2672.8,  -25.38, 234.1
 46.84, 2673.9,  -25.25, 234.1
 46.86, 2675.1,  -25.50, 234.1
 46.88, 2676.3,  -25.38, 234.1
 46.90, 2677.4,  -25.63, 234.1
 46.92, 2678.6,  -25.63, 234.1
 46.94, 2679.7,  -25.75, 234.1
 46.96, 2680.9,  -25.88, 234.1
 46.98, 2682.1,  -25.88, 234.1
 47.00, 2683.3,  -26.25, 234.1
 47.02, 2684.5,  -26.13, 234.1
 47.04, 2685.8,  -26.38, 234.1
 47.06, 2687.0,  -26.63, 234.1
 47.08, 2688.3,  -26.50, 234.1
 47.10, 2689.6,  -26.75, 234.1
 47.12, 2690.9,  -26.88, 234.1
 47.14, 2692.3,  -26.88, 234.1
 47.16, 2693.5,  -26.88, 234.1
 47.18, 2694.9,  -27.13, 234.1
 47.20, 2696.2,  -27.00, 234.1
 47.22, 2697.5,  -27.13, 234.1
 47.24, 2698.9,  -27.25, 234.1
 47.26, 2700.2,  -27.50, 234.1
 47.28, 2701.5,  -27.25, 234.1
 47.30, 2702.9,  -27.50, 234.1
 47.32, 2704.3,  -27.63, 234.1
 47.34, 2705.7,  -27.38, 234.1
 47.36, 2707.0,  -27.50, 234.1
 47.38, 2708.5,  -27.50, 234.1
 47.40, 2709.8,  -27.38, 234.1
 47.42, 2711.2,  -27.25, 234.1
 47.44, 2712.5,  -27.38, 234.1
 47.46, 2713.9,  -27.00, 234.1
 47.48, 2715.2,  -27.25, 234.1
 47.50, 2716.5,  -27.13, 234.1
 47.52, 2717.8,  -27.13, 234.1
 47.54, 2719.1,  -27.13, 234.1
 47.56, 2720.5,  -27.00, 234.1
 47.58, 2721.7,  -27.00, 234.1
 47.60, 2723.0,  -26.75, 234.1
 47.62, 2724.3,  -26.75, 234.1
 47.64, 2725.5,  -26.38, 234.1
 47.66, 2726.8,  -26.38, 234.1
 47.68, 2728.1,  -26.13, 234.1
 47.70, 2729.3,  -26.00, 234.1
 47.72, 2730.5,  -26.00, 234.1
 47.74, 2731.6,  -25.88, 234.1
 47.76, 2732.8,  -26.00, 234.1
 47.78, 2733.9,  -25.88, 234.1
 47.80, 2735.0,  -25.88, 234.1
 47.82, 2736.2,  -25.88, 234.1
 47.84, 2737.3,  -25.75, 234.1
 47.86, 2738.5,  -25.88, 234.1
 47.88, 2739.7,  -25.63, 234.1
 47.90, 2740.9,  -25.50, 234.1
 47.92, 2741.9,  -25.75, 234.1
 47.94, 2743.0,  -25.38, 234.1
 47.96, 2744.1,  -25.63, 234.1
 47.98, 2745.3,  -25.38, 234.1
 48.00, 2746.3,  -25.63, 234.1
 48.02, 2747.5,  -25.50, 234.1
 48.04, 2748.5,  -25.75, 234.1
 48.06, 2749.7,  -25.88, 234.1
 48.08, 2750.9,  -25.88, 234.1
 48.10, 2751.9,  -26.00, 234.1
 48.12, 2753.0,  -26.00, 234.1
 48.14, 2754.1,  -26.13, 234.1
 48.16, 2755.4,  -26.00, 234.1
 48.18, 2756.5,  -26.25, 234.1
 48.20, 2757.7,  -26.38, 234.1
 48.22, 2758.8,  -26.38, 234.1
 48.24, 2760.0,  -26.63, 234.1
 48.26, 2761.3,  -26.63, 234.1
 48.28, 2762.5,  -26.75, 234.1
 48.30, 2763.7,  -27.13, 234.1
 48.32, 2765.0,  -27.00, 234.1
 48.34, 2766.4,  -27.25, 234.1
 48.36, 2767.6,  -27.38, 234.1
 48.38, 2768.8,  -27.38, 234.1
 48.40, 2770.2,  -27.63, 234.1
 48.42, 2771.6,  -27.63, 234.1
 48.44, 2772.8,  -27.63, 234.1
 48.46, 2774.1,  -27.75, 234.1
 48.48, 2775.6,  -27.88, 234.1
 48.50, 2776.8,  -27.75, 234.1
 48.52, 2778.1,  -27.88, 234.1
 48.54, 2779.6,  -28.00, 234.1
 48.56, 2780.8,  -28.13, 234.1
 48.58, 2782.2,  -27.88, 234.1
 48.60, 2783.6,  -28.13, 234.1
 48.62, 2784.9,  -28.00, 234.1
 48.64, 2786.4,  -27.88, 234.1
 48.66, 2787.6,  -28.13, 234.1
 48.68, 2789.0,  -27.88, 234.1
 48.70, 2790.4,  -28.00, 234.1
 48.72, 2791.6,  -27.88, 234.1
 48.74, 2793.0,  -27.75, 234.1
 48.76, 2794.4,  -27.75, 234.1
 48.78, 2795.6,  -27.50, 234.1
 48.80, 2796.8,  -27.50, 234.1
 48.82, 2798.2,  -27.50, 234.1
 48.84, 2799.5,  -27.38, 234.1
 48.86, 2800.8,  -27.25, 234.1
 48.88, 2802.0,  -27.25, 234.1
 48.90, 2803.2,  -27.00, 234.1
 48.92, 2804.3,  -27.13, 234.1
 48.94, 2805.5,  -26.88, 234.1
 48.96, 2806.8,  -27.00, 234.1
 48.98, 2807.9,  -26.63, 234.1
 49.00, 2809.1,  -26.63, 234.1
 49.02, 2810.3,  -26.63, 234.1
 49.04, 2811.5,  -26.50, 234.1
 49.06, 2812.7,  -26.50, 234.1
 49.08, 2813.7,  -26.38, 234.1
 49.10, 2814.9,  -26.25, 234.1
 49.12, 2815.9,  -26.25, 234.1
 49.14, 2817.1,  -26.25, 234.1
 49.16, 2818.3,  -26.25, 234.1
 49.18, 2819.5,  -26.25, 234.1
 49.20, 2820.5,  -26.13, 234.1
 49.22, 2821.7,  -26.38, 234.1
 49.24, 2822.7,  -26.13, 234.1
 49.26, 2823.9,  -26.38, 234.1
 49.28, 2825.0,  -26.25, 234.1
 49.30, 2826.1,  -26.50, 234.1
 49.32, 2827.2,  -26.38, 234.1
 49.34, 2828.3,  -26.50, 234.1
 49.36, 2829.5,  -26.63, 234.1
 49.38, 2830.6,  -26.63, 234.1
 49.40, 2831.7,  -26.75, 234.1
 49.42, 2832.9,  -26.88, 234.1
 49.44, 2834.1,  -26.88, 234.1
 49.46, 2835.3,  -27.13, 234.1
 49.48, 2836.5,  -27.13, 234.1
 49.50, 2837.7,  -27.38, 234.1
 49.52, 2838.9,  -27.38, 234.1
 49.54, 2840.1,  -27.50, 234.1
 49.56, 2841.3,  -27.75, 234.1
 49.58, 2842.5,  -27.63, 234.1
 49.60, 2843.9,  -27.88, 234.1
 49.62, 2845.1,  -28.00, 234.1
 49.64, 2846.4,  -27.88, 234.1
 49.66, 2847.7,  -28.25, 234.1
 49.68, 2849.0,  -28.38, 234.1
 49.70, 2850.3,  -28.25, 234.1
 49.72, 2851.7,  -28.38, 234.1
 49.74, 2853.0,  -28.63, 234.1
 49.76, 2854.3,  -28.38, 234.1
 49.78, 2855.7,  -28.50, 234.1
 49.80, 2857.0,  -28.75, 234.1
 49.82, 2858.4,  -28.63, 234.1
 49.84, 2859.7,  -28.63, 234.1
 49.86, 2861.1,  -28.75, 234.1
 49.88, 2862.4,  -28.75, 234.1
 49.90, 2863.7,  -28.50, 234.1
 49.92, 2865.1,  -28.75, 234.1
 49.94, 2866.5,  -28.50, 234.1
 49.96, 2867.8,  -28.63, 234.1
 49.98, 2869.0,  -28.50, 234.1
 50.00, 2870.4,  -28.38, 234.1
 50.02, 2871.7,  -28.38, 234.1
 50.04, 2873.0,  -28.13, 229.7
 50.06, 2874.4,  -28.25, 229.7
 50.08, 2875.6,  -28.00, 229.7
 50.10, 2876.8,  -28.13, 229.7
 50.12, 2878.0,  -27.75, 229.7
 50.14, 2879.4,  -28.00, 229.7
 50.16, 2880.6,  -27.63, 229.7
 50.18, 2881.8,  -27.88, 229.7
 50.20, 2883.1,  -27.38, 229.7
 50.22, 2884.3,  -27.63, 229.7
 50.24, 2885.5,  -27.25, 229.7
 50.26, 2886.7,  -27.25, 229.7
 50.28, 2887.9,  -27.25, 229.7
 50.30, 2889.0,  -26.88, 229.7
 50.32, 2890.2,  -27.13, 229.7
 50.34, 2891.2,  -26.88, 229.7
 50.36, 2892.4,  -27.00, 229.7
 50.38, 2893.6,  -27.00, 229.7
 50.40, 2894.6,  -26.75, 229.7
 50.42, 2895.8,  -27.00, 229.7
 50.44, 2896.8,  -26.88, 229.7
 50.46, 2898.0,  -26.88, 229.7
 50.48, 2899.2,  -27.00, 229.7
 50.50, 2900.2,  -26.75, 229.7
 50.52, 2901.4,  -27.00, 229.7
 50.54, 2902.4,  -26.88, 229.7
 50.56, 2903.6,  -27.00, 229.7
 50.58, 2904.8,  -27.00, 229.7
 50.60, 2905.9,  -27.13, 229.7
 50.62, 2907.1,  -27.25, 229.7
 50.64, 2908.0,  -27.38, 229.7
 50.66, 2909.2,  -27.38, 229.7
 50.68, 2910.4,  -27.63, 229.7
 50.70, 2911.6,  -27.50, 229.7
 50.72, 2912.8,  -27.88, 229.7
 50.74, 2914.0,  -27.63, 229.7
 50.76, 2915.2,  -28.13, 229.7
 50.78, 2916.4,  -28.13, 229.7
 50.80, 2917.6,  -28.13, 229.7
 50.82, 2919.0,  -28.38, 229.7
 50.84, 2920.2,  -28.38, 229.7
 50.86, 2921.6,  -28.38, 229.7
 50.88, 2922.8,  -28.75, 229.7
 50.90, 2924.0,  -28.75, 229.7
 50.92, 2925.2,  -28.63, 229.7
 50.94, 2926.6,  -29.00, 229.7
 50.96, 2928.0,  -29.13, 229.7
 50.98, 2929.2,  -29.00, 229.7
 51.00, 2930.7,  -29.13, 229.7
 51.02, 2932.0,  -29.38, 229.7
 51.04, 2933.5,  -29.13, 229.7
 51.06, 2934.8,  -29.25, 229.7
 51.08, 2936.0,  -29.38, 229.7
 51.10, 2937.5,  -29.38, 229.7
 51.12, 2938.7,  -29.13, 229.7
 51.14, 2940.1,  -29.38, 229.7
 51.16, 2941.5,  -29.38, 229.7
 51.18, 2942.7,  -29.00, 229.7
 51.20, 2944.1,  -29.25, 229.7
 51.22, 2945.5,  -29.13, 229.7
 51.24, 2946.8,  -29.00, 229.7
 51.26, 2948.3,  -29.13, 229.7
 51.28, 2949.5,  -28.88, 229.7
 51.30, 2950.9,  -29.00, 229.7
 51.32, 2952.3,  -28.75, 229.7
 51.34, 2953.5,  -28.88, 229.7
 51.36, 2954.7,  -28.50, 229.7
 51.38, 2956.0,  -28.63, 229.7
 51.40, 2957.3,  -28.25, 229.7
 51.42, 2958.5,  -28.38, 229.7
 51.44, 2959.9,  -28.00, 229.7
 51.46, 2961.1,  -28.25, 229.7
 51.48, 2962.3,  -27.88, 229.7
 51.50, 2963.5,  -28.13, 229.7
 51.52, 2964.7,  -27.75, 229.7
 51.54, 2965.9,  -28.00, 229.7
 51.56, 2967.1,  -27.75, 229.7
 51.58, 2968.3,  -27.63, 229.7
 51.60, 2969.4,  -27.75, 229.7
 51.62, 2970.5,  -27.38, 229.7
 51.64, 2971.6,  -27.63, 229.7
 51.66, 2972.7,  -27.38, 229.7
 51.68, 2973.9,  -27.50, 229.7
 51.70, 2975.1,  -27.50, 229.7
 51.72, 2976.1,  -27.38, 229.7
 51.74, 2977.3,  -27.50, 229.7
 51.76, 2978.3,  -27.38, 229.7
 51.78, 2979.5,  -27.75, 229.7
 51.80, 2980.6,  -27.38, 229.7
 51.82, 2981.8,  -27.75, 229.7
 51.84, 2983.0,  -27.63, 229.7
 51.86, 2984.1,  -27.88, 229.7
 51.88, 2985.2,  -27.63, 229.7
 51.90, 2986.4,  -28.00, 229.7
 51.92, 2987.5,  -27.88, 229.7
 51.94, 2988.7,  -28.25, 229.7
 51.96, 2989.8,  -28.13, 229.7
 51.98, 2991.0,  -28.38, 229.7
 52.00, 2992.2,  -28.50, 229.7
 52.02, 2993.5,  -28.38, 229.7
 52.04, 2994.8,  -28.75, 229.7
 52.06, 2996.0,  -28.75, 229.7
 52.08, 2997.4,  -28.88, 229.7
 52.10, 2998.6,  -29.00, 229.7
 52.12, 2999.9,  -29.13, 229.7
 52.14, 3001.2,  -29.00, 229.7
 52.16, 3002.5,  -29.38, 229.7
 52.18, 3003.8,  -29.50, 229.7
 52.20, 3005.2,  -29.38, 229.7
 52.22, 3006.5,  -29.50, 229.7
 52.24, 3007.8,  -29.63, 229.7
 52.26, 3009.2,  -29.75, 229.7
 52.28, 3010.6,  -29.63, 229.7
 52.30, 3011.9,  -29.75, 229.7
 52.32, 3013.4,  -29.88, 229.7
 52.34, 3014.7,  -29.75, 229.7
 52.36, 3016.1,  -29.63, 229.7
 52.38, 3017.4,  -30.00, 229.7
 52.40, 3018.9,  -29.75, 229.7
 52.42, 3020.2,  -29.63, 229.7
 52.44, 3021.6,  -29.88, 229.7
 52.46, 3023.0,  -29.63, 229.7
 52.48, 3024.3,  -29.63, 229.7
 52.50, 3025.7,  -29.63, 229.7
 52.52, 3027.0,  -29.50, 229.7
 52.54, 3028.4,  -29.50, 229.7
 52.56, 3029.7,  -29.50, 229.7
 52.58, 3031.0,  -29.13, 229.7
 52.60, 3032.3,  -29.38, 229.7
 52.62, 3033.6,  -29.00, 229.7
 52.64, 3035.0,  -29.13, 229.7
 52.66, 3036.2,  -28.88, 229.7
 52.68, 3037.4,  -28.88, 229.7
 52.70, 3038.7,  -28.63, 229.7
 52.72, 3039.9,  -28.75, 229.7
 52.74, 3041.2,  -28.50, 229.7
 52.76, 3042.4,  -28.50, 229.7
 52.78, 3043.6,  -28.50, 229.7
 52.80, 3044.8,  -28.38, 229.7
 52.82, 3046.0,  -28.38, 229.7
 52.84, 3047.1,  -28.25, 238.5
 52.86, 3048.3,  -28.25, 238.5
 52.88, 3049.4,  -28.13, 238.5
 52.90, 3050.5,  -28.13, 238.5
 52.92, 3051.7,  -28.00, 238.5
 52.94, 3052.8,  -28.00, 238.5
 52.96, 3054.0,  -28.13, 238.5
 52.98, 3055.1,  -27.88, 238.5
 53.00, 3056.3,  -28.13, 238.5
 53.02, 3057.4,  -28.00, 238.5
 53.04, 3058.5,  -28.25, 238.5
 53.06, 3059.7,  -28.13, 238.5
 53.08, 3060.8,  -28.38, 238.5
 53.10, 3061.9,  -28.25, 238.5
 53.12, 3063.1,  -28.38, 238.5
 53.14, 3064.3,  -28.38, 238.5
 53.16, 3065.5,  -28.50, 238.5
 53.18, 3066.7,  -28.50, 238.5
 53.20, 3067.9,  -28.63, 238.5
 53.22, 3069.1,  -28.75, 238.5
 53.24, 3070.3,  -28.75, 238.5
 53.26, 3071.5,  -29.00, 238.5
 53.28, 3072.8,  -29.13, 238.5
 53.30, 3074.0,  -29.13, 238.5
 53.32, 3075.3,  -29.50, 238.5
 53.34, 3076.6,  -29.50, 238.5
 53.36, 3077.9,  -29.63, 238.5
 53.38, 3079.1,  -29.75, 238.5
 53.40, 3080.5,  -29.88, 238.5
 53.42, 3081.9,  -29.88, 238.5
 53.44, 3083.1,  -29.88, 238.5
 53.46, 3084.5,  -30.13, 238.5
 53.48, 3085.9,  -29.88, 238.5
 53.50, 3087.2,  -30.13, 238.5
 53.52, 3088.6,  -30.13, 238.5
 53.54, 3089.9,  -30.25, 238.5
 53.56, 3091.2,  -30.13, 238.5
 53.58, 3092.7,  -30.38, 238.5
 53.60, 3094.0,  -30.50, 238.5
 53.62, 3095.5,  -30.25, 238.5
 53.64, 3096.7,  -30.38, 238.5
 53.66, 3098.2,  -30.38, 238.5
 53.68, 3099.5,  -30.25, 238.5
 53.70, 3100.9,  -30.13, 238.5
 53.72, 3102.3,  -30.38, 238.5
 53.74, 3103.7,  -30.00, 238.5
 53.76, 3105.1,  -30.13, 238.5
 53.78, 3106.3,  -30.00, 238.5
 53.80, 3107.7,  -29.88, 238.5
 53.82, 3109.0,  -30.00, 238.5
 53.84, 3110.3,  -29.75, 238.5
 53.86, 3111.5,  -29.88, 238.5
 53.88, 3112.8,  -29.50, 238.5
 53.90, 3114.1,  -29.75, 238.5
 53.92, 3115.5,  -29.38, 238.5
 53.94, 3116.7,  -29.63, 238.5
 53.96, 3117.9,  -29.25, 238.5
 53.98, 3119.1,  -29.38, 238.5
 54.00, 3120.3,  -29.13, 238.5
 54.02, 3121.5,  -29.00, 238.5
 54.04, 3122.7,  -29.00, 238.5
 54.06, 3123.9,  -28.88, 238.5
 54.08, 3125.1,  -28.88, 238.5
 54.10, 3126.3,  -28.75, 238.5
 54.12, 3127.5,  -28.88, 238.5
 54.14, 3128.6,  -28.63, 238.5
 54.16, 3129.7,  -28.88, 238.5
 54.18, 3130.9,  -28.75, 238.5
 54.20, 3132.0,  -28.75, 238.5
 54.22, 3133.1,  -28.75, 238.5
 54.24, 3134.3,  -28.63, 238.5
 54.26, 3135.5,  -28.88, 238.5
 54.28, 3136.7,  -28.63, 238.5
 54.30, 3137.9,  -28.88, 238.5
 54.32, 3138.9,  -28.63, 238.5
 54.34, 3140.0,  -29.00, 238.5
 54.36, 3141.1,  -28.88, 238.5
 54.38, 3142.3,  -29.00, 238.5
 54.40, 3143.5,  -29.00, 238.5
 54.42, 3144.7,  -29.13, 238.5
 54.44, 3145.9,  -29.25, 238.5
 54.46, 3147.1,  -29.38, 238.5
 54.48, 3148.3,  -29.63, 238.5
 54.50, 3149.5,  -29.50, 238.5
 54.52, 3150.7,  -29.75, 238.5
 54.54, 3151.9,  -29.63, 238.5
 54.56, 3153.3,  -29.88, 238.5
 54.58, 3154.5,  -30.00, 238.5
 54.60, 3155.7,  -30.00, 238.5
 54.62, 3157.1,  -30.25, 238.5
 54.64, 3158.3,  -30.38, 238.5
 54.66, 3159.5,  -30.38, 238.5
 54.68, 3160.9,  -30.38, 238.5
 54.70, 3162.3,  -30.63, 238.5
 54.72, 3163.5,  -30.63, 238.5
 54.74, 3164.9,  -30.50, 238.5
 54.76, 3166.3,  -30.88, 238.5
 54.78, 3167.5,  -30.88, 238.5
 54.80, 3169.0,  -30.88, 238.5
 54.82, 3170.3,  -31.00, 238.5
 54.84, 3171.7,  -31.13, 238.5
 54.86, 3173.1,  -30.88, 238.5
 54.88, 3174.3,  -31.00, 238.5
 54.90, 3175.7,  -31.00, 238.5
 54.92, 3177.1,  -30.75, 238.5
 54.94, 3178.4,  -30.88, 238.5
 54.96, 3179.8,  -30.88, 238.5
 54.98, 3181.1,  -30.75, 238.5
 55.00, 3182.5,  -30.88, 238.5
 55.02, 3183.9,  -30.75, 238.5
 55.04, 3185.1,  -30.63, 238.5
 55.06, 3186.5,  -30.75, 238.5
 55.08, 3187.8,  -30.50, 238.5
 55.10, 3189.1,  -30.63, 238.5
 55.12, 3190.3,  -30.38, 238.5
 55.14, 3191.7,  -30.38, 238.5
 55.16, 3192.9,  -30.13, 238.5
 55.18, 3194.0,  -30.25, 238.5
 55.20, 3195.4,  -30.00, 238.5
 55.22, 3196.6,  -30.00, 238.5
 55.24, 3197.8,  -29.75, 238.5
 55.26, 3199.0,  -29.88, 238.5
 55.28, 3200.2,  -29.63, 238.5
 55.30, 3201.4,  -29.75, 238.5
 55.32, 3202.6,  -29.63, 238.5
 55.34, 3203.8,  -29.50, 238.5
 55.36, 3205.0,  -29.63, 238.5
 55.38, 3206.1,  -29.38, 238.5
 55.40, 3207.2,  -29.50, 238.5
 55.42, 3208.4,  -29.38, 238.5
 55.44, 3209.5,  -29.50, 238.5
 55.46, 3210.6,  -29.38, 238.5
 55.48, 3211.8,  -29.38, 238.5
 55.50, 3213.0,  -29.50, 238.5
 55.52, 3214.0,  -29.38, 238.5
 55.54, 3215.2,  -29.50, 238.5
 55.56, 3216.4,  -29.50, 238.5
 55.58, 3217.6,  -29.63, 238.5
 55.60, 3218.7,  -29.50, 238.5
 55.62, 3219.7,  -29.75, 238.5
 55.64, 3220.9,  -29.50, 238.5
 55.66, 3222.1,  -29.88, 238.5
 55.68, 3223.3,  -29.63, 238.5
 55.70, 3224.3,  -30.13, 238.5
 55.72, 3225.5,  -29.88, 238.5
 55.74, 3226.7,  -30.25, 238.5
 55.76, 3227.9,  -30.25, 238.5
 55.78, 3229.1,  -30.25, 238.5
 55.80, 3230.5,  -30.63, 238.5
 55.82, 3231.7,  -30.38, 238.5
 55.84, 3233.0,  -30.63, 238.5
 55.86, 3234.3,  -30.88, 238.5
 55.88, 3235.5,  -30.75, 238.5
 55.90, 3236.8,  -31.00, 238.5
 55.92, 3238.1,  -31.13, 238.5
 55.94, 3239.4,  -31.00, 238.5
 55.96,    0.0,  -31.13, 238.5
 55.98,    1.2,  -31.50, 238.5
 56.00,    2.7,  -31.38, 238.5
 56.02,    4.0,  -31.38, 238.5
 56.04,    5.2,  -31.63, 238.5
 56.06,    6.7,  -31.75, 238.5
 56.08,    8.0,  -31.50, 238.5
 56.10,    9.4,  -31.75, 238.5
 56.12,   10.8,  -31.75, 238.5
 56.14,   12.2,  -31.50, 238.5
 56.16,   13.6,  -31.75, 238.5
 56.18,   14.8,  -31.63, 238.5
 56.20,   16.3,  -31.50, 238.5
 56.22,   17.6,  -31.50, 238.5
 56.24,   18.8,  -31.63, 238.5
 56.26,   20.3,  -31.25, 238.5
 56.28,   21.6,  -31.63, 238.5
 56.30,   22.8,  -31.38, 238.5
 56.32,   24.3,  -31.38, 238.5
 56.34,   25.6,  -31.50, 238.5
 56.36,   26.8,  -31.13, 238.5
 56.38,   28.2,  -31.25, 238.5
 56.40,   29.5,  -30.88, 238.5
 56.42,   30.8,  -31.00, 238.5
 56.44,   32.0,  -30.50, 238.5
 56.46,   33.2,  -30.75, 238.5
 56.48,   34.4,  -30.38, 238.5
 56.50,   35.6,  -30.50, 238.5
 56.52,   37.0,  -30.38, 238.5
 56.54,   38.1,  -30.50, 238.5
 56.56,   39.3,  -30.38, 238.5
 56.58,   40.4,  -30.38, 238.5
 56.60,   41.6,  -30.38, 238.5
 56.62,   42.8,  -30.25, 238.5
 56.64,   44.0,  -30.38, 238.5
 56.66,   45.2,  -30.13, 238.5
 56.68,   46.4,  -30.13, 238.5
 56.70,   47.6,  -29.88, 238.5
 56.72,   48.8,  -30.00, 238.5
 56.74,   50.0,  -30.00, 238.5
 56.76,   51.1,  -30.00, 238.5
 56.78,   52.3,  -30.13, 238.5
 56.80,   53.3,  -30.13, 238.5
 56.82,   54.4,  -30.25, 238.5
 56.84,   55.6,  -30.25, 238.5
 56.86,   56.8,  -30.25, 238.5
 56.88,   58.0,  -30.38, 238.5
 56.90,   59.2,  -30.38, 238.5
 56.92,   60.4,  -30.63, 238.5
 56.94,   61.6,  -30.50, 238.5
 56.96,   62.8,  -30.75, 238.5
 56.98,   64.0,  -30.50, 238.5
 57.00,   65.2,  -30.88, 238.5
 57.02,   66.4,  -30.75, 238.5
 57.04,   67.6,  -31.00, 238.5
 57.06,   68.8,  -31.25, 238.5
 57.08,   70.0,  -31.00, 238.5
 57.10,   71.3,  -31.38, 238.5
 57.12,   72.6,  -31.50, 238.5
 57.14,   74.0,  -31.38, 238.5
 57.16,   75.2,  -31.63, 238.5
 57.18,   76.4,  -31.75, 238.5
 57.20,   77.9,  -31.75, 238.5
 57.22,   79.2,  -31.75, 238.5
 57.24,   80.5,  -32.13, 238.5
 57.26,   82.0,  -32.00, 238.5
 57.28,   83.2,  -32.00, 238.5
 57.30,   84.6,  -32.13, 238.5
 57.32,   86.0,  -32.25, 238.5
 57.34,   87.2,  -32.25, 238.5
 57.36,   88.7,  -32.00, 238.5
 57.38,   90.0,  -32.38, 238.5
 57.40,   91.4,  -32.38, 238.5
 57.42,   92.8,  -32.13, 238.5
 57.44,   94.2,  -32.13, 238.5
 57.46,   95.6,  -32.38, 238.5
 57.48,   96.9,  -32.13, 238.5
 57.50,   98.4,  -32.13, 238.5
 57.52,   99.6,  -32.25, 238.5
 57.54,  101.2,  -31.88, 238.5
 57.56,  102.4,  -32.13, 238.5
 57.58,  103.7,  -32.00, 238.5
 57.60,  105.2,  -31.88, 238.5
 57.62,  106.4,  -31.88, 238.5
 57.64,  107.7,  -31.63, 225.3
 57.66,  109.0,  -31.88, 225.3
 57.68,  110.3,  -31.50, 225.3
 57.70,  111.6,  -31.50, 225.3
 57.72,  112.9,  -31.38, 225.3
 57.74,  114.2,  -31.38, 225.3
 57.76,  115.5,  -31.13, 225.3
 57.78,  116.7,  -31.25, 225.3
 57.80,  118.0,  -31.13, 225.3
 57.82,  119.2,  -31.13, 225.3
 57.84,  120.4,  -31.00, 225.3
 57.86,  121.6,  -31.00, 225.3
 57.88,  122.8,  -30.88, 225.3
 57.90,  124.0,  -30.88, 225.3
 57.92,  125.2,  -30.75, 225.3
 57.94,  126.3,  -30.88, 225.3
 57.96,  127.6,  -30.50, 225.3
 57.98,  128.7,  -30.88, 225.3
 58.00,  129.9,  -30.50, 225.3
 58.02,  131.1,  -30.88, 225.3
 58.04,  132.3,  -30.63, 225.3
 58.06,  133.4,  -31.00, 225.3
 58.08,  134.6,  -30.75, 225.3
 58.10,  135.8,  -31.00, 225.3
 58.12,  137.0,  -30.88, 225.3
 58.14,  138.1,  -31.00, 225.3
 58.16,  139.3,  -30.88, 225.3
 58.18,  140.5,  -31.13, 225.3
 58.20,  141.7,  -31.13, 225.3
 58.22,  142.9,  -31.13, 225.3
 58.24,  144.2,  -31.50, 225.3
 58.26,  145.4,  -31.25, 225.3
 58.28,  146.6,  -31.50, 225.3
 58.30,  147.9,  -31.63, 225.3
 58.32,  149.2,  -31.63, 225.3
 58.34,  150.4,  -31.88, 225.3
 58.36,  151.7,  -31.75, 225.3
 58.38,  153.0,  -31.88, 225.3
 58.40,  154.3,  -32.13, 225.3
 58.42,  155.6,  -32.13, 225.3
 58.44,  156.9,  -32.13, 225.3
 58.46,  158.2,  -32.25, 225.3
 58.48,  159.6,  -32.50, 225.3
 58.50,  160.9,  -32.50, 225.3
 58.52,  162.3,  -32.50, 225.3
 58.54,  163.6,  -32.63, 225.3
 58.56,  165.0,  -32.88, 225.3
 58.58,  166.4,  -32.63, 225.3
 58.60,  167.8,  -32.63, 225.3
 58.62,  169.2,  -32.88, 225.3
 58.64,  170.6,  -32.75, 225.3
 58.66,  172.0,  -32.75, 225.3
 58.68,  173.4,  -32.75, 225.3
 58.70,  174.8,  -32.88, 225.3
 58.72,  176.1,  -32.63, 225.3
 58.74,  177.5,  -32.75, 225.3
 58.76,  178.8,  -32.88, 225.3
 58.78,  180.2,  -32.63, 225.3
 58.80,  181.6,  -32.63, 225.3
 58.82,  183.0,  -32.75, 225.3
 58.84,  184.4,  -32.50, 225.3
 58.86,  185.8,  -32.50, 225.3
 58.88,  187.0,  -32.50, 225.3
 58.90,  188.4,  -32.25, 225.3
 58.92,  189.7,  -32.25, 225.3
 58.94,  191.0,  -32.13, 225.3
 58.96,  192.2,  -32.13, 225.3
 58.98,  193.5,  -32.00, 225.3
 59.00,  194.8,  -32.00, 225.3
 59.02,  196.1,  -31.88, 225.3
 59.04,  197.4,  -31.88, 225.3
 59.06,  198.6,  -31.75, 225.3
 59.08,  199.8,  -31.88, 225.3
 59.10,  200.9,  -31.50, 225.3
 59.12,  202.1,  -31.75, 225.3
 59.14,  203.4,  -31.38, 225.3
 59.16,  204.6,  -31.63, 225.3
 59.18,  205.8,  -31.25, 225.3
 59.20,  206.9,  -31.50, 225.3
 59.22,  208.1,  -31.25, 225.3
 59.24,  209.3,  -31.38, 225.3
 59.26,  210.5,  -31.38, 225.3
 59.28,  211.7,  -31.38, 225.3
 59.30,  212.9,  -31.38, 225.3
 59.32,  214.1,  -31.50, 225.3
 59.34,  215.3,  -31.50, 225.3
 59.36,  216.4,  -31.63, 225.3
 59.38,  217.7,  -31.50, 225.3
 59.40,  218.8,  -31.75, 225.3
 59.42,  220.1,  -31.50, 225.3
 59.44,  221.3,  -31.88, 225.3
 59.46,  222.5,  -31.63, 225.3
 59.48,  223.7,  -31.88, 225.3
 59.50,  224.9,  -31.88, 225.3
 59.52,  226.1,  -31.88, 225.3
 59.54,  227.3,  -32.13, 225.3
 59.56,  228.5,  -32.00, 225.3
 59.58,  229.7,  -32.25, 225.3
 59.60,  230.9,  -32.38, 225.3
 59.62,  232.3,  -32.50, 225.3
 59.64,  233.7,  -32.50, 225.3
 59.66,  234.9,  -32.88, 225.3
 59.68,  236.2,  -32.75, 225.3
 59.70,  237.5,  -32.75, 225.3
 59.72,  238.9,  -33.13, 225.3
 59.74,  240.1,  -33.00, 225.3
 59.76,  241.5,  -33.00, 225.3
 59.78,  242.8,  -33.13, 225.3
 59.80,  244.1,  -33.25, 225.3
 59.82,  245.6,  -33.13, 225.3
 59.84,  246.8,  -33.13, 225.3
 59.86,  248.2,  -33.50, 225.3
 59.88,  249.6,  -33.38, 225.3
 59.90,  250.9,  -33.50, 225.3
 59.92,  252.4,  -33.50, 225.3
 59.94,  253.7,  -33.63, 225.3
 59.96,  255.2,  -33.38, 225.3
 59.98,  256.4,  -33.50, 225.3
 60.00,  258.0,  -33.50, 225.3
 60.02,  259.2,  -33.25, 225.3
 60.04,  260.6,  -33.38, 216.4
 60.06,  262.0,  -33.25, 216.4
 60.08,  263.2,  -33.13, 216.4
 60.10,  264.6,  -33.13, 216.4
 60.12,  266.0,  -33.00, 216.4
 60.14,  267.2,  -33.00, 216.4
 60.16,  268.5,  -33.00, 216.4
 60.18,  269.9,  -33.00, 216.4
 60.20,  271.2,  -33.00, 216.4
 60.22,  272.4,  -32.75, 216.4
 60.24,  273.8,  -32.88, 216.4
 60.26,  275.0,  -32.63, 216.4
 60.28,  276.4,  -32.63, 216.4
 60.30,  277.6,  -32.25, 216.4
 60.32,  278.8,  -32.50, 216.4
 60.34,  280.0,  -32.25, 216.4
 60.36,  281.2,  -32.38, 216.4
 60.38,  282.4,  -32.13, 216.4
 60.40,  283.6,  -32.25, 216.4
 60.42,  284.8,  -32.13, 216.4
 60.44,  286.0,  -32.13, 216.4
 60.46,  287.2,  -32.13, 216.4
 60.48,  288.4,  -32.00, 216.4
 60.50,  289.6,  -32.13, 216.4
 60.52,  290.7,  -32.00, 216.4
 60.54,  291.9,  -32.25, 216.4
 60.56,  293.0,  -32.00, 216.4
 60.58,  294.2,  -32.13, 216.4
 60.60,  295.4,  -32.00, 216.4
 60.62,  296.4,  -32.13, 216.4
 60.64,  297.6,  -32.13, 216.4
 60.66,  298.8,  -32.25, 216.4
 60.68,  300.0,  -32.25, 216.4
 60.70,  301.2,  -32.38, 216.4
 60.72,  302.4,  -32.38, 216.4
 60.74,  303.6,  -32.50, 216.4
 60.76,  304.8,  -32.63, 216.4
 60.78,  306.0,  -32.63, 216.4
 60.80,  307.2,  -32.88, 216.4
 60.82,  308.6,  -32.88, 216.4
 60.84,  310.0,  -32.88, 216.4
 60.86,  311.2,  -33.13, 216.4
 60.88,  312.5,  -33.00, 216.4
 60.90,  313.8,  -33.25, 216.4
 60.92,  315.0,  -33.50, 216.4
 60.94,  316.3,  -33.25, 216.4
 60.96,  317.5,  -33.50, 216.4
 60.98,  318.8,  -33.75, 216.4
 61.00,  320.1,  -33.63, 216.4
 61.02,  321.5,  -33.75, 216.4
 61.04,  322.8,  -33.88, 216.4
 61.06,  324.1,  -34.00, 216.4
 61.08,  325.4,  -33.88, 216.4
 61.10,  326.8,  -34.13, 216.4
 61.12,  328.2,  -34.00, 216.4
 61.14,  329.6,  -34.00, 216.4
 61.16,  330.8,  -34.13, 216.4
 61.18,  332.2,  -34.13, 216.4
 61.20,  333.6,  -34.13, 216.4
 61.22,  335.0,  -34.00, 216.4
 61.24,  336.4,  -34.00, 216.4
 61.26,  337.8,  -34.13, 216.4
 61.28,  339.2,  -34.00, 216.4
 61.30,  340.6,  -34.25, 216.4
 61.32,  342.0,  -33.88, 216.4
 61.34,  343.2,  -34.00, 216.4
 61.36,  344.6,  -34.00, 216.4
 61.38,  346.0,  -33.75, 216.4
 61.40,  347.2,  -33.88, 216.4
 61.42,  348.6,  -33.63, 216.4
 61.44,  349.9,  -33.75, 216.4
 61.46,  351.2,  -33.50, 216.4
 61.48,  352.4,  -33.63, 216.4
 61.50,  353.6,  -33.50, 216.4
 61.52,  355.0,  -33.38, 216.4
 61.54,  356.3,  -33.38, 216.4
 61.56,  357.5,  -33.25, 216.4
 61.58,  358.8,  -33.25, 216.4
 61.60,  360.0,  -33.13, 216.4
 61.62,  361.2,  -33.00, 216.4
 61.64,  362.4,  -33.00, 216.4
 61.66,  363.6,  -32.88, 216.4
 61.68,  364.8,  -32.88, 216.4
 61.70,  366.0,  -32.75, 216.4
 61.72,  367.2,  -32.88, 216.4
 61.74,  368.4,  -32.63, 216.4
 61.76,  369.6,  -33.00, 216.4
 61.78,  370.7,  -32.50, 216.4
 61.80,  371.9,  -33.00, 216.4
 61.82,  373.1,  -32.63, 216.4
 61.84,  374.2,  -33.00, 216.4
 61.86,  375.4,  -32.75, 216.4
 61.88,  376.6,  -33.00, 216.4
 61.90,  377.8,  -32.88, 216.4
 61.92,  379.0,  -33.00, 216.4
 61.94,  380.2,  -32.88, 216.4
 61.96,  381.3,  -33.13, 216.4
 61.98,  382.6,  -33.00, 216.4
 62.00,  383.7,  -33.38, 216.4
 62.02,  384.9,  -33.13, 216.4
 62.04,  386.1,  -33.13, 216.4
===============================
Changed Angle: -2.25
Elapsed Time : 6.80
Disk R.P.M   : 0
===============================
2018-04-13.  12:26:37.

