Device: Gyroscope
===============================
  Time  Rotation   Tilt   D-RPM
------- -------- ------- ------
  0.00,    0.7,  -17.63, 247.3
  0.02,    1.4,  -17.00, 247.3
  0.04,    2.1,  -16.75, 247.3
  0.06,    2.7,  -16.13, 247.3
  0.08,    3.3,  -15.75, 247.3
  0.10,    3.7,  -15.38, 247.3
  0.12,    4.2,  -14.63, 247.3
  0.14,    4.6,  -14.25, 247.3
  0.16,    4.9,  -14.00, 247.3
  0.18,    5.3,  -13.88, 247.3
  0.20,    5.6,  -13.38, 247.3
  0.22,    5.7,  -13.00, 247.3
  0.24,    6.0,  -12.63, 247.3
  0.26,    6.2,  -12.38, 247.3
  0.28,    6.5,  -12.13, 247.3
  0.30,    6.5,  -12.25, 247.3
  0.32,    6.7,  -12.13, 247.3
  0.34,    6.8,  -12.13, 247.3
  0.36,    6.9,  -12.00, 247.3
  0.38,    6.9,  -11.88, 247.3
  0.40,    7.0,  -12.00, 247.3
  0.42,    7.1,  -12.13, 247.3
  0.44,    7.3,  -12.25, 247.3
  0.46,    7.3,  -12.25, 247.3
  0.48,    7.5,  -12.75, 247.3
  0.50,    7.7,  -12.75, 247.3
  0.52,    7.9,  -13.38, 247.3
  0.54,    8.1,  -13.38, 247.3
  0.56,    8.4,  -14.00, 247.3
  0.58,    8.6,  -14.25, 247.3
  0.60,    8.9,  -14.50, 247.3
  0.62,    9.3,  -15.00, 247.3
  0.64,    9.7,  -15.63, 247.3
  0.66,   10.1,  -16.00, 247.3
  0.68,   10.6,  -16.63, 247.3
  0.70,   11.3,  -17.00, 247.3
  0.72,   11.8,  -17.50, 247.3
  0.74,   12.5,  -17.75, 247.3
  0.76,   13.2,  -18.50, 247.3
  0.78,   14.0,  -19.00, 247.3
  0.80,   14.8,  -19.38, 247.3
  0.82,   15.6,  -19.75, 247.3
  0.84,   16.5,  -20.38, 247.3
  0.86,   17.5,  -20.38, 247.3
  0.88,   18.5,  -21.00, 247.3
  0.90,   19.4,  -21.13, 247.3
  0.92,   20.5,  -21.63, 247.3
  0.94,   21.6,  -21.88, 247.3
  0.96,   22.7,  -22.13, 247.3
  0.98,   23.8,  -22.25, 247.3
  1.00,   25.0,  -22.13, 247.3
  1.02,   26.2,  -22.50, 247.3
  1.04,   27.3,  -22.13, 247.3
  1.06,   28.5,  -22.25, 247.3
  1.08,   29.7,  -22.13, 247.3
  1.10,   30.9,  -22.00, 247.3
  1.12,   32.1,  -21.63, 247.3
  1.14,   33.1,  -21.50, 247.3
  1.16,   34.2,  -21.25, 247.3
  1.18,   35.3,  -21.13, 247.3
  1.20,   36.3,  -20.75, 247.3
  1.22,   37.2,  -20.38, 247.3
  1.24,   38.2,  -19.88, 247.3
  1.26,   39.1,  -19.75, 247.3
  1.28,   40.0,  -19.00, 247.3
  1.30,   40.8,  -18.50, 247.3
  1.32,   41.6,  -18.13, 247.3
  1.34,   42.3,  -17.50, 247.3
  1.36,   42.9,  -17.25, 247.3
  1.38,   43.5,  -16.63, 247.3
  1.40,   44.0,  -16.38, 247.3
  1.42,   44.5,  -16.00, 247.3
  1.44,   44.9,  -15.50, 247.3
  1.46,   45.3,  -15.13, 247.3
  1.48,   45.7,  -14.88, 247.3
  1.50,   46.0,  -14.50, 247.3
  1.52,   46.4,  -14.00, 247.3
  1.54,   46.7,  -13.50, 247.3
  1.56,   46.9,  -13.25, 247.3
  1.58,   47.1,  -12.88, 247.3
  1.60,   47.3,  -12.88, 247.3
  1.62,   47.4,  -12.75, 247.3
  1.64,   47.5,  -12.75, 247.3
  1.66,   47.6,  -12.50, 247.3
  1.68,   47.7,  -12.50, 247.3
  1.70,   47.8,  -12.50, 247.3
  1.72,   47.9,  -12.88, 247.3
  1.74,   48.1,  -12.75, 247.3
  1.76,   48.1,  -12.75, 247.3
  1.78,   48.3,  -12.88, 247.3
  1.80,   48.5,  -13.13, 247.3
  1.82,   48.7,  -13.25, 247.3
  1.84,   48.9,  -13.63, 247.3
  1.86,   49.1,  -13.88, 247.3
  1.88,   49.3,  -14.13, 247.3
  1.90,   49.7,  -14.88, 247.3
  1.92,   49.9,  -15.13, 247.3
  1.94,   50.3,  -15.63, 247.3
  1.96,   50.7,  -16.00, 247.3
  1.98,   51.2,  -16.50, 247.3
  2.00,   51.7,  -16.88, 247.3
  2.02,   52.3,  -17.38, 247.3
  2.04,   52.9,  -17.75, 247.3
  2.06,   53.5,  -18.25, 247.3
  2.08,   54.3,  -18.75, 247.3
  2.10,   55.0,  -19.25, 247.3
  2.12,   55.8,  -19.50, 247.3
  2.14,   56.6,  -20.13, 247.3
  2.16,   57.5,  -20.50, 247.3
  2.18,   58.4,  -21.00, 247.3
  2.20,   59.3,  -21.50, 247.3
  2.22,   60.3,  -21.75, 247.3
  2.24,   61.5,  -22.13, 247.3
  2.26,   62.5,  -22.25, 247.3
  2.28,   63.6,  -22.50, 247.3
  2.30,   64.8,  -22.50, 247.3
  2.32,   65.9,  -22.50, 247.3
  2.34,   67.1,  -22.63, 247.3
  2.36,   68.3,  -22.50, 247.3
  2.38,   69.4,  -22.50, 247.3
  2.40,   70.5,  -22.75, 238.5
  2.42,   71.6,  -22.50, 238.5
  2.44,   72.7,  -22.38, 238.5
  2.46,   73.9,  -22.25, 238.5
  2.48,   75.0,  -22.00, 238.5
  2.50,   76.1,  -21.75, 238.5
  2.52,   77.1,  -21.38, 238.5
  2.54,   78.1,  -20.88, 238.5
  2.56,   79.1,  -20.50, 238.5
  2.58,   79.9,  -20.00, 238.5
  2.60,   80.9,  -19.75, 238.5
  2.62,   81.7,  -19.00, 238.5
  2.64,   82.4,  -18.88, 238.5
  2.66,   83.1,  -18.38, 238.5
  2.68,   83.7,  -18.00, 238.5
  2.70,   84.3,  -17.63, 238.5
  2.72,   84.9,  -17.25, 238.5
  2.74,   85.5,  -16.75, 238.5
  2.76,   85.9,  -16.25, 238.5
  2.78,   86.4,  -16.00, 238.5
  2.80,   86.8,  -15.38, 238.5
  2.82,   87.1,  -14.88, 238.5
  2.84,   87.5,  -14.50, 238.5
  2.86,   87.7,  -14.25, 238.5
  2.88,   88.0,  -14.00, 238.5
  2.90,   88.2,  -13.75, 238.5
  2.92,   88.3,  -13.50, 238.5
  2.94,   88.5,  -13.50, 238.5
  2.96,   88.7,  -13.38, 238.5
  2.98,   88.8,  -13.38, 238.5
  3.00,   88.9,  -13.38, 238.5
  3.02,   89.1,  -13.25, 238.5
  3.04,   89.1,  -13.00, 238.5
  3.06,   89.3,  -13.25, 238.5
  3.08,   89.5,  -13.38, 238.5
  3.10,   89.6,  -13.38, 238.5
  3.12,   89.7,  -13.50, 238.5
  3.14,   89.9,  -13.75, 238.5
  3.16,   90.1,  -14.13, 238.5
  3.18,   90.3,  -14.38, 238.5
  3.20,   90.5,  -15.00, 238.5
  3.22,   90.8,  -15.13, 238.5
  3.24,   91.1,  -15.63, 238.5
  3.26,   91.5,  -16.13, 238.5
  3.28,   91.9,  -16.50, 238.5
  3.30,   92.3,  -16.75, 238.5
  3.32,   92.9,  -17.25, 238.5
  3.34,   93.5,  -17.63, 238.5
  3.36,   93.9,  -18.13, 238.5
  3.38,   94.7,  -18.50, 238.5
  3.40,   95.3,  -19.13, 238.5
  3.42,   95.9,  -19.50, 238.5
  3.44,   96.7,  -20.00, 238.5
  3.46,   97.5,  -20.75, 238.5
  3.48,   98.4,  -21.00, 238.5
  3.50,   99.3,  -21.50, 238.5
  3.52,  100.3,  -21.88, 238.5
  3.54,  101.3,  -22.13, 238.5
  3.56,  102.3,  -22.38, 238.5
  3.58,  103.5,  -22.50, 238.5
  3.60,  104.5,  -22.75, 238.5
  3.62,  105.6,  -23.00, 238.5
  3.64,  106.7,  -23.00, 238.5
  3.66,  107.9,  -23.38, 238.5
  3.68,  109.1,  -23.13, 238.5
  3.70,  110.1,  -23.38, 238.5
  3.72,  111.3,  -23.25, 238.5
  3.74,  112.4,  -23.13, 238.5
  3.76,  113.6,  -23.00, 238.5
  3.78,  114.7,  -23.00, 238.5
  3.80,  115.9,  -22.75, 238.5
  3.82,  116.9,  -22.50, 238.5
  3.84,  117.9,  -22.13, 238.5
  3.86,  119.1,  -21.88, 238.5
  3.88,  119.9,  -21.38, 238.5
  3.90,  120.9,  -20.88, 238.5
  3.92,  121.7,  -20.63, 238.5
  3.94,  122.7,  -20.25, 238.5
  3.96,  123.3,  -19.75, 238.5
  3.98,  124.1,  -19.25, 238.5
  4.00,  124.8,  -19.00, 238.5
  4.02,  125.5,  -18.38, 238.5
  4.04,  126.1,  -18.00, 238.5
  4.06,  126.7,  -17.50, 238.5
  4.08,  127.1,  -17.00, 238.5
  4.10,  127.6,  -16.63, 238.5
  4.12,  128.1,  -16.38, 238.5
  4.14,  128.4,  -15.88, 238.5
  4.16,  128.7,  -15.38, 238.5
  4.18,  129.1,  -15.13, 238.5
  4.20,  129.3,  -15.00, 238.5
  4.22,  129.5,  -14.75, 238.5
  4.24,  129.7,  -14.38, 238.5
  4.26,  129.9,  -14.13, 238.5
  4.28,  130.1,  -14.00, 238.5
  4.30,  130.3,  -14.00, 238.5
  4.32,  130.5,  -13.88, 238.5
  4.34,  130.7,  -13.88, 238.5
  4.36,  130.7,  -13.63, 238.5
  4.38,  130.8,  -13.75, 238.5
  4.40,  131.1,  -13.75, 238.5
  4.42,  131.1,  -14.00, 238.5
  4.44,  131.3,  -14.00, 238.5
  4.46,  131.5,  -14.50, 238.5
  4.48,  131.5,  -14.38, 238.5
  4.50,  131.9,  -15.00, 238.5
  4.52,  132.0,  -15.00, 238.5
  4.54,  132.3,  -15.50, 238.5
  4.56,  132.7,  -15.88, 238.5
  4.58,  132.9,  -16.13, 238.5
  4.60,  133.3,  -16.63, 238.5
  4.62,  133.8,  -17.00, 238.5
  4.64,  134.3,  -17.63, 238.5
  4.66,  134.7,  -18.00, 238.5
  4.68,  135.3,  -18.50, 238.5
  4.70,  135.9,  -18.88, 238.5
  4.72,  136.4,  -19.38, 238.5
  4.74,  137.1,  -19.63, 238.5
  4.76,  137.9,  -20.25, 238.5
  4.78,  138.7,  -20.75, 238.5
  4.80,  139.5,  -21.13, 238.5
  4.82,  140.3,  -21.50, 238.5
  4.84,  141.3,  -22.13, 238.5
  4.86,  142.3,  -22.25, 238.5
  4.88,  143.3,  -22.63, 238.5
  4.90,  144.3,  -22.88, 238.5
  4.92,  145.3,  -23.00, 238.5
  4.94,  146.3,  -23.50, 238.5
  4.96,  147.5,  -23.38, 238.5
  4.98,  148.7,  -23.75, 238.5
  5.00,  149.7,  -23.63, 238.5
  5.02,  150.9,  -23.88, 238.5
  5.04,  152.1,  -23.88, 238.5
  5.06,  153.1,  -23.75, 238.5
  5.08,  154.3,  -23.50, 238.5
  5.10,  155.5,  -23.63, 238.5
  5.12,  156.7,  -23.38, 238.5
  5.14,  157.7,  -23.25, 238.5
  5.16,  158.7,  -22.88, 238.5
  5.18,  159.7,  -22.63, 238.5
  5.20,  160.7,  -22.25, 238.5
  5.22,  161.7,  -22.00, 238.5
  5.24,  162.7,  -21.63, 238.5
  5.26,  163.5,  -21.00, 238.5
  5.28,  164.3,  -20.75, 238.5
  5.30,  165.1,  -20.38, 238.5
  5.32,  165.9,  -19.75, 238.5
  5.34,  166.7,  -19.50, 238.5
  5.36,  167.3,  -18.88, 238.5
  5.38,  167.9,  -18.63, 238.5
  5.40,  168.5,  -18.13, 238.5
  5.42,  168.9,  -17.63, 238.5
  5.44,  169.5,  -17.38, 238.5
  5.46,  169.9,  -16.75, 238.5
  5.48,  170.2,  -16.50, 238.5
  5.50,  170.5,  -16.25, 238.5
  5.52,  170.9,  -15.88, 238.5
  5.54,  171.1,  -15.50, 238.5
  5.56,  171.4,  -15.13, 238.5
  5.58,  171.7,  -15.00, 238.5
  5.60,  171.9,  -14.75, 238.5
  5.62,  172.1,  -14.75, 238.5
  5.64,  172.3,  -14.50, 238.5
  5.66,  172.3,  -14.38, 238.5
  5.68,  172.5,  -14.13, 238.5
  5.70,  172.7,  -14.38, 238.5
  5.72,  172.7,  -14.50, 238.5
  5.74,  172.9,  -14.38, 238.5
  5.76,  173.1,  -14.50, 238.5
  5.78,  173.2,  -14.88, 238.5
  5.80,  173.4,  -14.75, 238.5
  5.82,  173.5,  -15.25, 238.5
  5.84,  173.9,  -15.25, 238.5
  5.86,  174.1,  -15.88, 238.5
  5.88,  174.3,  -16.00, 238.5
  5.90,  174.7,  -16.38, 238.5
  5.92,  175.0,  -16.88, 238.5
  5.94,  175.3,  -17.13, 238.5
  5.96,  175.7,  -17.50, 238.5
  5.98,  176.1,  -17.88, 238.5
  6.00,  176.7,  -18.38, 238.5
  6.02,  177.1,  -18.75, 238.5
  6.04,  177.7,  -19.25, 238.5
  6.06,  178.4,  -19.75, 238.5
  6.08,  179.1,  -20.38, 238.5
  6.10,  179.9,  -20.88, 238.5
  6.12,  180.7,  -21.13, 238.5
  6.14,  181.5,  -21.50, 238.5
  6.16,  182.3,  -22.13, 238.5
  6.18,  183.2,  -22.50, 238.5
  6.20,  184.1,  -22.75, 238.5
  6.22,  185.1,  -23.25, 238.5
  6.24,  186.1,  -23.25, 238.5
  6.26,  187.1,  -23.75, 238.5
  6.28,  188.1,  -23.75, 238.5
  6.30,  189.3,  -24.13, 238.5
  6.32,  190.4,  -24.25, 238.5
  6.34,  191.5,  -24.25, 238.5
  6.36,  192.7,  -24.38, 238.5
  6.38,  193.8,  -24.50, 238.5
  6.40,  194.9,  -24.13, 238.5
  6.42,  196.1,  -24.38, 238.5
  6.44,  197.3,  -24.25, 238.5
  6.46,  198.3,  -24.00, 238.5
  6.48,  199.3,  -23.75, 238.5
  6.50,  200.5,  -23.25, 238.5
  6.52,  201.5,  -23.13, 238.5
  6.54,  202.5,  -22.75, 238.5
  6.56,  203.5,  -22.50, 238.5
  6.58,  204.5,  -22.25, 238.5
  6.60,  205.3,  -22.00, 238.5
  6.62,  206.2,  -21.38, 238.5
  6.64,  207.0,  -21.00, 238.5
  6.66,  207.7,  -20.63, 238.5
  6.68,  208.5,  -20.00, 238.5
  6.70,  209.2,  -19.88, 238.5
  6.72,  209.7,  -19.13, 238.5
  6.74,  210.4,  -19.00, 238.5
  6.76,  210.9,  -18.25, 238.5
  6.78,  211.3,  -18.13, 238.5
  6.80,  211.9,  -17.75, 238.5
  6.82,  212.3,  -17.13, 238.5
  6.84,  212.7,  -16.88, 238.5
  6.86,  212.9,  -16.75, 238.5
  6.88,  213.3,  -16.38, 238.5
  6.90,  213.7,  -16.00, 238.5
  6.92,  213.9,  -15.50, 238.5
  6.94,  214.1,  -15.50, 238.5
  6.96,  214.3,  -15.38, 238.5
  6.98,  214.5,  -15.38, 238.5
  7.00,  214.5,  -15.13, 238.5
  7.02,  214.8,  -14.88, 238.5
  7.04,  214.9,  -15.13, 238.5
  7.06,  215.1,  -15.13, 238.5
  7.08,  215.3,  -15.13, 238.5
  7.10,  215.3,  -15.13, 238.5
  7.12,  215.6,  -15.50, 238.5
  7.14,  215.7,  -15.38, 238.5
  7.16,  216.0,  -15.75, 238.5
  7.18,  216.1,  -15.88, 238.5
  7.20,  216.5,  -16.25, 238.5
  7.22,  216.7,  -16.38, 238.5
  7.24,  216.9,  -17.00, 238.5
  7.26,  217.3,  -17.13, 238.5
  7.28,  217.6,  -17.38, 238.5
  7.30,  218.0,  -18.00, 238.5
  7.32,  218.5,  -18.50, 238.5
  7.34,  218.9,  -19.00, 238.5
  7.36,  219.3,  -19.38, 238.5
  7.38,  220.0,  -19.88, 238.5
  7.40,  220.5,  -20.25, 238.5
  7.42,  221.3,  -20.75, 238.5
  7.44,  221.9,  -20.88, 238.5
  7.46,  222.7,  -21.38, 238.5
  7.48,  223.3,  -22.00, 238.5
  7.50,  224.2,  -22.50, 238.5
  7.52,  225.1,  -22.63, 238.5
  7.54,  226.0,  -23.25, 238.5
  7.56,  226.9,  -23.50, 238.5
  7.58,  228.0,  -23.88, 238.5
  7.60,  228.9,  -24.25, 229.7
  7.62,  230.0,  -24.25, 229.7
  7.64,  231.1,  -24.75, 229.7
  7.66,  232.1,  -24.63, 229.7
  7.68,  233.3,  -24.75, 229.7
  7.70,  234.5,  -24.88, 229.7
  7.72,  235.6,  -24.75, 229.7
  7.74,  236.8,  -24.88, 229.7
  7.76,  237.7,  -25.00, 229.7
  7.78,  238.9,  -24.63, 229.7
  7.80,  240.1,  -24.63, 229.7
  7.82,  241.2,  -24.63, 229.7
  7.84,  242.3,  -24.38, 229.7
  7.86,  243.3,  -24.25, 229.7
  7.88,  244.4,  -23.88, 229.7
  7.90,  245.3,  -23.63, 229.7
  7.92,  246.4,  -23.00, 229.7
  7.94,  247.3,  -22.63, 229.7
  7.96,  248.1,  -22.00, 229.7
  7.98,  248.9,  -21.88, 229.7
  8.00,  249.7,  -21.38, 229.7
  8.02,  250.5,  -20.88, 229.7
  8.04,  251.3,  -20.75, 229.7
  8.06,  252.0,  -20.13, 229.7
  8.08,  252.5,  -20.00, 229.7
  8.10,  253.2,  -19.25, 229.7
  8.12,  253.7,  -19.13, 229.7
  8.14,  254.1,  -18.50, 229.7
  8.16,  254.7,  -18.00, 229.7
  8.18,  255.2,  -17.88, 229.7
  8.20,  255.5,  -17.50, 229.7
  8.22,  255.7,  -16.88, 229.7
  8.24,  256.1,  -16.50, 229.7
  8.26,  256.5,  -16.50, 229.7
  8.28,  256.6,  -16.38, 229.7
  8.30,  256.9,  -16.13, 229.7
  8.32,  257.0,  -15.88, 229.7
  8.34,  257.3,  -15.88, 229.7
  8.36,  257.3,  -15.88, 229.7
  8.38,  257.7,  -15.88, 229.7
  8.40,  257.7,  -15.50, 229.7
  8.42,  258.0,  -15.63, 229.7
  8.44,  258.1,  -15.88, 229.7
  8.46,  258.4,  -15.88, 229.7
  8.48,  258.5,  -15.75, 229.7
  8.50,  258.6,  -16.25, 229.7
  8.52,  258.9,  -16.13, 229.7
  8.54,  259.0,  -16.75, 229.7
  8.56,  259.3,  -16.75, 229.7
  8.58,  259.5,  -17.38, 229.7
  8.60,  259.7,  -17.75, 229.7
  8.62,  260.1,  -17.88, 229.7
  8.64,  260.5,  -18.50, 229.7
  8.66,  260.9,  -18.88, 229.7
  8.68,  261.3,  -19.38, 229.7
  8.70,  261.9,  -19.63, 229.7
  8.72,  262.5,  -20.00, 229.7
  8.74,  262.9,  -20.50, 229.7
  8.76,  263.7,  -21.00, 229.7
  8.78,  264.1,  -21.38, 229.7
  8.80,  264.9,  -21.88, 229.7
  8.82,  265.7,  -22.00, 229.7
  8.84,  266.5,  -22.75, 229.7
  8.86,  267.3,  -23.38, 229.7
  8.88,  268.1,  -23.38, 229.7
  8.90,  269.0,  -24.00, 229.7
  8.92,  270.1,  -24.25, 229.7
  8.94,  271.0,  -24.50, 229.7
  8.96,  272.1,  -24.88, 229.7
  8.98,  273.2,  -24.88, 229.7
  9.00,  274.1,  -25.25, 229.7
  9.02,  275.3,  -25.38, 229.7
  9.04,  276.5,  -25.25, 229.7
  9.06,  277.6,  -25.63, 229.7
  9.08,  278.7,  -25.25, 229.7
  9.10,  279.7,  -25.50, 229.7
  9.12,  280.9,  -25.50, 229.7
  9.14,  282.1,  -25.13, 229.7
  9.16,  283.3,  -25.13, 229.7
  9.18,  284.3,  -25.13, 229.7
  9.20,  285.3,  -25.00, 229.7
  9.22,  286.5,  -24.75, 229.7
  9.24,  287.6,  -24.50, 229.7
  9.26,  288.5,  -24.13, 229.7
  9.28,  289.6,  -23.75, 229.7
  9.30,  290.5,  -23.00, 229.7
  9.32,  291.3,  -22.63, 229.7
  9.34,  292.1,  -22.50, 229.7
  9.36,  292.9,  -22.00, 229.7
  9.38,  293.7,  -21.38, 229.7
  9.40,  294.5,  -21.25, 229.7
  9.42,  295.2,  -20.63, 229.7
  9.44,  295.7,  -20.38, 229.7
  9.46,  296.4,  -19.88, 229.7
  9.48,  296.9,  -19.63, 229.7
  9.50,  297.3,  -19.25, 229.7
  9.52,  297.8,  -18.50, 229.7
  9.54,  298.2,  -18.50, 229.7
  9.56,  298.6,  -18.13, 229.7
  9.58,  298.9,  -17.50, 229.7
  9.60,  299.3,  -17.25, 229.7
  9.62,  299.6,  -17.13, 229.7
  9.64,  299.7,  -17.00, 229.7
  9.66,  300.1,  -16.50, 229.7
  9.68,  300.2,  -16.38, 229.7
  9.70,  300.5,  -16.50, 229.7
  9.72,  300.6,  -16.50, 229.7
  9.74,  300.9,  -16.38, 229.7
  9.76,  300.9,  -16.25, 229.7
  9.78,  301.3,  -16.25, 229.7
  9.80,  301.3,  -16.50, 229.7
  9.82,  301.6,  -16.38, 229.7
  9.84,  301.7,  -16.63, 229.7
  9.86,  301.9,  -16.88, 229.7
  9.88,  302.1,  -16.88, 229.7
  9.90,  302.3,  -17.50, 229.7
  9.92,  302.5,  -17.63, 229.7
  9.94,  302.9,  -17.88, 229.7
  9.96,  303.3,  -18.38, 229.7
  9.98,  303.5,  -18.63, 229.7
 10.00,  303.9,  -18.75, 234.1
 10.02,  304.3,  -19.50, 234.1
 10.04,  304.9,  -19.88, 234.1
 10.06,  305.3,  -20.38, 234.1
 10.08,  305.7,  -20.88, 234.1
 10.10,  306.5,  -21.13, 234.1
 10.12,  306.9,  -21.63, 234.1
 10.14,  307.7,  -21.88, 234.1
 10.16,  308.3,  -22.25, 234.1
 10.18,  308.9,  -22.88, 234.1
 10.20,  309.8,  -23.38, 234.1
 10.22,  310.7,  -23.50, 234.1
 10.24,  311.7,  -24.13, 234.1
 10.26,  312.5,  -24.50, 234.1
 10.28,  313.5,  -24.63, 234.1
 10.30,  314.5,  -25.13, 234.1
 10.32,  315.6,  -25.25, 234.1
 10.34,  316.5,  -25.63, 234.1
 10.36,  317.7,  -25.75, 234.1
 10.38,  318.8,  -25.75, 234.1
 10.40,  319.8,  -26.00, 234.1
 10.42,  320.9,  -25.88, 234.1
 10.44,  322.1,  -26.13, 234.1
 10.46,  323.3,  -26.13, 234.1
 10.48,  324.5,  -25.88, 234.1
 10.50,  325.7,  -26.00, 234.1
 10.52,  326.7,  -25.88, 234.1
 10.54,  327.8,  -25.75, 234.1
 10.56,  328.9,  -25.50, 234.1
 10.58,  330.1,  -25.00, 234.1
 10.60,  331.0,  -24.75, 234.1
 10.62,  332.1,  -24.38, 234.1
 10.64,  332.9,  -24.25, 234.1
 10.66,  333.9,  -23.88, 234.1
 10.68,  334.9,  -23.50, 234.1
 10.70,  335.7,  -22.88, 234.1
 10.72,  336.5,  -22.50, 234.1
 10.74,  337.3,  -22.38, 234.1
 10.76,  338.0,  -21.50, 234.1
 10.78,  338.6,  -21.50, 234.1
 10.80,  339.3,  -20.75, 234.1
 10.82,  339.9,  -20.75, 234.1
 10.84,  340.5,  -19.88, 234.1
 10.86,  340.9,  -19.75, 234.1
 10.88,  341.3,  -19.50, 234.1
 10.90,  341.7,  -18.88, 234.1
 10.92,  342.1,  -18.63, 234.1
 10.94,  342.5,  -18.38, 234.1
 10.96,  342.9,  -18.00, 234.1
 10.98,  343.2,  -17.50, 234.1
 11.00,  343.4,  -17.50, 234.1
 11.02,  343.7,  -17.38, 234.1
 11.04,  343.9,  -17.38, 234.1
 11.06,  344.1,  -16.88, 234.1
 11.08,  344.4,  -17.00, 234.1
 11.10,  344.5,  -17.00, 234.1
 11.12,  344.8,  -17.13, 234.1
 11.14,  344.9,  -16.88, 234.1
 11.16,  345.1,  -17.00, 234.1
 11.18,  345.3,  -17.25, 234.1
 11.20,  345.4,  -17.00, 234.1
 11.22,  345.7,  -17.50, 234.1
 11.24,  345.8,  -17.38, 234.1
 11.26,  346.1,  -17.88, 234.1
 11.28,  346.5,  -17.88, 234.1
 11.30,  346.6,  -18.50, 234.1
 11.32,  346.9,  -18.75, 234.1
 11.34,  347.3,  -19.00, 234.1
 11.36,  347.7,  -19.50, 234.1
 11.38,  348.1,  -20.00, 234.1
 11.40,  348.5,  -20.38, 234.1
 11.42,  349.0,  -20.75, 234.1
 11.44,  349.7,  -21.13, 234.1
 11.46,  350.1,  -21.63, 234.1
 11.48,  350.8,  -22.13, 234.1
 11.50,  351.3,  -22.38, 234.1
 11.52,  352.1,  -22.75, 234.1
 11.54,  352.9,  -23.00, 234.1
 11.56,  353.7,  -23.75, 234.1
 11.58,  354.5,  -24.13, 234.1
 11.60,  355.4,  -24.25, 234.1
 11.62,  356.3,  -24.88, 234.1
 11.64,  357.3,  -25.13, 234.1
 11.66,  358.3,  -25.38, 234.1
 11.68,  359.3,  -25.75, 234.1
 11.70,  360.3,  -25.75, 234.1
 11.72,  361.3,  -26.13, 234.1
 11.74,  362.5,  -26.25, 234.1
 11.76,  363.6,  -26.38, 234.1
 11.78,  364.8,  -26.63, 234.1
 11.80,  365.9,  -26.38, 234.1
 11.82,  367.0,  -26.63, 234.1
 11.84,  368.1,  -26.63, 234.1
 11.86,  369.3,  -26.25, 234.1
 11.88,  370.5,  -26.13, 234.1
 11.90,  371.6,  -26.13, 234.1
 11.92,  372.7,  -26.00, 234.1
 11.94,  373.7,  -25.75, 234.1
 11.96,  374.8,  -25.50, 234.1
 11.98,  375.7,  -25.13, 234.1
===============================
Changed Angle: -8.13
Elapsed Time : 11.72
Disk R.P.M   : 30.9
===============================
2018-04-13. ¿ÀÈÄ 12:37:42.

