Device: Gyroscope
===============================
  Time  Rotation   Tilt   D-RPM
------- -------- ------- ------
  0.00,    1.0,   10.38, 291.5
  0.02,    2.0,    9.88, 291.5
  0.04,    3.2,    9.38, 291.5
  0.06,    4.4,    8.75, 291.5
  0.08,    5.6,    8.25, 291.5
  0.10,    6.9,    7.75, 291.5
  0.12,    8.4,    7.25, 291.5
  0.14,    9.9,    7.00, 291.5
  0.16,   11.2,    6.75, 291.5
  0.18,   12.8,    6.63, 291.5
  0.20,   14.4,    6.50, 291.5
  0.22,   15.9,    6.75, 291.5
  0.24,   17.2,    7.13, 291.5
  0.26,   18.8,    7.38, 291.5
  0.28,   20.4,    7.75, 291.5
  0.30,   21.6,    8.13, 291.5
  0.32,   23.1,    8.50, 291.5
  0.34,   24.4,    8.88, 291.5
  0.36,   25.6,    9.50, 291.5
  0.38,   26.8,   10.13, 291.5
  0.40,   28.0,   10.63, 291.5
  0.42,   29.1,   11.75, 291.5
  0.44,   30.0,   12.50, 291.5
  0.46,   30.8,   13.50, 291.5
  0.48,   31.5,   14.38, 291.5
  0.50,   31.9,   15.13, 291.5
  0.52,   32.4,   15.88, 291.5
  0.54,   32.9,   16.38, 291.5
  0.56,   33.1,   17.00, 291.5
  0.58,   33.5,   18.00, 291.5
  0.60,   33.5,   18.50, 291.5
  0.62,   33.5,   19.25, 291.5
  0.64,   33.5,   20.00, 291.5
  0.66,   33.1,   20.38, 291.5
  0.68,   32.9,   20.88, 291.5
  0.70,   32.5,   21.25, 291.5
  0.72,   32.1,   21.38, 291.5
  0.74,   31.5,   21.63, 291.5
  0.76,   31.1,   21.88, 291.5
  0.78,   30.5,   21.88, 291.5
  0.80,   29.9,   22.00, 291.5
  0.82,   29.4,   21.75, 291.5
  0.84,   28.9,   21.63, 291.5
  0.86,   28.3,   21.25, 291.5
  0.88,   27.9,   20.88, 291.5
  0.90,   27.5,   20.25, 291.5
  0.92,   27.1,   19.75, 291.5
  0.94,   26.7,   19.25, 291.5
  0.96,   26.7,   18.38, 291.5
  0.98,   26.6,   17.88, 291.5
  1.00,   26.6,   17.38, 291.5
  1.02,   26.5,   16.88, 291.5
  1.04,   26.2,   16.00, 291.5
  1.06,   25.9,   15.25, 291.5
  1.08,   26.2,   14.25, 291.5
  1.10,   26.9,   13.50, 291.5
  1.12,   27.3,   12.50, 291.5
  1.14,   28.1,   11.75, 291.5
  1.16,   28.9,   10.88, 291.5
  1.18,   30.0,   10.38, 291.5
  1.20,   30.9,    9.63, 291.5
  1.22,   32.1,    9.13, 291.5
  1.24,   33.3,    8.63, 291.5
  1.26,   34.5,    8.25, 291.5
  1.28,   35.7,    7.88, 291.5
  1.30,   37.3,    7.38, 291.5
  1.32,   38.5,    7.13, 291.5
  1.34,   40.1,    6.63, 291.5
  1.36,   41.5,    6.50, 291.5
  1.38,   42.9,    6.50, 291.5
  1.40,   44.5,    6.75, 291.5
  1.42,   46.1,    6.88, 291.5
  1.44,   47.6,    7.25, 291.5
  1.46,   48.9,    7.50, 291.5
  1.48,   50.4,    7.75, 291.5
  1.50,   51.7,    8.25, 291.5
  1.52,   52.9,    8.75, 291.5
  1.54,   54.1,    9.25, 291.5
  1.56,   55.3,    9.88, 291.5
  1.58,   56.5,   10.50, 291.5
  1.60,   57.7,   11.63, 291.5
  1.62,   58.5,   12.13, 291.5
  1.64,   59.3,   13.00, 291.5
  1.66,   60.1,   13.88, 291.5
  1.68,   60.9,   14.50, 291.5
  1.70,   61.3,   15.38, 291.5
  1.72,   61.7,   16.00, 291.5
  1.74,   62.1,   16.63, 291.5
  1.76,   62.3,   17.50, 291.5
  1.78,   62.5,   18.13, 291.5
  1.80,   62.5,   19.00, 291.5
  1.82,   62.5,   19.50, 291.5
  1.84,   62.6,   20.13, 291.5
  1.86,   62.3,   20.50, 291.5
  1.88,   61.9,   20.63, 291.5
  1.90,   61.5,   21.13, 291.5
  1.92,   61.1,   21.13, 291.5
  1.94,   60.7,   21.38, 291.5
  1.96,   60.2,   21.50, 291.5
  1.98,   59.6,   21.63, 291.5
  2.00,   59.0,   21.63, 291.5
  2.02,   58.5,   21.50, 291.5
  2.04,   58.1,   21.25, 291.5
  2.06,   57.6,   20.88, 291.5
  2.08,   57.2,   20.25, 291.5
  2.10,   56.9,   19.75, 291.5
  2.12,   56.5,   19.00, 291.5
  2.14,   56.2,   18.63, 291.5
  2.16,   56.2,   18.00, 291.5
  2.18,   56.2,   17.38, 291.5
  2.20,   56.2,   16.88, 291.5
  2.22,   56.6,   16.13, 291.5
  2.24,   56.8,   15.38, 291.5
  2.26,   57.2,   14.50, 291.5
  2.28,   57.8,   13.75, 291.5
  2.30,   58.2,   12.88, 291.5
  2.32,   59.0,   12.00, 291.5
  2.34,   59.8,   11.25, 291.5
  2.36,   60.6,   10.75, 291.5
  2.38,   61.4,   10.00, 291.5
  2.40,   62.2,   10.00, 291.5
  2.42,   63.4,    9.00, 298.4
  2.44,   64.6,    8.63, 298.4
  2.46,   65.8,    8.00, 298.4
  2.48,   67.2,    7.50, 298.4
  2.50,   68.6,    7.13, 298.4
  2.52,   69.8,    7.00, 298.4
  2.54,   71.4,    6.75, 298.4
  2.56,   72.6,    6.63, 298.4
  2.58,   74.2,    6.75, 298.4
  2.60,   75.6,    7.00, 298.4
  2.62,   77.0,    7.13, 298.4
  2.64,   78.6,    7.50, 298.4
  2.66,   80.0,    7.75, 298.4
  2.68,   81.4,    8.00, 298.4
  2.70,   82.6,    8.25, 298.4
  2.72,   83.8,    8.75, 298.4
  2.74,   85.0,    9.25, 298.4
  2.76,   86.2,   10.13, 298.4
  2.78,   87.4,   11.00, 298.4
  2.80,   88.2,   11.63, 298.4
  2.82,   89.2,   12.75, 298.4
  2.84,   90.0,   13.50, 298.4
  2.86,   90.6,   14.13, 298.4
  2.88,   91.4,   14.63, 298.4
  2.90,   91.8,   15.25, 298.4
  2.92,   92.2,   16.13, 298.4
  2.94,   92.6,   16.75, 298.4
  2.96,   92.7,   17.38, 298.4
  2.98,   92.8,   18.38, 298.4
  3.00,   92.9,   18.88, 298.4
  3.02,   92.9,   19.63, 298.4
  3.04,   93.1,   20.00, 298.4
  3.06,   93.0,   20.50, 298.4
  3.08,   92.7,   20.63, 298.4
  3.10,   92.3,   20.75, 298.4
  3.12,   91.9,   21.00, 298.4
  3.14,   91.4,   21.00, 298.4
  3.16,   90.9,   21.38, 298.4
  3.18,   90.3,   21.25, 298.4
  3.20,   89.9,   21.25, 298.4
  3.22,   89.5,   21.25, 298.4
  3.24,   89.0,   21.00, 298.4
  3.26,   88.7,   20.63, 298.4
  3.28,   88.3,   20.00, 298.4
  3.30,   88.1,   19.25, 298.4
  3.32,   87.9,   18.75, 298.4
  3.34,   87.7,   18.00, 298.4
  3.36,   87.6,   17.75, 298.4
  3.38,   87.6,   17.00, 298.4
  3.40,   87.5,   16.50, 298.4
  3.42,   87.8,   15.75, 298.4
  3.44,   88.2,   15.13, 298.4
  3.46,   88.6,   14.50, 298.4
  3.48,   89.0,   13.50, 298.4
  3.50,   89.8,   12.50, 298.4
  3.52,   90.4,   11.75, 298.4
  3.54,   91.2,   11.00, 298.4
  3.56,   92.2,   10.38, 298.4
  3.58,   93.0,   10.00, 298.4
  3.60,   94.2,    9.38, 298.4
  3.62,   95.2,    8.88, 298.4
  3.64,   96.4,    8.75, 298.4
  3.66,   97.7,    8.13, 298.4
  3.68,   99.0,    7.63, 298.4
  3.70,  100.3,    7.13, 298.4
  3.72,  101.8,    6.88, 298.4
  3.74,  103.0,    6.75, 298.4
  3.76,  104.6,    6.63, 298.4
  3.78,  105.8,    6.88, 298.4
  3.80,  107.4,    7.00, 298.4
  3.82,  108.7,    7.25, 298.4
  3.84,  110.2,    7.50, 298.4
  3.86,  111.5,    8.00, 298.4
  3.88,  112.9,    8.25, 298.4
  3.90,  114.2,    8.50, 298.4
  3.92,  115.4,    8.88, 298.4
  3.94,  116.6,    9.50, 298.4
  3.96,  117.7,   10.13, 298.4
  3.98,  118.6,   10.75, 298.4
  4.00,  119.7,   11.63, 298.4
  4.02,  120.5,   12.25, 298.4
  4.04,  121.3,   13.13, 298.4
  4.06,  122.0,   14.13, 298.4
  4.08,  122.5,   14.75, 298.4
  4.10,  123.1,   15.38, 298.4
  4.12,  123.6,   16.00, 298.4
  4.14,  123.8,   16.38, 298.4
  4.16,  124.1,   17.13, 298.4
  4.18,  124.1,   18.00, 298.4
  4.20,  124.1,   18.50, 298.4
  4.22,  124.1,   19.13, 298.4
  4.24,  124.2,   19.50, 298.4
  4.26,  123.9,   20.25, 298.4
  4.28,  123.8,   20.38, 298.4
  4.30,  123.4,   20.63, 298.4
  4.32,  123.1,   20.63, 298.4
  4.34,  122.7,   20.75, 298.4
  4.36,  122.3,   20.75, 298.4
  4.38,  121.8,   21.00, 298.4
  4.40,  121.4,   21.00, 298.4
  4.42,  121.0,   20.75, 298.4
  4.44,  120.5,   20.50, 298.4
  4.46,  120.2,   20.38, 298.4
  4.48,  119.8,   20.00, 298.4
  4.50,  119.5,   19.63, 298.4
  4.52,  119.4,   18.63, 298.4
  4.54,  119.3,   18.13, 298.4
  4.56,  119.2,   17.38, 298.4
  4.58,  119.2,   16.88, 298.4
  4.60,  119.2,   16.50, 298.4
  4.62,  119.0,   15.75, 298.4
  4.64,  119.4,   15.13, 298.4
  4.66,  119.8,   14.50, 298.4
  4.68,  120.2,   13.75, 298.4
  4.70,  120.9,   13.00, 298.4
  4.72,  121.6,   12.25, 298.4
  4.74,  122.3,   11.38, 298.4
  4.76,  123.2,   10.50, 298.4
  4.78,  124.2,   10.13, 298.4
  4.80,  125.1,    9.38, 298.4
  4.82,  126.2,    9.00, 291.5
  4.84,  127.4,    8.63, 291.5
  4.86,  128.6,    8.13, 291.5
  4.88,  129.8,    7.88, 291.5
  4.90,  131.2,    7.50, 291.5
  4.92,  132.5,    7.50, 291.5
  4.94,  133.8,    7.00, 291.5
  4.96,  135.4,    6.75, 291.5
  4.98,  136.6,    7.00, 291.5
  5.00,  138.1,    6.88, 291.5
  5.02,  139.4,    7.25, 291.5
  5.04,  140.8,    7.13, 291.5
  5.06,  142.2,    7.63, 291.5
  5.08,  143.4,    8.00, 291.5
  5.10,  144.8,    8.50, 291.5
  5.12,  146.1,    9.00, 291.5
  5.14,  147.3,    9.38, 291.5
  5.16,  148.3,   10.00, 291.5
  5.18,  149.4,   10.50, 291.5
  5.20,  150.4,   11.38, 291.5
  5.22,  151.3,   11.88, 291.5
  5.24,  152.1,   12.63, 291.5
  5.26,  152.7,   13.13, 291.5
  5.28,  153.4,   13.88, 291.5
  5.30,  153.9,   14.75, 291.5
  5.32,  154.4,   15.50, 291.5
  5.34,  154.8,   16.13, 291.5
  5.36,  155.1,   16.88, 291.5
  5.38,  155.3,   17.38, 291.5
  5.40,  155.4,   18.13, 291.5
  5.42,  155.4,   18.63, 291.5
  5.44,  155.4,   19.00, 291.5
  5.46,  155.6,   19.50, 291.5
  5.48,  155.4,   19.75, 291.5
  5.50,  155.1,   20.25, 291.5
  5.52,  154.8,   20.38, 291.5
  5.54,  154.5,   20.63, 291.5
  5.56,  154.2,   20.50, 291.5
  5.58,  153.8,   20.75, 291.5
  5.60,  153.4,   20.75, 291.5
  5.62,  152.9,   20.50, 291.5
  5.64,  152.5,   20.25, 291.5
  5.66,  152.1,   20.00, 291.5
  5.68,  151.8,   19.75, 291.5
  5.70,  151.5,   19.50, 291.5
  5.72,  151.4,   19.00, 291.5
  5.74,  151.2,   18.50, 291.5
  5.76,  151.2,   17.75, 291.5
  5.78,  151.2,   17.25, 291.5
  5.80,  151.2,   16.50, 291.5
  5.82,  151.0,   16.00, 291.5
  5.84,  150.7,   15.25, 291.5
  5.86,  151.0,   14.50, 291.5
  5.88,  151.4,   14.00, 291.5
  5.90,  152.0,   13.25, 291.5
  5.92,  152.6,   12.50, 291.5
  5.94,  153.3,   12.00, 291.5
  5.96,  154.2,   11.25, 291.5
  5.98,  155.1,   10.50, 291.5
  6.00,  156.0,    9.88, 291.5
  6.02,  157.1,    9.50, 291.5
  6.04,  158.1,    9.00, 291.5
  6.06,  159.2,    8.50, 291.5
  6.08,  160.4,    7.88, 291.5
  6.10,  161.7,    7.63, 291.5
  6.12,  163.0,    7.38, 291.5
  6.14,  164.4,    7.13, 291.5
  6.16,  165.8,    7.25, 291.5
  6.18,  167.1,    7.00, 291.5
  6.20,  168.5,    7.00, 291.5
  6.22,  169.9,    7.13, 291.5
  6.24,  171.2,    7.38, 291.5
  6.26,  172.6,    7.38, 291.5
  6.28,  173.9,    7.63, 291.5
  6.30,  175.1,    8.00, 291.5
  6.32,  176.4,    8.25, 291.5
  6.34,  177.6,    9.00, 291.5
  6.36,  178.8,    9.63, 291.5
  6.38,  179.9,   10.13, 291.5
  6.40,  180.9,   10.63, 291.5
  6.42,  181.9,   11.50, 291.5
  6.44,  182.8,   12.13, 291.5
  6.46,  183.5,   12.88, 291.5
  6.48,  184.2,   13.38, 291.5
  6.50,  184.7,   13.75, 291.5
  6.52,  185.3,   14.50, 291.5
  6.54,  185.8,   15.13, 291.5
  6.56,  186.1,   16.00, 291.5
  6.58,  186.4,   16.75, 291.5
  6.60,  186.6,   17.25, 291.5
  6.62,  186.7,   18.00, 291.5
  6.64,  186.7,   18.63, 291.5
  6.66,  186.7,   19.00, 291.5
  6.68,  186.9,   19.38, 291.5
  6.70,  186.7,   19.50, 291.5
  6.72,  186.4,   19.75, 291.5
  6.74,  186.1,   20.00, 291.5
  6.76,  185.8,   20.25, 291.5
  6.78,  185.5,   20.50, 291.5
  6.80,  185.1,   20.38, 291.5
  6.82,  184.8,   20.38, 291.5
  6.84,  184.5,   20.38, 291.5
  6.86,  184.1,   20.25, 291.5
  6.88,  183.8,   19.88, 291.5
  6.90,  183.4,   19.50, 291.5
  6.92,  183.2,   18.88, 291.5
  6.94,  183.0,   18.63, 291.5
  6.96,  183.0,   18.13, 291.5
  6.98,  183.0,   17.75, 291.5
  7.00,  183.0,   17.13, 291.5
  7.02,  183.2,   16.50, 291.5
  7.04,  183.3,   16.00, 291.5
  7.06,  183.6,   15.50, 291.5
  7.08,  184.0,   14.75, 291.5
  7.10,  184.4,   13.88, 291.5
  7.12,  184.9,   13.13, 291.5
  7.14,  185.6,   12.50, 291.5
  7.16,  186.3,   11.63, 291.5
  7.18,  187.1,   11.25, 291.5
  7.20,  188.0,   10.63, 291.5
  7.22,  189.0,   10.13, 291.5
  7.24,  189.9,    9.63, 291.5
  7.26,  191.0,    9.13, 291.5
  7.28,  192.2,    8.88, 291.5
  7.30,  193.3,    8.25, 291.5
  7.32,  194.6,    7.75, 291.5
  7.34,  195.8,    7.38, 291.5
  7.36,  197.1,    7.13, 291.5
  7.38,  198.4,    7.00, 291.5
  7.40,  199.8,    7.00, 291.5
  7.42,  201.2,    7.13, 291.5
  7.44,  202.6,    7.25, 291.5
  7.46,  203.9,    7.50, 291.5
  7.48,  205.2,    7.63, 291.5
  7.50,  206.5,    8.00, 291.5
  7.52,  207.8,    8.00, 291.5
  7.54,  209.0,    8.13, 291.5
  7.56,  210.2,    8.50, 291.5
  7.58,  211.4,    9.00, 291.5
  7.60,  212.4,    9.88, 291.5
  7.62,  213.4,   10.50, 287.1
  7.64,  214.4,   11.13, 287.1
  7.66,  215.3,   11.88, 287.1
  7.68,  216.1,   12.50, 287.1
  7.70,  216.8,   13.13, 287.1
  7.72,  217.4,   13.63, 287.1
  7.74,  217.9,   14.25, 287.1
  7.76,  218.4,   14.75, 287.1
  7.78,  218.8,   15.50, 287.1
  7.80,  219.1,   16.00, 287.1
  7.82,  219.4,   16.75, 287.1
  7.84,  219.5,   17.50, 287.1
  7.86,  219.6,   18.00, 287.1
  7.88,  219.6,   18.50, 287.1
  7.90,  219.6,   18.88, 287.1
  7.92,  219.5,   19.25, 287.1
  7.94,  219.2,   19.38, 287.1
  7.96,  219.0,   19.63, 287.1
  7.98,  218.7,   19.75, 287.1
  8.00,  218.4,   20.00, 287.1
  8.02,  218.2,   20.25, 287.1
  8.04,  217.8,   20.13, 287.1
  8.06,  217.5,   20.13, 287.1
  8.08,  217.1,   20.00, 287.1
  8.10,  216.9,   19.75, 287.1
  8.12,  216.7,   19.50, 287.1
  8.14,  216.3,   19.00, 287.1
  8.16,  216.2,   18.50, 287.1
  8.18,  216.0,   17.88, 287.1
  8.20,  216.0,   17.50, 287.1
  8.22,  216.0,   17.00, 287.1
  8.24,  215.9,   16.50, 287.1
  8.26,  215.8,   16.13, 287.1
  8.28,  215.4,   15.63, 287.1
  8.30,  215.8,   15.13, 287.1
  8.32,  216.2,   14.25, 287.1
  8.34,  216.6,   13.50, 287.1
  8.36,  217.2,   12.75, 287.1
  8.38,  217.8,   12.00, 287.1
  8.40,  218.6,   11.25, 287.1
  8.42,  219.4,   10.75, 287.1
  8.44,  220.4,   10.13, 287.1
  8.46,  221.4,    9.88, 287.1
  8.48,  222.4,    9.50, 287.1
  8.50,  223.5,    9.00, 287.1
  8.52,  224.6,    8.75, 287.1
  8.54,  225.8,    8.13, 287.1
  8.56,  227.0,    7.63, 287.1
  8.58,  228.2,    7.38, 287.1
  8.60,  229.5,    7.00, 287.1
  8.62,  230.9,    7.00, 287.1
  8.64,  232.2,    7.00, 287.1
  8.66,  233.5,    7.13, 287.1
  8.68,  235.0,    7.25, 287.1
  8.70,  236.2,    7.63, 287.1
  8.72,  237.5,    7.75, 287.1
  8.74,  238.8,    7.88, 287.1
  8.76,  240.0,    8.25, 287.1
  8.78,  241.2,    8.38, 287.1
  8.80,  242.3,    8.88, 287.1
  8.82,  243.4,    9.25, 287.1
  8.84,  244.6,    9.75, 287.1
  8.86,  245.4,   10.50, 287.1
  8.88,  246.5,   11.13, 287.1
  8.90,  247.4,   11.88, 287.1
  8.92,  248.2,   12.50, 287.1
  8.94,  248.8,   13.13, 287.1
  8.96,  249.4,   13.63, 287.1
  8.98,  249.9,   14.13, 287.1
  9.00,  250.3,   14.75, 287.1
  9.02,  250.7,   15.38, 287.1
  9.04,  251.0,   16.13, 287.1
  9.06,  251.2,   16.88, 287.1
  9.08,  251.4,   17.38, 287.1
  9.10,  251.4,   17.88, 287.1
  9.12,  251.4,   18.38, 287.1
  9.14,  251.4,   18.63, 287.1
  9.16,  251.4,   18.88, 287.1
  9.18,  251.1,   19.13, 287.1
  9.20,  250.9,   19.25, 287.1
  9.22,  250.6,   19.50, 287.1
  9.24,  250.3,   19.63, 287.1
  9.26,  250.1,   19.88, 287.1
  9.28,  249.8,   19.88, 287.1
  9.30,  249.4,   19.75, 287.1
  9.32,  249.3,   19.63, 287.1
  9.34,  249.0,   19.38, 287.1
  9.36,  248.8,   19.00, 287.1
  9.38,  248.6,   18.63, 287.1
  9.40,  248.5,   18.13, 287.1
  9.42,  248.4,   17.63, 287.1
  9.44,  248.3,   17.25, 287.1
  9.46,  248.3,   16.88, 287.1
  9.48,  248.1,   16.38, 287.1
  9.50,  248.0,   15.88, 287.1
  9.52,  247.7,   15.25, 287.1
  9.54,  248.1,   14.75, 287.1
  9.56,  248.5,   13.88, 287.1
  9.58,  249.1,   13.25, 287.1
  9.60,  249.7,   12.63, 287.1
  9.62,  250.3,   12.63, 287.1
  9.64,  251.1,   11.25, 287.1
  9.66,  251.9,   10.63, 287.1
  9.68,  252.9,   10.25, 287.1
  9.70,  253.7,    9.75, 287.1
  9.72,  254.9,    9.50, 287.1
  9.74,  255.9,    8.88, 287.1
  9.76,  257.0,    8.63, 287.1
  9.78,  258.3,    8.13, 287.1
  9.80,  259.4,    7.75, 287.1
  9.82,  260.7,    7.50, 287.1
  9.84,  261.9,    7.13, 287.1
  9.86,  263.3,    7.13, 287.1
  9.88,  264.5,    7.00, 287.1
  9.90,  265.8,    7.13, 287.1
  9.92,  267.1,    7.13, 287.1
  9.94,  268.5,    7.50, 287.1
  9.96,  269.7,    7.63, 287.1
  9.98,  271.1,    7.75, 287.1
 10.00,  272.2,    8.00, 287.1
 10.02,  273.3,    8.00, 287.1
 10.04,  274.3,    8.75, 289.5
 10.06,  275.5,    9.13, 289.5
 10.08,  276.5,    9.63, 289.5
 10.10,  277.5,   10.38, 289.5
 10.12,  278.3,   11.00, 289.5
 10.14,  279.2,   11.75, 289.5
 10.16,  280.0,   12.25, 289.5
 10.18,  280.7,   13.00, 289.5
 10.20,  281.5,   13.38, 289.5
 10.22,  281.9,   14.00, 289.5
 10.24,  282.4,   14.38, 289.5
 10.26,  282.7,   15.00, 289.5
 10.28,  283.1,   15.63, 289.5
 10.30,  283.4,   16.38, 289.5
 10.32,  283.5,   17.00, 289.5
 10.34,  283.6,   17.50, 289.5
 10.36,  283.7,   17.88, 289.5
 10.38,  283.7,   18.25, 289.5
 10.40,  283.7,   18.50, 289.5
 10.42,  283.7,   18.50, 289.5
 10.44,  283.8,   18.88, 289.5
 10.46,  283.5,   19.13, 289.5
 10.48,  283.3,   19.13, 289.5
 10.50,  283.1,   19.38, 289.5
 10.52,  282.7,   19.38, 289.5
 10.54,  282.4,   19.50, 289.5
 10.56,  282.3,   19.38, 289.5
 10.58,  282.0,   19.13, 289.5
 10.60,  281.9,   18.88, 289.5
 10.62,  281.7,   18.38, 289.5
 10.64,  281.6,   18.00, 289.5
 10.66,  281.5,   17.38, 289.5
 10.68,  281.5,   17.13, 289.5
 10.70,  281.5,   16.50, 289.5
 10.72,  281.6,   16.25, 289.5
 10.74,  281.9,   15.88, 289.5
 10.76,  282.1,   15.38, 289.5
 10.78,  282.5,   14.75, 289.5
 10.80,  282.9,   14.13, 289.5
 10.82,  283.5,   13.38, 289.5
 10.84,  283.9,   12.63, 289.5
 10.86,  284.7,   11.88, 289.5
 10.88,  285.4,   11.25, 289.5
 10.90,  286.2,   10.75, 289.5
 10.92,  287.0,   10.38, 289.5
 10.94,  287.9,    9.88, 289.5
 10.96,  288.9,    9.63, 289.5
 10.98,  289.9,    9.00, 289.5
 11.00,  291.1,    8.75, 289.5
 11.02,  292.3,    8.13, 289.5
 11.04,  293.4,    7.88, 289.5
 11.06,  294.7,    7.50, 289.5
 11.08,  295.9,    7.13, 289.5
 11.10,  297.1,    7.13, 289.5
 11.12,  298.3,    6.88, 289.5
 11.14,  299.5,    7.13, 289.5
 11.16,  300.9,    7.13, 289.5
 11.18,  302.2,    7.50, 289.5
 11.20,  303.5,    7.50, 289.5
 11.22,  304.7,    7.63, 289.5
 11.24,  305.9,    7.88, 289.5
 11.26,  307.1,    8.25, 289.5
 11.28,  308.3,    8.50, 289.5
 11.30,  309.5,    8.88, 289.5
 11.32,  310.5,    9.38, 289.5
 11.34,  311.5,    9.63, 289.5
 11.36,  312.3,   10.50, 289.5
 11.38,  313.3,   11.13, 289.5
 11.40,  314.1,   11.88, 289.5
 11.42,  314.9,   12.38, 289.5
 11.44,  315.5,   13.13, 289.5
 11.46,  316.2,   13.50, 289.5
 11.48,  316.7,   14.00, 289.5
 11.50,  317.1,   14.63, 289.5
 11.52,  317.5,   15.00, 289.5
 11.54,  317.9,   15.63, 289.5
 11.56,  318.1,   16.00, 289.5
 11.58,  318.3,   16.63, 289.5
 11.60,  318.3,   17.25, 289.5
 11.62,  318.3,   17.75, 289.5
 11.64,  318.3,   18.13, 289.5
 11.66,  318.3,   18.38, 289.5
 11.68,  318.3,   18.63, 289.5
 11.70,  318.4,   18.63, 289.5
 11.72,  318.1,   18.88, 289.5
 11.74,  317.9,   18.88, 289.5
 11.76,  317.7,   18.88, 289.5
 11.78,  317.5,   18.88, 289.5
 11.80,  317.3,   18.88, 289.5
 11.82,  317.0,   19.00, 289.5
 11.84,  316.9,   18.75, 289.5
 11.86,  316.7,   18.50, 289.5
 11.88,  316.6,   18.00, 289.5
 11.90,  316.5,   17.63, 289.5
 11.92,  316.5,   17.13, 289.5
 11.94,  316.5,   16.63, 289.5
 11.96,  316.5,   16.13, 289.5
 11.98,  316.3,   15.63, 289.5
 12.00,  316.1,   15.13, 289.5
 12.02,  316.5,   14.63, 289.5
 12.04,  316.9,   14.25, 289.5
 12.06,  317.3,   13.63, 289.5
 12.08,  317.7,   13.00, 289.5
 12.10,  318.5,   12.38, 289.5
 12.12,  319.1,   11.75, 289.5
 12.14,  319.7,   11.13, 289.5
 12.16,  320.5,   10.50, 289.5
 12.18,  321.4,    9.88, 289.5
 12.20,  322.3,    9.38, 289.5
 12.22,  323.3,    8.88, 289.5
 12.24,  324.3,    8.63, 289.5
 12.26,  325.2,    8.38, 289.5
 12.28,  326.4,    8.00, 289.5
 12.30,  327.6,    7.75, 289.5
 12.32,  328.8,    7.25, 289.5
 12.34,  330.0,    7.13, 289.5
 12.36,  331.3,    7.00, 289.5
 12.38,  332.6,    7.00, 289.5
 12.40,  333.8,    6.88, 289.5
 12.42,  335.1,    6.88, 289.5
 12.44,  336.3,    7.00, 280.6
 12.46,  337.5,    7.25, 280.6
 12.48,  338.7,    7.63, 280.6
 12.50,  339.9,    7.75, 280.6
 12.52,  341.1,    8.00, 280.6
 12.54,  342.3,    8.38, 280.6
 12.56,  343.4,    8.88, 280.6
 12.58,  344.5,    9.50, 280.6
 12.60,  345.5,    9.88, 280.6
 12.62,  346.4,   10.13, 280.6
 12.64,  347.3,   10.63, 280.6
 12.66,  348.1,   11.38, 280.6
 12.68,  348.8,   12.00, 280.6
 12.70,  349.5,   12.50, 280.6
 12.72,  350.1,   13.13, 280.6
 12.74,  350.7,   13.75, 280.6
 12.76,  351.2,   14.38, 280.6
 12.78,  351.6,   15.00, 280.6
 12.80,  352.0,   15.63, 280.6
 12.82,  352.1,   16.00, 280.6
 12.84,  352.4,   16.38, 280.6
 12.86,  352.5,   16.63, 280.6
 12.88,  352.5,   17.00, 280.6
 12.90,  352.5,   17.50, 280.6
 12.92,  352.5,   17.88, 280.6
 12.94,  352.5,   18.13, 280.6
 12.96,  352.6,   18.13, 280.6
 12.98,  352.5,   18.38, 280.6
 13.00,  352.3,   18.63, 280.6
 13.02,  352.1,   18.75, 280.6
 13.04,  352.0,   18.75, 280.6
 13.06,  351.8,   18.63, 280.6
 13.08,  351.5,   18.50, 280.6
 13.10,  351.4,   18.13, 280.6
 13.12,  351.3,   18.00, 280.6
 13.14,  351.2,   17.63, 280.6
 13.16,  351.1,   17.38, 280.6
 13.18,  351.1,   16.88, 280.6
 13.20,  351.1,   16.50, 280.6
 13.22,  350.9,   16.00, 280.6
 13.24,  351.0,   15.88, 280.6
 13.26,  351.2,   15.25, 280.6
 13.28,  351.5,   14.50, 280.6
 13.30,  351.8,   14.00, 280.6
 13.32,  352.2,   13.38, 280.6
 13.34,  352.7,   13.00, 280.6
 13.36,  353.3,   12.38, 280.6
 13.38,  353.9,   11.63, 280.6
 13.40,  354.6,   11.00, 280.6
 13.42,  355.4,   10.63, 280.6
 13.44,  356.3,   10.13, 280.6
 13.46,  357.1,    9.75, 280.6
 13.48,  358.1,    9.38, 280.6
 13.50,  359.1,    8.75, 280.6
 13.52,  360.0,    8.38, 280.6
 13.54,  361.1,    8.00, 280.6
 13.56,  362.3,    7.63, 280.6
 13.58,  363.4,    7.38, 280.6
 13.60,  364.6,    7.00, 280.6
 13.62,  365.9,    7.00, 280.6
 13.64,  367.1,    6.88, 280.6
 13.66,  368.3,    7.13, 280.6
 13.68,  369.5,    7.13, 280.6
 13.70,  370.8,    7.25, 280.6
 13.72,  372.0,    7.38, 280.6
 13.74,  373.3,    7.38, 280.6
 13.76,  374.3,    7.50, 280.6
 13.78,  375.5,    7.88, 280.6
 13.80,  376.7,    8.00, 280.6
 13.82,  377.9,    8.50, 280.6
 13.84,  379.0,    8.75, 280.6
 13.86,  379.9,    9.38, 280.6
 13.88,  381.0,   10.00, 280.6
 13.90,  381.9,   10.75, 280.6
 13.92,  382.7,   11.13, 280.6
 13.94,  383.5,   11.88, 280.6
 13.96,  384.2,   12.13, 280.6
 13.98,  384.7,   12.63, 280.6
 14.00,  385.4,   13.25, 280.6
 14.02,  385.9,   13.63, 280.6
===============================
Changed Angle: -2.38
Elapsed Time : 13.56
Disk R.P.M   : 66.3
===============================
2018-04-13. ¿ÀÈÄ 12:31:56.

