Device: Gyroscope
===============================
  Time  Rotation   Tilt   D-RPM
------- -------- ------- ------
  0.00,    0.7,   -5.00, 163.4
  0.02,    1.4,   -5.25, 163.4
  0.04,    2.2,   -5.25, 163.4
  0.06,    2.8,   -5.50, 163.4
  0.08,    3.6,   -5.50, 163.4
  0.10,    4.4,   -5.75, 163.4
  0.12,    5.2,   -5.75, 163.4
  0.14,    5.9,   -6.00, 163.4
  0.16,    6.6,   -6.00, 163.4
  0.18,    7.4,   -6.00, 163.4
  0.20,    8.2,   -6.13, 163.4
  0.22,    9.0,   -6.13, 163.4
  0.24,    9.8,   -6.25, 163.4
  0.26,   10.6,   -6.25, 163.4
  0.28,   11.5,   -6.38, 163.4
  0.30,   12.4,   -6.25, 163.4
  0.32,   13.2,   -6.25, 163.4
  0.34,   14.0,   -6.13, 163.4
  0.36,   14.8,   -6.25, 163.4
  0.38,   15.6,   -6.13, 163.4
  0.40,   16.4,   -6.25, 163.4
  0.42,   17.2,   -6.25, 163.4
  0.44,   18.0,   -6.13, 163.4
  0.46,   18.8,   -6.25, 163.4
  0.48,   19.6,   -6.13, 163.4
  0.50,   20.4,   -6.25, 163.4
  0.52,   21.2,   -6.00, 163.4
  0.54,   22.0,   -6.00, 163.4
  0.56,   22.8,   -5.75, 163.4
  0.58,   23.5,   -5.50, 163.4
  0.60,   24.3,   -5.38, 163.4
  0.62,   25.0,   -5.50, 163.4
  0.64,   25.6,   -5.38, 163.4
  0.66,   26.4,   -5.25, 163.4
  0.68,   27.1,   -5.13, 163.4
  0.70,   27.8,   -4.88, 163.4
  0.72,   28.4,   -5.00, 163.4
  0.74,   29.1,   -4.88, 163.4
  0.76,   29.8,   -4.88, 163.4
  0.78,   30.4,   -4.50, 163.4
  0.80,   31.1,   -4.50, 163.4
  0.82,   31.6,   -4.38, 163.4
  0.84,   32.4,   -4.25, 163.4
  0.86,   33.0,   -4.00, 163.4
  0.88,   33.6,   -4.13, 163.4
  0.90,   34.2,   -4.13, 163.4
  0.92,   34.8,   -3.88, 163.4
  0.94,   35.2,   -4.13, 163.4
  0.96,   35.9,   -4.00, 163.4
  0.98,   36.4,   -4.00, 163.4
  1.00,   37.0,   -3.88, 163.4
  1.02,   37.6,   -4.13, 163.4
  1.04,   38.0,   -4.00, 163.4
  1.06,   38.7,   -3.88, 163.4
  1.08,   39.2,   -4.00, 163.4
  1.10,   39.9,   -3.88, 163.4
  1.12,   40.4,   -3.88, 163.4
  1.14,   41.0,   -3.88, 163.4
  1.16,   41.6,   -4.13, 163.4
  1.18,   42.0,   -4.13, 163.4
  1.20,   42.7,   -4.25, 163.4
  1.22,   43.2,   -4.25, 163.4
  1.24,   43.9,   -4.38, 163.4
  1.26,   44.4,   -4.63, 163.4
  1.28,   45.1,   -4.88, 163.4
  1.30,   45.6,   -5.00, 163.4
  1.32,   46.4,   -5.00, 163.4
  1.34,   47.0,   -5.00, 163.4
  1.36,   47.6,   -4.88, 163.4
  1.38,   48.4,   -5.00, 163.4
  1.40,   49.0,   -5.13, 163.4
  1.42,   49.6,   -5.38, 163.4
  1.44,   50.4,   -5.50, 163.4
  1.46,   51.1,   -5.75, 163.4
  1.48,   51.8,   -5.88, 163.4
  1.50,   52.4,   -6.00, 163.4
  1.52,   53.2,   -6.25, 163.4
  1.54,   54.0,   -6.25, 163.4
  1.56,   54.8,   -6.50, 163.4
  1.58,   55.6,   -6.50, 163.4
  1.60,   56.3,   -6.50, 163.4
  1.62,   57.1,   -6.50, 163.4
  1.64,   57.9,   -6.63, 163.4
  1.66,   58.7,   -6.63, 163.4
  1.68,   59.5,   -6.75, 163.4
  1.70,   60.3,   -6.75, 163.4
  1.72,   61.1,   -6.88, 163.4
  1.74,   61.9,   -6.88, 163.4
  1.76,   62.7,   -6.88, 163.4
  1.78,   63.5,   -6.88, 163.4
  1.80,   64.3,   -6.88, 163.4
  1.82,   65.1,   -6.88, 163.4
  1.84,   65.9,   -6.88, 163.4
  1.86,   66.7,   -6.88, 163.4
  1.88,   67.5,   -6.75, 163.4
  1.90,   68.3,   -6.88, 163.4
  1.92,   69.1,   -6.75, 163.4
  1.94,   69.9,   -6.75, 163.4
  1.96,   70.7,   -6.63, 163.4
  1.98,   71.5,   -6.50, 163.4
  2.00,   72.3,   -6.50, 163.4
  2.02,   73.1,   -6.38, 163.4
  2.04,   73.8,   -6.25, 163.4
  2.06,   74.5,   -6.00, 163.4
  2.08,   75.1,   -6.00, 163.4
  2.10,   75.9,   -6.00, 163.4
  2.12,   76.7,   -6.00, 163.4
  2.14,   77.4,   -5.75, 163.4
  2.16,   78.2,   -5.50, 163.4
  2.18,   78.7,   -5.50, 163.4
  2.20,   79.5,   -5.50, 163.4
  2.22,   80.1,   -5.38, 163.4
  2.24,   80.7,   -5.00, 163.4
  2.26,   81.4,   -5.13, 163.4
  2.28,   81.9,   -5.13, 163.4
  2.30,   82.7,   -5.00, 163.4
  2.32,   83.1,   -4.75, 163.4
  2.34,   83.9,   -4.88, 163.4
  2.36,   84.3,   -4.88, 163.4
  2.38,   85.1,   -4.63, 163.4
  2.40,   85.5,   -4.63, 238.5
  2.42,   86.3,   -4.63, 238.5
  2.44,   86.7,   -4.63, 238.5
  2.46,   87.5,   -4.38, 238.5
  2.48,   87.9,   -4.63, 238.5
  2.50,   88.6,   -4.63, 238.5
  2.52,   89.1,   -4.50, 238.5
  2.54,   89.5,   -4.50, 238.5
  2.56,   90.3,   -4.75, 238.5
  2.58,   90.7,   -4.75, 238.5
  2.60,   91.4,   -4.75, 238.5
  2.62,   91.9,   -4.63, 238.5
  2.64,   92.6,   -4.88, 238.5
  2.66,   93.1,   -5.00, 238.5
  2.68,   93.8,   -5.00, 238.5
  2.70,   94.3,   -5.00, 238.5
  2.72,   95.0,   -5.00, 238.5
  2.74,   95.5,   -5.25, 238.5
  2.76,   96.3,   -5.50, 238.5
  2.78,   96.8,   -5.63, 238.5
  2.80,   97.5,   -5.75, 238.5
  2.82,   98.2,   -5.88, 238.5
  2.84,   98.7,   -6.00, 238.5
  2.86,   99.5,   -6.00, 238.5
  2.88,  100.2,   -6.13, 238.5
  2.90,  100.9,   -6.13, 238.5
  2.92,  101.5,   -6.25, 238.5
  2.94,  102.3,   -6.38, 238.5
  2.96,  103.1,   -6.38, 238.5
  2.98,  103.9,   -6.50, 238.5
  3.00,  104.6,   -6.63, 238.5
  3.02,  105.4,   -6.88, 238.5
  3.04,  106.1,   -6.88, 238.5
  3.06,  106.8,   -7.00, 238.5
  3.08,  107.5,   -7.00, 238.5
  3.10,  108.3,   -7.13, 238.5
  3.12,  109.1,   -7.25, 238.5
  3.14,  109.9,   -7.25, 238.5
  3.16,  110.7,   -7.38, 238.5
  3.18,  111.5,   -7.38, 238.5
  3.20,  112.5,   -7.38, 238.5
  3.22,  113.3,   -7.38, 238.5
  3.24,  114.1,   -7.50, 238.5
  3.26,  115.0,   -7.50, 238.5
  3.28,  115.8,   -7.50, 238.5
  3.30,  116.6,   -7.50, 238.5
  3.32,  117.4,   -7.50, 238.5
  3.34,  118.2,   -7.50, 238.5
  3.36,  119.0,   -7.38, 238.5
  3.38,  119.8,   -7.25, 238.5
  3.40,  120.6,   -7.00, 238.5
  3.42,  121.3,   -7.00, 238.5
  3.44,  122.1,   -7.00, 238.5
  3.46,  122.9,   -7.13, 238.5
  3.48,  123.7,   -7.00, 238.5
  3.50,  124.5,   -7.00, 238.5
  3.52,  125.1,   -6.88, 238.5
  3.54,  125.9,   -6.75, 238.5
  3.56,  126.7,   -6.63, 238.5
  3.58,  127.5,   -6.50, 238.5
  3.60,  128.1,   -6.50, 238.5
  3.62,  128.7,   -6.38, 238.5
  3.64,  129.5,   -6.25, 238.5
  3.66,  130.1,   -5.88, 238.5
  3.68,  130.7,   -6.00, 238.5
  3.70,  131.5,   -5.88, 238.5
  3.72,  132.1,   -5.88, 238.5
  3.74,  132.7,   -5.50, 238.5
  3.76,  133.5,   -5.63, 238.5
  3.78,  134.1,   -5.75, 238.5
  3.80,  134.7,   -5.50, 238.5
  3.82,  135.3,   -5.50, 238.5
  3.84,  135.9,   -5.50, 238.5
  3.86,  136.5,   -5.50, 238.5
  3.88,  137.1,   -5.25, 238.5
  3.90,  137.5,   -5.13, 238.5
  3.92,  138.2,   -5.38, 238.5
  3.94,  138.7,   -5.25, 238.5
  3.96,  139.3,   -5.13, 238.5
  3.98,  139.9,   -5.13, 238.5
  4.00,  140.5,   -5.50, 238.5
  4.02,  141.1,   -5.38, 238.5
  4.04,  141.7,   -5.25, 238.5
  4.06,  142.3,   -5.50, 238.5
  4.08,  142.9,   -5.63, 238.5
  4.10,  143.5,   -5.63, 238.5
  4.12,  144.0,   -5.50, 238.5
  4.14,  144.7,   -5.50, 238.5
  4.16,  145.2,   -5.63, 238.5
  4.18,  145.9,   -5.88, 238.5
  4.20,  146.5,   -6.00, 238.5
  4.22,  147.1,   -6.13, 238.5
  4.24,  147.7,   -6.13, 238.5
  4.26,  148.2,   -6.25, 238.5
  4.28,  149.0,   -6.25, 238.5
  4.30,  149.7,   -6.38, 238.5
  4.32,  150.4,   -6.63, 238.5
  4.34,  151.0,   -6.63, 238.5
  4.36,  151.8,   -6.88, 238.5
  4.38,  152.4,   -7.00, 238.5
  4.40,  153.2,   -7.13, 238.5
  4.42,  153.8,   -7.25, 238.5
  4.44,  154.6,   -7.38, 238.5
  4.46,  155.4,   -7.50, 238.5
  4.48,  156.1,   -7.50, 238.5
  4.50,  156.9,   -7.63, 238.5
  4.52,  157.7,   -7.75, 238.5
  4.54,  158.5,   -7.88, 238.5
  4.56,  159.3,   -7.88, 238.5
  4.58,  160.1,   -8.00, 238.5
  4.60,  160.9,   -8.00, 238.5
  4.62,  161.7,   -8.13, 238.5
  4.64,  162.5,   -8.00, 238.5
  4.66,  163.3,   -8.13, 238.5
  4.68,  164.1,   -8.13, 238.5
  4.70,  164.9,   -8.00, 238.5
  4.72,  165.7,   -8.13, 238.5
  4.74,  166.5,   -8.00, 238.5
  4.76,  167.4,   -8.13, 238.5
  4.78,  168.2,   -8.00, 238.5
  4.80,  169.0,   -8.00, 238.5
  4.82,  169.8,   -8.00, 238.5
  4.84,  170.6,   -8.00, 238.5
  4.86,  171.4,   -8.00, 238.5
  4.88,  172.2,   -7.88, 238.5
  4.90,  173.0,   -7.88, 238.5
  4.92,  173.8,   -7.75, 238.5
  4.94,  174.5,   -7.75, 238.5
  4.96,  175.3,   -7.50, 238.5
  4.98,  176.0,   -7.50, 238.5
  5.00,  176.8,   -7.25, 238.5
  5.02,  177.5,   -7.25, 238.5
  5.04,  178.2,   -7.25, 238.5
  5.06,  179.0,   -7.13, 238.5
  5.08,  179.7,   -7.00, 238.5
  5.10,  180.4,   -6.75, 238.5
  5.12,  181.1,   -6.75, 238.5
  5.14,  181.8,   -6.75, 238.5
  5.16,  182.4,   -6.75, 238.5
  5.18,  183.0,   -6.38, 238.5
  5.20,  183.8,   -6.38, 238.5
  5.22,  184.4,   -6.50, 238.5
  5.24,  185.0,   -6.38, 238.5
  5.26,  185.6,   -6.13, 238.5
  5.28,  186.2,   -6.00, 238.5
  5.30,  186.8,   -6.25, 238.5
  5.32,  187.4,   -6.13, 238.5
  5.34,  188.0,   -6.00, 238.5
  5.36,  188.6,   -5.88, 238.5
  5.38,  189.3,   -6.00, 238.5
  5.40,  189.8,   -6.00, 238.5
  5.42,  190.5,   -5.75, 238.5
  5.44,  191.0,   -6.00, 238.5
  5.46,  191.6,   -6.00, 238.5
  5.48,  192.2,   -6.00, 238.5
  5.50,  192.7,   -5.88, 238.5
  5.52,  193.4,   -6.00, 238.5
  5.54,  193.9,   -6.25, 238.5
  5.56,  194.5,   -6.38, 238.5
  5.58,  195.1,   -6.38, 238.5
  5.60,  195.8,   -6.25, 238.5
  5.62,  196.4,   -6.38, 238.5
  5.64,  197.0,   -6.38, 238.5
  5.66,  197.7,   -6.63, 238.5
  5.68,  198.3,   -6.75, 238.5
  5.70,  199.0,   -6.88, 238.5
  5.72,  199.6,   -6.75, 238.5
  5.74,  200.2,   -6.88, 238.5
  5.76,  200.9,   -7.00, 238.5
  5.78,  201.6,   -7.00, 238.5
  5.80,  202.2,   -7.38, 238.5
  5.82,  203.0,   -7.38, 238.5
  5.84,  203.7,   -7.63, 238.5
  5.86,  204.4,   -7.63, 238.5
  5.88,  205.2,   -7.88, 238.5
  5.90,  205.9,   -7.88, 238.5
  5.92,  206.6,   -8.00, 238.5
  5.94,  207.4,   -8.13, 238.5
  5.96,  208.2,   -8.13, 238.5
  5.98,  208.9,   -8.38, 238.5
  6.00,  209.7,   -8.38, 238.5
  6.02,  210.5,   -8.50, 238.5
  6.04,  211.3,   -8.50, 238.5
  6.06,  212.1,   -8.63, 238.5
  6.08,  212.9,   -8.63, 238.5
  6.10,  213.7,   -8.63, 238.5
  6.12,  214.5,   -8.75, 238.5
  6.14,  215.3,   -8.63, 238.5
  6.16,  216.2,   -8.75, 238.5
  6.18,  217.0,   -8.63, 238.5
  6.20,  217.8,   -8.75, 238.5
  6.22,  218.6,   -8.63, 238.5
  6.24,  219.5,   -8.75, 238.5
  6.26,  220.3,   -8.63, 238.5
  6.28,  221.1,   -8.63, 238.5
  6.30,  221.9,   -8.63, 238.5
  6.32,  222.7,   -8.63, 238.5
  6.34,  223.4,   -8.63, 238.5
  6.36,  224.2,   -8.50, 238.5
  6.38,  225.0,   -8.63, 238.5
  6.40,  225.8,   -8.50, 238.5
  6.42,  226.6,   -8.38, 238.5
  6.44,  227.4,   -8.25, 238.5
  6.46,  228.1,   -8.00, 238.5
  6.48,  228.9,   -7.88, 238.5
  6.50,  229.6,   -7.88, 238.5
  6.52,  230.4,   -7.88, 238.5
  6.54,  231.0,   -7.75, 238.5
  6.56,  231.8,   -7.75, 238.5
  6.58,  232.4,   -7.50, 238.5
  6.60,  233.1,   -7.50, 238.5
  6.62,  233.7,   -7.50, 238.5
  6.64,  234.4,   -7.50, 238.5
  6.66,  235.1,   -7.38, 238.5
  6.68,  235.8,   -7.13, 238.5
  6.70,  236.4,   -7.13, 238.5
  6.72,  237.1,   -7.00, 238.5
  6.74,  237.7,   -6.88, 238.5
  6.76,  238.4,   -6.63, 238.5
  6.78,  239.0,   -6.75, 238.5
  6.80,  239.6,   -6.88, 238.5
  6.82,  240.1,   -6.63, 238.5
  6.84,  240.8,   -6.63, 238.5
  6.86,  241.4,   -6.75, 238.5
  6.88,  242.0,   -6.88, 238.5
  6.90,  242.5,   -6.88, 238.5
  6.92,  243.1,   -6.75, 238.5
  6.94,  243.7,   -6.75, 238.5
  6.96,  244.4,   -6.88, 238.5
  6.98,  244.9,   -6.88, 238.5
  7.00,  245.6,   -6.63, 238.5
  7.02,  246.2,   -6.75, 238.5
  7.04,  246.8,   -6.75, 238.5
  7.06,  247.4,   -7.00, 238.5
  7.08,  248.0,   -7.00, 238.5
  7.10,  248.6,   -7.13, 238.5
  7.12,  249.2,   -7.13, 238.5
  7.14,  249.8,   -7.25, 238.5
  7.16,  250.4,   -7.50, 238.5
  7.18,  251.1,   -7.50, 238.5
  7.20,  251.8,   -7.88, 238.5
  7.22,  252.4,   -7.88, 238.5
  7.24,  253.2,   -8.00, 238.5
  7.26,  253.9,   -8.00, 238.5
  7.28,  254.5,   -8.00, 238.5
  7.30,  255.2,   -8.00, 238.5
  7.32,  256.0,   -8.00, 238.5
  7.34,  256.8,   -8.25, 238.5
  7.36,  257.4,   -8.25, 238.5
  7.38,  258.2,   -8.50, 238.5
  7.40,  258.9,   -8.63, 238.5
  7.42,  259.6,   -8.88, 238.5
  7.44,  260.4,   -8.88, 238.5
  7.46,  261.2,   -9.00, 238.5
  7.48,  262.0,   -9.13, 238.5
  7.50,  262.8,   -9.13, 238.5
  7.52,  263.6,   -9.25, 238.5
  7.54,  264.4,   -9.25, 238.5
  7.56,  265.2,   -9.25, 238.5
  7.58,  266.0,   -9.25, 238.5
  7.60,  266.9,   -9.38, 220.8
  7.62,  267.7,   -9.38, 220.8
  7.64,  268.5,   -9.38, 220.8
  7.66,  269.3,   -9.50, 220.8
  7.68,  270.1,   -9.50, 220.8
  7.70,  270.9,   -9.63, 220.8
  7.72,  271.8,   -9.63, 220.8
  7.74,  272.6,   -9.63, 220.8
  7.76,  273.4,   -9.50, 220.8
  7.78,  274.2,   -9.38, 220.8
  7.80,  275.0,   -9.38, 220.8
  7.82,  275.8,   -9.13, 220.8
  7.84,  276.6,   -9.13, 220.8
  7.86,  277.4,   -9.00, 220.8
  7.88,  278.2,   -9.00, 220.8
  7.90,  279.0,   -8.88, 220.8
  7.92,  279.6,   -8.88, 220.8
  7.94,  280.4,   -9.00, 220.8
  7.96,  281.2,   -8.88, 220.8
  7.98,  282.0,   -8.88, 220.8
  8.00,  282.6,   -8.50, 220.8
  8.02,  283.3,   -8.50, 220.8
  8.04,  284.0,   -8.38, 220.8
  8.06,  284.8,   -8.38, 220.8
  8.08,  285.6,   -8.25, 220.8
  8.10,  286.2,   -8.00, 220.8
  8.12,  286.8,   -7.88, 220.8
  8.14,  287.6,   -7.88, 220.8
  8.16,  288.2,   -8.00, 220.8
  8.18,  288.8,   -7.75, 220.8
  8.20,  289.4,   -7.63, 220.8
  8.22,  290.0,   -7.63, 220.8
  8.24,  290.8,   -7.63, 220.8
  8.26,  291.2,   -7.63, 220.8
  8.28,  292.0,   -7.50, 220.8
  8.30,  292.6,   -7.50, 220.8
  8.32,  293.2,   -7.50, 220.8
  8.34,  293.8,   -7.50, 220.8
  8.36,  294.4,   -7.38, 220.8
  8.38,  295.0,   -7.38, 220.8
  8.40,  295.6,   -7.50, 220.8
  8.42,  296.2,   -7.50, 220.8
  8.44,  296.8,   -7.50, 220.8
  8.46,  297.4,   -7.38, 220.8
  8.48,  298.0,   -7.50, 220.8
  8.50,  298.6,   -7.63, 220.8
  8.52,  299.2,   -7.75, 220.8
  8.54,  299.8,   -7.63, 220.8
  8.56,  300.4,   -7.63, 220.8
  8.58,  301.2,   -7.88, 220.8
  8.60,  301.6,   -7.88, 220.8
  8.62,  302.4,   -8.13, 220.8
  8.64,  303.0,   -8.13, 220.8
  8.66,  303.6,   -8.25, 220.8
  8.68,  304.4,   -8.13, 220.8
  8.70,  305.0,   -8.38, 220.8
  8.72,  305.7,   -8.38, 220.8
  8.74,  306.4,   -8.50, 220.8
  8.76,  307.1,   -8.75, 220.8
  8.78,  307.8,   -8.75, 220.8
  8.80,  308.4,   -8.88, 220.8
  8.82,  309.2,   -9.00, 220.8
  8.84,  310.0,   -9.13, 220.8
  8.86,  310.8,   -9.13, 220.8
  8.88,  311.5,   -9.38, 220.8
  8.90,  312.2,   -9.50, 220.8
  8.92,  313.0,   -9.50, 220.8
  8.94,  313.8,   -9.63, 220.8
  8.96,  314.6,   -9.63, 220.8
  8.98,  315.4,   -9.75, 220.8
  9.00,  316.1,   -9.75, 220.8
  9.02,  316.9,   -9.88, 220.8
  9.04,  317.7,  -10.00, 220.8
  9.06,  318.5,  -10.00, 220.8
  9.08,  319.3,  -10.00, 220.8
  9.10,  320.1,  -10.00, 220.8
  9.12,  321.0,  -10.13, 220.8
  9.14,  321.8,  -10.00, 220.8
  9.16,  322.7,  -10.13, 220.8
  9.18,  323.5,  -10.00, 220.8
  9.20,  324.4,  -10.00, 220.8
  9.22,  325.2,  -10.13, 220.8
  9.24,  326.0,  -10.00, 220.8
  9.26,  326.8,  -10.00, 220.8
  9.28,  327.6,   -9.88, 220.8
  9.30,  328.4,   -9.88, 220.8
  9.32,  329.2,   -9.88, 220.8
  9.34,  330.0,   -9.75, 220.8
  9.36,  330.7,   -9.88, 220.8
  9.38,  331.4,   -9.75, 220.8
  9.40,  332.2,   -9.75, 220.8
  9.42,  333.0,   -9.63, 220.8
  9.44,  333.7,   -9.50, 220.8
  9.46,  334.4,   -9.25, 220.8
  9.48,  335.2,   -9.25, 220.8
  9.50,  336.0,   -9.13, 220.8
  9.52,  336.8,   -9.13, 220.8
  9.54,  337.4,   -9.13, 220.8
  9.56,  338.0,   -8.88, 220.8
  9.58,  338.8,   -8.88, 220.8
  9.60,  339.4,   -8.75, 220.8
  9.62,  340.0,   -8.75, 220.8
  9.64,  340.8,   -8.75, 220.8
  9.66,  341.4,   -8.50, 220.8
  9.68,  342.0,   -8.38, 220.8
  9.70,  342.8,   -8.38, 220.8
  9.72,  343.4,   -8.50, 220.8
  9.74,  344.0,   -8.25, 220.8
  9.76,  344.7,   -8.13, 220.8
  9.78,  345.3,   -8.13, 220.8
  9.80,  346.0,   -8.25, 220.8
  9.82,  346.5,   -8.25, 220.8
  9.84,  347.2,   -8.00, 220.8
  9.86,  347.8,   -8.13, 220.8
  9.88,  348.4,   -8.25, 220.8
  9.90,  348.9,   -8.25, 220.8
  9.92,  349.6,   -8.13, 220.8
  9.94,  350.2,   -8.00, 220.8
  9.96,  350.8,   -8.25, 220.8
  9.98,  351.4,   -8.38, 220.8
 10.00,  352.0,   -8.38, 216.4
 10.02,  352.6,   -8.38, 216.4
 10.04,  353.3,   -8.38, 216.4
 10.06,  354.0,   -8.38, 216.4
 10.08,  354.6,   -8.63, 216.4
 10.10,  355.2,   -8.75, 216.4
 10.12,  355.8,   -8.88, 216.4
 10.14,  356.4,   -9.00, 216.4
 10.16,  357.2,   -8.88, 216.4
 10.18,  357.8,   -9.00, 216.4
 10.20,  358.4,   -9.00, 216.4
 10.22,  359.2,   -9.13, 216.4
 10.24,  359.8,   -9.25, 216.4
 10.26,  360.6,   -9.38, 216.4
 10.28,  361.3,   -9.50, 216.4
 10.30,  362.0,   -9.50, 216.4
 10.32,  362.8,   -9.75, 216.4
 10.34,  363.6,   -9.88, 216.4
 10.36,  364.3,  -10.13, 216.4
 10.38,  365.0,  -10.13, 216.4
 10.40,  365.8,  -10.25, 216.4
 10.42,  366.6,  -10.25, 216.4
 10.44,  367.3,  -10.25, 216.4
 10.46,  368.0,  -10.38, 216.4
 10.48,  368.8,  -10.38, 216.4
 10.50,  369.6,  -10.50, 216.4
 10.52,  370.4,  -10.50, 216.4
 10.54,  371.3,  -10.50, 216.4
 10.56,  372.2,  -10.63, 216.4
 10.58,  373.0,  -10.63, 216.4
 10.60,  373.8,  -10.75, 216.4
 10.62,  374.6,  -10.63, 216.4
 10.64,  375.4,  -10.75, 216.4
 10.66,  376.2,  -10.63, 216.4
 10.68,  377.0,  -10.63, 216.4
 10.70,  377.8,  -10.75, 216.4
 10.72,  378.6,  -10.63, 216.4
 10.74,  379.4,  -10.63, 216.4
 10.76,  380.2,  -10.50, 216.4
 10.78,  381.0,  -10.63, 216.4
===============================
Changed Angle: -4.38
Elapsed Time : 10.28
Disk R.P.M   : 0
===============================
2018-04-13. ¿ÀÈÄ 12:41:12.

